they 0.05405405405405406 0.28061224489795916 0.015168229453943739
rowdy 0.013513513513513514 0.00510204081632653 6.894649751792608e-05
they 0.05405405405405406 0.28061224489795916 0.015168229453943739
ragtag 0.013513513513513514 0.00510204081632653 6.894649751792608e-05
they 0.05405405405405406 0.28061224489795916 0.015168229453943739
misfits 0.013513513513513514 0.00510204081632653 6.894649751792608e-05
turned 0.013513513513513514 0.04081632653061224 0.0005515719801434087
mercenaries 0.013513513513513514 0.01020408163265306 0.00013789299503585216
for 0.013513513513513514 0.3877551020408163 0.005239933811362383
hire 0.013513513513513514 0.00510204081632653 6.894649751792608e-05
vox 0.013513513513513514 0.00510204081632653 6.894649751792608e-05
machina 0.013513513513513514 0.00510204081632653 6.894649751792608e-05
is 0.04054054054054054 0.5663265306122449 0.02295918367346939
more 0.013513513513513514 0.08163265306122448 0.0011031439602868173
interested 0.013513513513513514 0.015306122448979591 0.00020683949255377828
in 0.013513513513513514 0.7346938775510204 0.009928295642581358
easy 0.013513513513513514 0.00510204081632653 6.894649751792608e-05
money 0.013513513513513514 0.030612244897959183 0.00041367898510755657
and 0.013513513513513514 0.8571428571428571 0.011583011583011582
cheap 0.013513513513513514 0.00510204081632653 6.894649751792608e-05
ale 0.013513513513513514 0.00510204081632653 6.894649751792608e-05
actually 0.013513513513513514 0.02040816326530612 0.0002757859900717043
protecting 0.013513513513513514 0.00510204081632653 6.894649751792608e-05
the 0.05405405405405406 0.9540816326530612 0.05157198014340872
realm 0.013513513513513514 0.00510204081632653 6.894649751792608e-05
but 0.013513513513513514 0.3112244897959184 0.004205736348593492
when 0.013513513513513514 0.27040816326530615 0.003654164368450083
the 0.05405405405405406 0.9540816326530612 0.05157198014340872
kingdom 0.013513513513513514 0.01020408163265306 0.00013789299503585216
is 0.04054054054054054 0.5663265306122449 0.02295918367346939
threatened 0.013513513513513514 0.015306122448979591 0.00020683949255377828
by 0.013513513513513514 0.33163265306122447 0.004481522338665196
evil 0.013513513513513514 0.03571428571428571 0.00048262548262548264
this 0.013513513513513514 0.17346938775510204 0.002344180915609487
boisterous 0.013513513513513514 0.00510204081632653 6.894649751792608e-05
crew 0.013513513513513514 0.015306122448979591 0.00020683949255377828
realizes 0.013513513513513514 0.025510204081632654 0.00034473248758963045
that 0.013513513513513514 0.40816326530612246 0.005515719801434087
they 0.05405405405405406 0.28061224489795916 0.015168229453943739
the 0.05405405405405406 0.9540816326530612 0.05157198014340872
ones 0.013513513513513514 0.025510204081632654 0.00034473248758963045
capable 0.013513513513513514 0.015306122448979591 0.00020683949255377828
restoring 0.013513513513513514 0.00510204081632653 6.894649751792608e-05
justice 0.013513513513513514 0.01020408163265306 0.00013789299503585216
what 0.013513513513513514 0.1377551020408163 0.0018615554329840043
began 0.013513513513513514 0.01020408163265306 0.00013789299503585216
as 0.013513513513513514 0.3469387755102041 0.004688361831218974
a 0.013513513513513514 0.8826530612244898 0.011927744070601215
simple 0.013513513513513514 0.025510204081632654 0.00034473248758963045
payday 0.013513513513513514 0.00510204081632653 6.894649751792608e-05
is 0.04054054054054054 0.5663265306122449 0.02295918367346939
now 0.013513513513513514 0.07653061224489796 0.0010341974627688915
the 0.05405405405405406 0.9540816326530612 0.05157198014340872
origin 0.013513513513513514 0.00510204081632653 6.894649751792608e-05
story 0.013513513513513514 0.12755102040816327 0.0017236624379481523
behind 0.013513513513513514 0.05612244897959184 0.000758411472697187
exandria 0.013513513513513514 0.00510204081632653 6.894649751792608e-05
newest 0.013513513513513514 0.00510204081632653 6.894649751792608e-05
heroes 0.013513513513513514 0.02040816326530612 0.0002757859900717043
