in 0.021739130434782608 0.7346938775510204 0.015971606033717837
the 0.07608695652173914 0.9540816326530612 0.07259316770186336
midst 0.010869565217391304 0.01020408163265306 0.00011091393078970718
the 0.07608695652173914 0.9540816326530612 0.07259316770186336
wedding 0.010869565217391304 0.02040816326530612 0.00022182786157941436
princess 0.010869565217391304 0.015306122448979591 0.00016637089618456077
miroslava 0.021739130434782608 0.00510204081632653 0.00011091393078970718
is 0.043478260869565216 0.5663265306122449 0.024622892635314995
kidnapped 0.010869565217391304 0.00510204081632653 5.545696539485359e-05
by 0.010869565217391304 0.33163265306122447 0.0036047027506654833
a 0.043478260869565216 0.8826530612244898 0.03837622005323869
dragon 0.021739130434782608 0.01020408163265306 0.00022182786157941436
and 0.043478260869565216 0.8571428571428571 0.03726708074534161
carried 0.010869565217391304 0.01020408163265306 0.00011091393078970718
away 0.010869565217391304 0.04081632653061224 0.0004436557231588287
his 0.010869565217391304 0.44387755102040816 0.0048247559893522625
castle 0.010869565217391304 0.00510204081632653 5.545696539485359e-05
on 0.021739130434782608 0.3520408163265306 0.007653061224489796
the 0.07608695652173914 0.9540816326530612 0.07259316770186336
remote 0.010869565217391304 0.015306122448979591 0.00016637089618456077
island 0.021739130434782608 0.02040816326530612 0.0004436557231588287
mira 0.010869565217391304 0.00510204081632653 5.545696539485359e-05
left 0.010869565217391304 0.04081632653061224 0.0004436557231588287
everything 0.010869565217391304 0.025510204081632654 0.00027728482697426796
behind 0.010869565217391304 0.05612244897959184 0.0006100266193433895
in 0.021739130434782608 0.7346938775510204 0.015971606033717837
the 0.07608695652173914 0.9540816326530612 0.07259316770186336
past 0.010869565217391304 0.04591836734693878 0.0004991126885536824
family 0.010869565217391304 0.22448979591836735 0.002440106477373558
friends 0.010869565217391304 0.05102040816326531 0.0005545696539485359
and 0.043478260869565216 0.8571428571428571 0.03726708074534161
groom 0.010869565217391304 0.00510204081632653 5.545696539485359e-05
now 0.010869565217391304 0.07653061224489796 0.0008318544809228039
the 0.07608695652173914 0.9540816326530612 0.07259316770186336
things 0.010869565217391304 0.04081632653061224 0.0004436557231588287
she 0.010869565217391304 0.19387755102040816 0.0021073646850044364
a 0.043478260869565216 0.8826530612244898 0.03837622005323869
stone 0.010869565217391304 0.01020408163265306 0.00011091393078970718
cage 0.010869565217391304 0.00510204081632653 5.545696539485359e-05
and 0.043478260869565216 0.8571428571428571 0.03726708074534161
a 0.043478260869565216 0.8826530612244898 0.03837622005323869
mysterious 0.010869565217391304 0.08673469387755102 0.0009427684117125111
young 0.010869565217391304 0.15816326530612246 0.0017191659272404614
man 0.010869565217391304 0.12755102040816327 0.0013864241348713398
named 0.010869565217391304 0.03571428571428571 0.00038819875776397513
arman 0.010869565217391304 0.00510204081632653 5.545696539485359e-05
but 0.010869565217391304 0.3112244897959184 0.003382874889086069
who 0.010869565217391304 0.39285714285714285 0.004270186335403726
is 0.043478260869565216 0.5663265306122449 0.024622892635314995
he 0.021739130434782608 0.34183673469387754 0.007431233362910381
and 0.043478260869565216 0.8571428571428571 0.03726708074534161
what 0.010869565217391304 0.1377551020408163 0.0014973380656610469
is 0.043478260869565216 0.5663265306122449 0.024622892635314995
he 0.021739130434782608 0.34183673469387754 0.007431233362910381
on 0.021739130434782608 0.3520408163265306 0.007653061224489796
that 0.010869565217391304 0.40816326530612246 0.0044365572315882874
island 0.021739130434782608 0.02040816326530612 0.0004436557231588287
miroslava 0.021739130434782608 0.00510204081632653 0.00011091393078970718
will 0.021739130434782608 0.1989795918367347 0.00432564330079858
know 0.010869565217391304 0.07142857142857142 0.0007763975155279503
the 0.07608695652173914 0.9540816326530612 0.07259316770186336
truth 0.021739130434782608 0.04081632653061224 0.0008873114463176574
late 0.010869565217391304 0.02040816326530612 0.00022182786157941436
loving 0.010869565217391304 0.00510204081632653 5.545696539485359e-05
a 0.043478260869565216 0.8826530612244898 0.03837622005323869
dragon 0.021739130434782608 0.01020408163265306 0.00022182786157941436
will 0.021739130434782608 0.1989795918367347 0.00432564330079858
reveal 0.010869565217391304 0.00510204081632653 5.545696539485359e-05
the 0.07608695652173914 0.9540816326530612 0.07259316770186336
bitter 0.010869565217391304 0.01020408163265306 0.00011091393078970718
truth 0.021739130434782608 0.04081632653061224 0.0008873114463176574
love 0.010869565217391304 0.09183673469387756 0.0009982253771073648
is 0.043478260869565216 0.5663265306122449 0.024622892635314995
scary 0.010869565217391304 0.00510204081632653 5.545696539485359e-05
akhmadulla 0.010869565217391304 0.00510204081632653 5.545696539485359e-05
