paris 0.010101010101010102 0.04591836734693878 0.000463821892393321
is 0.050505050505050504 0.5663265306122449 0.02860235003092146
starving 0.010101010101010102 0.00510204081632653 5.1535765821480104e-05
but 0.010101010101010102 0.3112244897959184 0.003143681715110287
the 0.030303030303030304 0.9540816326530612 0.02891156462585034
king 0.030303030303030304 0.030612244897959183 0.0009276437847866419
france 0.010101010101010102 0.030612244897959183 0.00030921459492888067
is 0.050505050505050504 0.5663265306122449 0.02860235003092146
more 0.010101010101010102 0.08163265306122448 0.0008245722531436817
interested 0.010101010101010102 0.015306122448979591 0.00015460729746444033
in 0.010101010101010102 0.7346938775510204 0.007421150278293136
money 0.010101010101010102 0.030612244897959183 0.00030921459492888067
and 0.020202020202020204 0.8571428571428571 0.017316017316017316
bedding 0.010101010101010102 0.00510204081632653 5.1535765821480104e-05
women 0.010101010101010102 0.061224489795918366 0.0006184291898577613
when 0.010101010101010102 0.27040816326530615 0.002731395588538446
a 0.050505050505050504 0.8826530612244898 0.04457843743558029
young 0.010101010101010102 0.15816326530612246 0.0015976087404658836
soldier 0.010101010101010102 0.01020408163265306 0.00010307153164296021
dies 0.010101010101010102 0.01020408163265306 0.00010307153164296021
for 0.030303030303030304 0.3877551020408163 0.011750154607297465
the 0.030303030303030304 0.9540816326530612 0.02891156462585034
sake 0.010101010101010102 0.015306122448979591 0.00015460729746444033
a 0.050505050505050504 0.8826530612244898 0.04457843743558029
shag 0.010101010101010102 0.00510204081632653 5.1535765821480104e-05
aramis 0.010101010101010102 0.00510204081632653 5.1535765821480104e-05
athos 0.010101010101010102 0.00510204081632653 5.1535765821480104e-05
and 0.020202020202020204 0.8571428571428571 0.017316017316017316
porthos 0.010101010101010102 0.00510204081632653 5.1535765821480104e-05
band 0.010101010101010102 0.02040816326530612 0.00020614306328592042
together 0.010101010101010102 0.05612244897959184 0.0005668934240362812
with 0.010101010101010102 0.4387755102040816 0.004432075860647289
a 0.050505050505050504 0.8826530612244898 0.04457843743558029
plan 0.010101010101010102 0.02040816326530612 0.00020614306328592042
to 0.020202020202020204 0.7806122448979592 0.015769944341372914
replace 0.010101010101010102 0.00510204081632653 5.1535765821480104e-05
the 0.030303030303030304 0.9540816326530612 0.02891156462585034
king 0.030303030303030304 0.030612244897959183 0.0009276437847866419
unknown 0.010101010101010102 0.02040816326530612 0.00020614306328592042
to 0.020202020202020204 0.7806122448979592 0.015769944341372914
many 0.010101010101010102 0.02040816326530612 0.00020614306328592042
there 0.010101010101010102 0.08163265306122448 0.0008245722531436817
is 0.050505050505050504 0.5663265306122449 0.02860235003092146
a 0.050505050505050504 0.8826530612244898 0.04457843743558029
king 0.030303030303030304 0.030612244897959183 0.0009276437847866419
a 0.050505050505050504 0.8826530612244898 0.04457843743558029
twin 0.010101010101010102 0.00510204081632653 5.1535765821480104e-05
hidden 0.010101010101010102 0.030612244897959183 0.00030921459492888067
at 0.010101010101010102 0.23469387755102042 0.002370645227788085
birth 0.010101010101010102 0.025510204081632654 0.0002576788291074006
then 0.010101010101010102 0.05612244897959184 0.0005668934240362812
imprisoned 0.010101010101010102 0.00510204081632653 5.1535765821480104e-05
for 0.030303030303030304 0.3877551020408163 0.011750154607297465
years 0.010101010101010102 0.12244897959183673 0.0012368583797155227
behind 0.010101010101010102 0.05612244897959184 0.0005668934240362812
an 0.010101010101010102 0.3622448979591837 0.003659039373325088
iron 0.010101010101010102 0.00510204081632653 5.1535765821480104e-05
mask 0.010101010101010102 0.01020408163265306 0.00010307153164296021
all 0.010101010101010102 0.17346938775510204 0.0017522160379303238
that 0.010101010101010102 0.40816326530612246 0.004122861265718409
remains 0.010101010101010102 0.015306122448979591 0.00015460729746444033
now 0.010101010101010102 0.07653061224489796 0.0007730364873222016
is 0.050505050505050504 0.5663265306122449 0.02860235003092146
will 0.010101010101010102 0.1989795918367347 0.0020098948670377245
he 0.010101010101010102 0.34183673469387754 0.0034528963100391675
stand 0.010101010101010102 0.02040816326530612 0.00020614306328592042
his 0.020202020202020204 0.44387755102040816 0.008967223252937539
long 0.010101010101010102 0.05612244897959184 0.0005668934240362812
time 0.010101010101010102 0.14795918367346939 0.0014945372088229231
friends 0.010101010101010102 0.05102040816326531 0.0005153576582148012
or 0.010101010101010102 0.09183673469387756 0.000927643784786642
what 0.010101010101010102 0.1377551020408163 0.0013914656771799629
is 0.050505050505050504 0.5663265306122449 0.02860235003092146
best 0.010101010101010102 0.03571428571428571 0.00036075036075036075
for 0.030303030303030304 0.3877551020408163 0.011750154607297465
his 0.020202020202020204 0.44387755102040816 0.008967223252937539
country 0.010101010101010102 0.015306122448979591 0.00015460729746444033
dicaprio 0.010101010101010102 0.01020408163265306 0.00010307153164296021
