still 0.005494505494505495 0.02040816326530612 0.00011213276519398969
untarnished 0.005494505494505495 0.00510204081632653 2.8033191298497423e-05
by 0.005494505494505495 0.33163265306122447 0.0018221574344023325
the 0.07692307692307693 0.9540816326530612 0.07339089481946626
false 0.005494505494505495 0.01020408163265306 5.6066382596994845e-05
promises 0.005494505494505495 0.025510204081632654 0.0001401659564924871
the 0.07692307692307693 0.9540816326530612 0.07339089481946626
rapacious 0.005494505494505495 0.00510204081632653 2.8033191298497423e-05
film 0.005494505494505495 0.061224489795918366 0.00033639829558196907
industry 0.005494505494505495 0.015306122448979591 8.409957389549227e-05
the 0.07692307692307693 0.9540816326530612 0.07339089481946626
actress 0.005494505494505495 0.025510204081632654 0.0001401659564924871
betty 0.01098901098901099 0.00510204081632653 5.6066382596994845e-05
sets 0.005494505494505495 0.05612244897959184 0.0003083651042834717
foot 0.005494505494505495 0.00510204081632653 2.8033191298497423e-05
on 0.005494505494505495 0.3520408163265306 0.0019342901995963223
bustling 0.005494505494505495 0.00510204081632653 2.8033191298497423e-05
hollywood 0.005494505494505495 0.00510204081632653 2.8033191298497423e-05
brimming 0.005494505494505495 0.00510204081632653 2.8033191298497423e-05
with 0.016483516483516484 0.4387755102040816 0.007232563355012335
hope 0.005494505494505495 0.030612244897959183 0.00016819914779098454
and 0.038461538461538464 0.8571428571428571 0.03296703296703297
eager 0.005494505494505495 0.01020408163265306 5.6066382596994845e-05
to 0.016483516483516484 0.7806122448979592 0.012867234806010317
spread 0.005494505494505495 0.01020408163265306 5.6066382596994845e-05
her 0.02197802197802198 0.2755102040816326 0.006055169320475443
wings 0.005494505494505495 0.00510204081632653 2.8033191298497423e-05
and 0.038461538461538464 0.8571428571428571 0.03296703296703297
prove 0.005494505494505495 0.01020408163265306 5.6066382596994845e-05
her 0.02197802197802198 0.2755102040816326 0.006055169320475443
worth 0.005494505494505495 0.01020408163265306 5.6066382596994845e-05
betty 0.01098901098901099 0.00510204081632653 5.6066382596994845e-05
moves 0.005494505494505495 0.030612244897959183 0.00016819914779098454
in 0.016483516483516484 0.7346938775510204 0.012110338640950886
aunt 0.005494505494505495 0.01020408163265306 5.6066382596994845e-05
ruth 0.005494505494505495 0.00510204081632653 2.8033191298497423e-05
expensive 0.005494505494505495 0.00510204081632653 2.8033191298497423e-05
apartment 0.005494505494505495 0.02040816326530612 0.00011213276519398969
unbeknownst 0.005494505494505495 0.01020408163265306 5.6066382596994845e-05
to 0.016483516483516484 0.7806122448979592 0.012867234806010317
her 0.02197802197802198 0.2755102040816326 0.006055169320475443
however 0.005494505494505495 0.04081632653061224 0.00022426553038797938
that 0.005494505494505495 0.40816326530612246 0.002242655303879794
fate 0.005494505494505495 0.015306122448979591 8.409957389549227e-05
plans 0.005494505494505495 0.015306122448979591 8.409957389549227e-05
in 0.016483516483516484 0.7346938775510204 0.012110338640950886
store 0.005494505494505495 0.00510204081632653 2.8033191298497423e-05
for 0.01098901098901099 0.3877551020408163 0.004261045077371608
her 0.02197802197802198 0.2755102040816326 0.006055169320475443
setting 0.005494505494505495 0.00510204081632653 2.8033191298497423e-05
the 0.07692307692307693 0.9540816326530612 0.07339089481946626
stage 0.005494505494505495 0.025510204081632654 0.0001401659564924871
for 0.01098901098901099 0.3877551020408163 0.004261045077371608
experiences 0.005494505494505495 0.00510204081632653 2.8033191298497423e-05
with 0.016483516483516484 0.4387755102040816 0.007232563355012335
the 0.07692307692307693 0.9540816326530612 0.07339089481946626
unexpected 0.005494505494505495 0.025510204081632654 0.0001401659564924871
the 0.07692307692307693 0.9540816326530612 0.07339089481946626
indecipherable 0.005494505494505495 0.00510204081632653 2.8033191298497423e-05
and 0.038461538461538464 0.8571428571428571 0.03296703296703297
the 0.07692307692307693 0.9540816326530612 0.07339089481946626
unknown 0.005494505494505495 0.02040816326530612 0.00011213276519398969
now 0.005494505494505495 0.07653061224489796 0.00042049786947746137
in 0.016483516483516484 0.7346938775510204 0.012110338640950886
the 0.07692307692307693 0.9540816326530612 0.07339089481946626
centre 0.005494505494505495 0.00510204081632653 2.8033191298497423e-05
an 0.01098901098901099 0.3622448979591837 0.003980713164386634
elaborate 0.005494505494505495 0.00510204081632653 2.8033191298497423e-05
labyrinth 0.005494505494505495 0.00510204081632653 2.8033191298497423e-05
faded 0.005494505494505495 0.00510204081632653 2.8033191298497423e-05
memories 0.005494505494505495 0.015306122448979591 8.409957389549227e-05
unrequited 0.005494505494505495 0.00510204081632653 2.8033191298497423e-05
loves 0.005494505494505495 0.02040816326530612 0.00011213276519398969
and 0.038461538461538464 0.8571428571428571 0.03296703296703297
dangerous 0.005494505494505495 0.04591836734693878 0.00025229872168647683
encounters 0.005494505494505495 0.02040816326530612 0.00011213276519398969
with 0.016483516483516484 0.4387755102040816 0.007232563355012335
the 0.07692307692307693 0.9540816326530612 0.07339089481946626
city 0.005494505494505495 0.09183673469387756 0.0005045974433729537
ugly 0.005494505494505495 0.01020408163265306 5.6066382596994845e-05
face 0.005494505494505495 0.025510204081632654 0.0001401659564924871
lies 0.005494505494505495 0.01020408163265306 5.6066382596994845e-05
a 0.01098901098901099 0.8826530612244898 0.009699484189280108
strange 0.005494505494505495 0.03571428571428571 0.00019623233908948196
key 0.005494505494505495 0.015306122448979591 8.409957389549227e-05
to 0.016483516483516484 0.7806122448979592 0.012867234806010317
a 0.01098901098901099 0.8826530612244898 0.009699484189280108
mysterious 0.005494505494505495 0.08673469387755102 0.0004765642520744562
keyhole 0.005494505494505495 0.00510204081632653 2.8033191298497423e-05
an 0.01098901098901099 0.3622448979591837 0.003980713164386634
even 0.005494505494505495 0.07142857142857142 0.0003924646781789639
stranger 0.005494505494505495 0.015306122448979591 8.409957389549227e-05
cube 0.005494505494505495 0.00510204081632653 2.8033191298497423e-05
the 0.07692307692307693 0.9540816326530612 0.07339089481946626
young 0.005494505494505495 0.15816326530612246 0.0008690289302534202
director 0.005494505494505495 0.015306122448979591 8.409957389549227e-05
adam 0.005494505494505495 0.00510204081632653 2.8033191298497423e-05
and 0.038461538461538464 0.8571428571428571 0.03296703296703297
one 0.005494505494505495 0.18877551020408162 0.0010372280780444046
cryptic 0.005494505494505495 0.00510204081632653 2.8033191298497423e-05
woman 0.005494505494505495 0.07142857142857142 0.0003924646781789639
the 0.07692307692307693 0.9540816326530612 0.07339089481946626
amnesiac 0.005494505494505495 0.01020408163265306 5.6066382596994845e-05
brunette 0.005494505494505495 0.00510204081632653 2.8033191298497423e-05
and 0.038461538461538464 0.8571428571428571 0.03296703296703297
devilishly 0.005494505494505495 0.00510204081632653 2.8033191298497423e-05
seductive 0.005494505494505495 0.00510204081632653 2.8033191298497423e-05
survivor 0.005494505494505495 0.015306122448979591 8.409957389549227e-05
rita 0.01098901098901099 0.00510204081632653 5.6066382596994845e-05
but 0.005494505494505495 0.3112244897959184 0.001710024669208343
time 0.005494505494505495 0.14795918367346939 0.0008129625476564253
flies 0.005494505494505495 0.00510204081632653 2.8033191298497423e-05
and 0.038461538461538464 0.8571428571428571 0.03296703296703297
rita 0.01098901098901099 0.00510204081632653 5.6066382596994845e-05
opaque 0.005494505494505495 0.00510204081632653 2.8033191298497423e-05
past 0.005494505494505495 0.04591836734693878 0.00025229872168647683
demands 0.005494505494505495 0.00510204081632653 2.8033191298497423e-05
answers 0.005494505494505495 0.01020408163265306 5.6066382596994845e-05
after 0.005494505494505495 0.1989795918367347 0.0010932944606413995
all 0.005494505494505495 0.17346938775510204 0.0009531285041489124
women 0.005494505494505495 0.061224489795918366 0.00033639829558196907
deserve 0.005494505494505495 0.01020408163265306 5.6066382596994845e-05
the 0.07692307692307693 0.9540816326530612 0.07339089481946626
truth 0.005494505494505495 0.04081632653061224 0.00022426553038797938
what 0.005494505494505495 0.1377551020408163 0.0007568961650594304
is 0.005494505494505495 0.5663265306122449 0.003111684234133214
the 0.07692307692307693 0.9540816326530612 0.07339089481946626
secret 0.005494505494505495 0.061224489795918366 0.00033639829558196907
the 0.07692307692307693 0.9540816326530612 0.07339089481946626
serpentine 0.005494505494505495 0.00510204081632653 2.8033191298497423e-05
mulholland 0.005494505494505495 0.00510204081632653 2.8033191298497423e-05
drive 0.005494505494505495 0.015306122448979591 8.409957389549227e-05
riganas 0.005494505494505495 0.02040816326530612 0.00011213276519398969
