manu 0.03333333333333333 0.00510204081632653 0.00017006802721088434
a 0.1 0.8826530612244898 0.08826530612244898
bodybuilder 0.03333333333333333 0.00510204081632653 0.00017006802721088434
from 0.03333333333333333 0.3520408163265306 0.01173469387755102
chandigarh 0.03333333333333333 0.00510204081632653 0.00017006802721088434
falls 0.03333333333333333 0.03571428571428571 0.0011904761904761904
in 0.06666666666666667 0.7346938775510204 0.0489795918367347
love 0.06666666666666667 0.09183673469387756 0.006122448979591837
with 0.03333333333333333 0.4387755102040816 0.014625850340136054
maanvi 0.03333333333333333 0.00510204081632653 0.00017006802721088434
a 0.1 0.8826530612244898 0.08826530612244898
zumba 0.03333333333333333 0.00510204081632653 0.00017006802721088434
teacher 0.03333333333333333 0.030612244897959183 0.001020408163265306
all 0.03333333333333333 0.17346938775510204 0.005782312925170068
seems 0.03333333333333333 0.04591836734693878 0.0015306122448979593
well 0.03333333333333333 0.02040816326530612 0.0006802721088435374
a 0.1 0.8826530612244898 0.08826530612244898
shocking 0.03333333333333333 0.015306122448979591 0.000510204081632653
revelation 0.03333333333333333 0.01020408163265306 0.0003401360544217687
causes 0.03333333333333333 0.00510204081632653 0.00017006802721088434
turmoil 0.03333333333333333 0.00510204081632653 0.00017006802721088434
in 0.06666666666666667 0.7346938775510204 0.0489795918367347
their 0.03333333333333333 0.3520408163265306 0.01173469387755102
love 0.06666666666666667 0.09183673469387756 0.006122448979591837
story 0.03333333333333333 0.12755102040816327 0.004251700680272109
