a 0.07692307692307693 0.8826530612244898 0.06789638932496075
young 0.02564102564102564 0.15816326530612246 0.004055468341182627
scion 0.02564102564102564 0.01020408163265306 0.0002616431187859759
a 0.07692307692307693 0.8826530612244898 0.06789638932496075
conservative 0.02564102564102564 0.01020408163265306 0.0002616431187859759
family 0.02564102564102564 0.22448979591836735 0.0057561486132914706
embarks 0.02564102564102564 0.015306122448979591 0.00039246467817896386
on 0.02564102564102564 0.3520408163265306 0.00902668759811617
a 0.07692307692307693 0.8826530612244898 0.06789638932496075
mission 0.02564102564102564 0.07142857142857142 0.0018315018315018313
to 0.02564102564102564 0.7806122448979592 0.020015698587127158
infiltrate 0.02564102564102564 0.00510204081632653 0.00013082155939298794
the 0.02564102564102564 0.9540816326530612 0.024463631606488748
wealthy 0.02564102564102564 0.025510204081632654 0.0006541077969649398
neighboring 0.02564102564102564 0.00510204081632653 0.00013082155939298794
clan 0.02564102564102564 0.00510204081632653 0.00013082155939298794
dominated 0.02564102564102564 0.00510204081632653 0.00013082155939298794
by 0.02564102564102564 0.33163265306122447 0.008503401360544217
ruthless 0.02564102564102564 0.025510204081632654 0.0006541077969649398
railroad 0.02564102564102564 0.00510204081632653 0.00013082155939298794
tycoon 0.02564102564102564 0.01020408163265306 0.0002616431187859759
george 0.02564102564102564 0.00510204081632653 0.00013082155939298794
russell 0.02564102564102564 0.00510204081632653 0.00013082155939298794
his 0.05128205128205128 0.44387755102040816 0.022762951334379906
rakish 0.02564102564102564 0.00510204081632653 0.00013082155939298794
son 0.02564102564102564 0.08163265306122448 0.002093144950287807
larry 0.02564102564102564 0.00510204081632653 0.00013082155939298794
and 0.02564102564102564 0.8571428571428571 0.021978021978021976
his 0.05128205128205128 0.44387755102040816 0.022762951334379906
ambitious 0.02564102564102564 0.01020408163265306 0.0002616431187859759
wife 0.02564102564102564 0.05612244897959184 0.0014390371533228676
bertha 0.02564102564102564 0.00510204081632653 0.00013082155939298794
