after 0.021739130434782608 0.1989795918367347 0.00432564330079858
the 0.043478260869565216 0.9540816326530612 0.04148181011535049
events 0.021739130434782608 0.05102040816326531 0.0011091393078970719
avengers 0.021739130434782608 0.01020408163265306 0.00022182786157941436
endgame 0.021739130434782608 0.01020408163265306 0.00022182786157941436
stephen 0.021739130434782608 0.00510204081632653 0.00011091393078970718
strange 0.043478260869565216 0.03571428571428571 0.0015527950310559005
continues 0.021739130434782608 0.00510204081632653 0.00011091393078970718
his 0.021739130434782608 0.44387755102040816 0.009649511978704525
research 0.021739130434782608 0.015306122448979591 0.00033274179236912155
on 0.043478260869565216 0.3520408163265306 0.015306122448979591
the 0.043478260869565216 0.9540816326530612 0.04148181011535049
time 0.021739130434782608 0.14795918367346939 0.0032165039929015083
stone 0.021739130434782608 0.01020408163265306 0.00022182786157941436
but 0.021739130434782608 0.3112244897959184 0.006765749778172138
an 0.043478260869565216 0.3622448979591837 0.01574977817213842
old 0.021739130434782608 0.05612244897959184 0.001220053238686779
friend 0.021739130434782608 0.0663265306122449 0.0014418811002661935
turned 0.021739130434782608 0.04081632653061224 0.0008873114463176574
enemy 0.021739130434782608 0.025510204081632654 0.0005545696539485359
seeks 0.021739130434782608 0.015306122448979591 0.00033274179236912155
to 0.043478260869565216 0.7806122448979592 0.0339396628216504
destroy 0.021739130434782608 0.01020408163265306 0.00022182786157941436
every 0.021739130434782608 0.03571428571428571 0.0007763975155279503
sorcerer 0.021739130434782608 0.00510204081632653 0.00011091393078970718
on 0.043478260869565216 0.3520408163265306 0.015306122448979591
earth 0.021739130434782608 0.05102040816326531 0.0011091393078970719
messing 0.021739130434782608 0.00510204081632653 0.00011091393078970718
with 0.021739130434782608 0.4387755102040816 0.009538598047914817
strange 0.043478260869565216 0.03571428571428571 0.0015527950310559005
plan 0.021739130434782608 0.02040816326530612 0.0004436557231588287
causing 0.021739130434782608 0.00510204081632653 0.00011091393078970718
to 0.043478260869565216 0.7806122448979592 0.0339396628216504
unleash 0.021739130434782608 0.00510204081632653 0.00011091393078970718
an 0.043478260869565216 0.3622448979591837 0.01574977817213842
unspeakable 0.021739130434782608 0.00510204081632653 0.00011091393078970718
evil 0.021739130434782608 0.03571428571428571 0.0007763975155279503
