georgia 0.033707865168539325 0.01020408163265306 0.00034395780784223797
nolan 0.011235955056179775 0.00510204081632653 5.732630130703966e-05
dreams 0.011235955056179775 0.04081632653061224 0.0004586104104563173
being 0.011235955056179775 0.07653061224489796 0.000859894519605595
the 0.056179775280898875 0.9540816326530612 0.05360009172208209
world 0.011235955056179775 0.19387755102040816 0.0021783994496675074
female 0.011235955056179775 0.02040816326530612 0.00022930520522815865
firefighter 0.011235955056179775 0.00510204081632653 5.732630130703966e-05
when 0.011235955056179775 0.27040816326530615 0.003038293969273103
a 0.033707865168539325 0.8826530612244898 0.02975235037835359
mysterious 0.011235955056179775 0.08673469387755102 0.0009745471222196744
arsonist 0.02247191011235955 0.00510204081632653 0.00011465260261407932
starts 0.011235955056179775 0.05102040816326531 0.0005732630130703967
burning 0.011235955056179775 0.01020408163265306 0.00011465260261407932
broadway 0.011235955056179775 0.00510204081632653 5.732630130703966e-05
new 0.02247191011235955 0.1377551020408163 0.003095620270580142
york 0.02247191011235955 0.015306122448979591 0.000343957807842238
firemen 0.011235955056179775 0.00510204081632653 5.732630130703966e-05
begin 0.011235955056179775 0.025510204081632654 0.00028663150653519836
vanishing 0.011235955056179775 0.00510204081632653 5.732630130703966e-05
georgia 0.033707865168539325 0.01020408163265306 0.00034395780784223797
father 0.02247191011235955 0.11734693877551021 0.0026370098601238246
shawn 0.011235955056179775 0.00510204081632653 5.732630130703966e-05
is 0.011235955056179775 0.5663265306122449 0.006363219445081403
called 0.02247191011235955 0.04591836734693878 0.0010318734235267141
out 0.011235955056179775 0.18877551020408162 0.0021210731483604674
retirement 0.011235955056179775 0.00510204081632653 5.732630130703966e-05
by 0.011235955056179775 0.33163265306122447 0.0037262095849575783
the 0.056179775280898875 0.9540816326530612 0.05360009172208209
mayor 0.011235955056179775 0.01020408163265306 0.00011465260261407932
new 0.02247191011235955 0.1377551020408163 0.003095620270580142
york 0.02247191011235955 0.015306122448979591 0.000343957807842238
to 0.033707865168539325 0.7806122448979592 0.02631277229993121
lead 0.011235955056179775 0.02040816326530612 0.00022930520522815865
the 0.056179775280898875 0.9540816326530612 0.05360009172208209
investigation 0.011235955056179775 0.025510204081632654 0.00028663150653519836
the 0.056179775280898875 0.9540816326530612 0.05360009172208209
disappearances 0.011235955056179775 0.00510204081632653 5.732630130703966e-05
desperate 0.011235955056179775 0.01020408163265306 0.00011465260261407932
to 0.033707865168539325 0.7806122448979592 0.02631277229993121
help 0.011235955056179775 0.10204081632653061 0.0011465260261407934
her 0.02247191011235955 0.2755102040816326 0.006191240541160284
father 0.02247191011235955 0.11734693877551021 0.0026370098601238246
and 0.02247191011235955 0.8571428571428571 0.019261637239165328
save 0.011235955056179775 0.030612244897959183 0.000343957807842238
her 0.02247191011235955 0.2755102040816326 0.006191240541160284
city 0.011235955056179775 0.09183673469387756 0.0010318734235267141
georgia 0.033707865168539325 0.01020408163265306 0.00034395780784223797
disguises 0.011235955056179775 0.00510204081632653 5.732630130703966e-05
as 0.011235955056179775 0.3469387755102041 0.0038981884888786974
a 0.033707865168539325 0.8826530612244898 0.02975235037835359
young 0.011235955056179775 0.15816326530612246 0.0017771153405182298
man 0.011235955056179775 0.12755102040816327 0.0014331575326759916
called 0.02247191011235955 0.04591836734693878 0.0010318734235267141
joe 0.011235955056179775 0.00510204081632653 5.732630130703966e-05
and 0.02247191011235955 0.8571428571428571 0.019261637239165328
joins 0.011235955056179775 0.015306122448979591 0.000171978903921119
a 0.033707865168539325 0.8826530612244898 0.02975235037835359
small 0.011235955056179775 0.07653061224489796 0.000859894519605595
group 0.011235955056179775 0.05102040816326531 0.0005732630130703967
misfit 0.011235955056179775 0.00510204081632653 5.732630130703966e-05
firefighters 0.011235955056179775 0.00510204081632653 5.732630130703966e-05
trying 0.011235955056179775 0.030612244897959183 0.000343957807842238
to 0.033707865168539325 0.7806122448979592 0.02631277229993121
stop 0.011235955056179775 0.03571428571428571 0.00040128410914927763
the 0.056179775280898875 0.9540816326530612 0.05360009172208209
arsonist 0.02247191011235955 0.00510204081632653 0.00011465260261407932
