ivan 0.016666666666666666 0.00510204081632653 8.503401360544217e-05
naydenov 0.016666666666666666 0.00510204081632653 8.503401360544217e-05
is 0.05 0.5663265306122449 0.028316326530612248
transferred 0.016666666666666666 0.00510204081632653 8.503401360544217e-05
from 0.016666666666666666 0.3520408163265306 0.00586734693877551
moscow 0.016666666666666666 0.05102040816326531 0.0008503401360544217
to 0.06666666666666667 0.7806122448979592 0.05204081632653061
the 0.1 0.9540816326530612 0.09540816326530613
fantasy 0.016666666666666666 0.01020408163265306 0.00017006802721088434
world 0.03333333333333333 0.19387755102040816 0.006462585034013605
belogorye 0.016666666666666666 0.00510204081632653 8.503401360544217e-05
this 0.016666666666666666 0.17346938775510204 0.002891156462585034
world 0.03333333333333333 0.19387755102040816 0.006462585034013605
is 0.05 0.5663265306122449 0.028316326530612248
inhabited 0.016666666666666666 0.00510204081632653 8.503401360544217e-05
by 0.016666666666666666 0.33163265306122447 0.005527210884353741
the 0.1 0.9540816326530612 0.09540816326530613
characters 0.016666666666666666 0.01020408163265306 0.00017006802721088434
russian 0.016666666666666666 0.04081632653061224 0.0006802721088435374
fairy 0.016666666666666666 0.01020408163265306 0.00017006802721088434
tales 0.016666666666666666 0.00510204081632653 8.503401360544217e-05
and 0.05 0.8571428571428571 0.04285714285714286
magic 0.016666666666666666 0.025510204081632654 0.00042517006802721087
the 0.1 0.9540816326530612 0.09540816326530613
hero 0.016666666666666666 0.025510204081632654 0.00042517006802721087
comes 0.016666666666666666 0.04081632653061224 0.0006802721088435374
at 0.016666666666666666 0.23469387755102042 0.0039115646258503405
the 0.1 0.9540816326530612 0.09540816326530613
center 0.016666666666666666 0.00510204081632653 8.503401360544217e-05
the 0.1 0.9540816326530612 0.09540816326530613
battle 0.016666666666666666 0.061224489795918366 0.001020408163265306
light 0.016666666666666666 0.02040816326530612 0.0003401360544217687
and 0.05 0.8571428571428571 0.04285714285714286
dark 0.016666666666666666 0.025510204081632654 0.00042517006802721087
forces 0.016666666666666666 0.061224489795918366 0.001020408163265306
and 0.05 0.8571428571428571 0.04285714285714286
everyone 0.016666666666666666 0.03571428571428571 0.0005952380952380952
believes 0.016666666666666666 0.01020408163265306 0.00017006802721088434
that 0.016666666666666666 0.40816326530612246 0.006802721088435374
it 0.016666666666666666 0.2193877551020408 0.0036564625850340135
is 0.05 0.5663265306122449 0.028316326530612248
to 0.06666666666666667 0.7806122448979592 0.05204081632653061
to 0.06666666666666667 0.7806122448979592 0.05204081632653061
put 0.016666666666666666 0.03571428571428571 0.0005952380952380952
an 0.016666666666666666 0.3622448979591837 0.006037414965986395
end 0.016666666666666666 0.04591836734693878 0.0007653061224489797
to 0.06666666666666667 0.7806122448979592 0.05204081632653061
the 0.1 0.9540816326530612 0.09540816326530613
war 0.016666666666666666 0.05612244897959184 0.0009353741496598639
