in 0.034482758620689655 0.7346938775510204 0.025334271639690358
the 0.10344827586206896 0.9540816326530612 0.09869809992962703
wake 0.011494252873563218 0.00510204081632653 5.864414731409805e-05
the 0.10344827586206896 0.9540816326530612 0.09869809992962703
fronde 0.011494252873563218 0.00510204081632653 5.864414731409805e-05
in 0.034482758620689655 0.7346938775510204 0.025334271639690358
the 0.10344827586206896 0.9540816326530612 0.09869809992962703
french 0.011494252873563218 0.03571428571428571 0.00041050903119868636
nobility 0.011494252873563218 0.01020408163265306 0.0001172882946281961
begun 0.011494252873563218 0.00510204081632653 5.864414731409805e-05
to 0.05747126436781609 0.7806122448979592 0.04486277269528501
defy 0.011494252873563218 0.00510204081632653 5.864414731409805e-05
and 0.022988505747126436 0.8571428571428571 0.019704433497536946
disobey 0.011494252873563218 0.00510204081632653 5.864414731409805e-05
the 0.10344827586206896 0.9540816326530612 0.09869809992962703
monarchy 0.011494252873563218 0.00510204081632653 5.864414731409805e-05
young 0.011494252873563218 0.15816326530612246 0.0018179685667370398
king 0.011494252873563218 0.030612244897959183 0.0003518648838845883
louis 0.022988505747126436 0.00510204081632653 0.0001172882946281961
xiv 0.011494252873563218 0.00510204081632653 5.864414731409805e-05
decides 0.011494252873563218 0.061224489795918366 0.0007037297677691766
to 0.05747126436781609 0.7806122448979592 0.04486277269528501
move 0.011494252873563218 0.025510204081632654 0.00029322073657049027
the 0.10344827586206896 0.9540816326530612 0.09869809992962703
court 0.011494252873563218 0.015306122448979591 0.00017593244194229416
from 0.022988505747126436 0.3520408163265306 0.00809289232934553
the 0.10344827586206896 0.9540816326530612 0.09869809992962703
château 0.011494252873563218 0.00510204081632653 5.864414731409805e-05
de 0.011494252873563218 0.025510204081632654 0.00029322073657049027
near 0.022988505747126436 0.015306122448979591 0.0003518648838845883
paris 0.011494252873563218 0.04591836734693878 0.0005277973258268825
to 0.05747126436781609 0.7806122448979592 0.04486277269528501
his 0.022988505747126436 0.44387755102040816 0.01020408163265306
father 0.011494252873563218 0.11734693877551021 0.0013488153882242552
former 0.011494252873563218 0.03571428571428571 0.00041050903119868636
hunting 0.011494252873563218 0.015306122448979591 0.00017593244194229416
lodge 0.011494252873563218 0.01020408163265306 0.0001172882946281961
near 0.022988505747126436 0.015306122448979591 0.0003518648838845883
the 0.10344827586206896 0.9540816326530612 0.09869809992962703
hamlet 0.011494252873563218 0.00510204081632653 5.864414731409805e-05
versailles 0.022988505747126436 0.00510204081632653 0.0001172882946281961
as 0.022988505747126436 0.3469387755102041 0.007975604034717336
a 0.011494252873563218 0.8826530612244898 0.010145437485338964
means 0.011494252873563218 0.01020408163265306 0.0001172882946281961
to 0.05747126436781609 0.7806122448979592 0.04486277269528501
force 0.011494252873563218 0.025510204081632654 0.00029322073657049027
their 0.022988505747126436 0.3520408163265306 0.00809289232934553
submission 0.011494252873563218 0.00510204081632653 5.864414731409805e-05
as 0.022988505747126436 0.3469387755102041 0.007975604034717336
louis 0.022988505747126436 0.00510204081632653 0.0001172882946281961
renovates 0.011494252873563218 0.00510204081632653 5.864414731409805e-05
and 0.022988505747126436 0.8571428571428571 0.019704433497536946
expands 0.011494252873563218 0.00510204081632653 5.864414731409805e-05
his 0.022988505747126436 0.44387755102040816 0.01020408163265306
new 0.011494252873563218 0.1377551020408163 0.0015833919774806472
palace 0.011494252873563218 0.015306122448979591 0.00017593244194229416
versailles 0.022988505747126436 0.00510204081632653 0.0001172882946281961
the 0.10344827586206896 0.9540816326530612 0.09869809992962703
from 0.022988505747126436 0.3520408163265306 0.00809289232934553
their 0.022988505747126436 0.3520408163265306 0.00809289232934553
usual 0.011494252873563218 0.00510204081632653 5.864414731409805e-05
surroundings 0.011494252873563218 0.00510204081632653 5.864414731409805e-05
but 0.011494252873563218 0.3112244897959184 0.0035772929861599815
compelled 0.011494252873563218 0.00510204081632653 5.864414731409805e-05
to 0.05747126436781609 0.7806122448979592 0.04486277269528501
surround 0.011494252873563218 0.00510204081632653 5.864414731409805e-05
the 0.10344827586206896 0.9540816326530612 0.09869809992962703
embroiled 0.011494252873563218 0.00510204081632653 5.864414731409805e-05
in 0.034482758620689655 0.7346938775510204 0.025334271639690358
increasingly 0.011494252873563218 0.01020408163265306 0.0001172882946281961
dangerous 0.011494252873563218 0.04591836734693878 0.0005277973258268825
intrigues 0.011494252873563218 0.00510204081632653 5.864414731409805e-05
