berlin 0.022988505747126436 0.00510204081632653 0.0001172882946281961
summer 0.011494252873563218 0.00510204081632653 5.864414731409805e-05
the 0.022988505747126436 0.9540816326530612 0.02193291109547267
city 0.011494252873563218 0.09183673469387756 0.001055594651653765
in 0.022988505747126436 0.7346938775510204 0.01688951442646024
chaos 0.011494252873563218 0.01020408163265306 0.0001172882946281961
there 0.011494252873563218 0.08163265306122448 0.0009383063570255688
no 0.011494252873563218 0.07142857142857142 0.0008210180623973727
laws 0.011494252873563218 0.015306122448979591 0.00017593244194229416
and 0.022988505747126436 0.8571428571428571 0.019704433497536946
everyone 0.011494252873563218 0.03571428571428571 0.00041050903119868636
is 0.022988505747126436 0.5663265306122449 0.013019000703729768
either 0.011494252873563218 0.01020408163265306 0.0001172882946281961
a 0.04597701149425287 0.8826530612244898 0.040581749941355855
criminal 0.011494252873563218 0.025510204081632654 0.00029322073657049027
or 0.011494252873563218 0.09183673469387756 0.001055594651653765
a 0.04597701149425287 0.8826530612244898 0.040581749941355855
survivor 0.011494252873563218 0.015306122448979591 0.00017593244194229416
when 0.011494252873563218 0.27040816326530615 0.003108139807647197
american 0.011494252873563218 0.01020408163265306 0.0001172882946281961
cop 0.011494252873563218 0.03571428571428571 0.00041050903119868636
max 0.011494252873563218 0.00510204081632653 5.864414731409805e-05
mclaughlin 0.011494252873563218 0.00510204081632653 5.864414731409805e-05
taylor 0.011494252873563218 0.00510204081632653 5.864414731409805e-05
kitsch 0.011494252873563218 0.00510204081632653 5.864414731409805e-05
waco 0.011494252873563218 0.00510204081632653 5.864414731409805e-05
friday 0.011494252873563218 0.00510204081632653 5.864414731409805e-05
night 0.011494252873563218 0.025510204081632654 0.00029322073657049027
lights 0.011494252873563218 0.00510204081632653 5.864414731409805e-05
arrives 0.011494252873563218 0.02040816326530612 0.0002345765892563922
to 0.022988505747126436 0.7806122448979592 0.017945109078114006
help 0.011494252873563218 0.10204081632653061 0.001172882946281961
create 0.011494252873563218 0.02040816326530612 0.0002345765892563922
a 0.04597701149425287 0.8826530612244898 0.040581749941355855
police 0.011494252873563218 0.08163265306122448 0.0009383063570255688
force 0.011494252873563218 0.025510204081632654 0.00029322073657049027
and 0.022988505747126436 0.8571428571428571 0.019704433497536946
take 0.011494252873563218 0.09183673469387756 0.001055594651653765
the 0.022988505747126436 0.9540816326530612 0.02193291109547267
al 0.011494252873563218 0.00510204081632653 5.864414731409805e-05
capone 0.011494252873563218 0.00510204081632653 5.864414731409805e-05
berlin 0.022988505747126436 0.00510204081632653 0.0001172882946281961
dr 0.011494252873563218 0.00510204081632653 5.864414731409805e-05
werner 0.011494252873563218 0.00510204081632653 5.864414731409805e-05
gladow 0.011494252873563218 0.00510204081632653 5.864414731409805e-05
he 0.011494252873563218 0.34183673469387754 0.003929157870044569
is 0.022988505747126436 0.5663265306122449 0.013019000703729768
also 0.011494252873563218 0.09183673469387756 0.001055594651653765
on 0.011494252873563218 0.3520408163265306 0.004046446164672765
a 0.04597701149425287 0.8826530612244898 0.040581749941355855
private 0.011494252873563218 0.01020408163265306 0.0001172882946281961
mission 0.011494252873563218 0.07142857142857142 0.0008210180623973727
to 0.022988505747126436 0.7806122448979592 0.017945109078114006
track 0.011494252873563218 0.00510204081632653 5.864414731409805e-05
his 0.011494252873563218 0.44387755102040816 0.00510204081632653
missing 0.011494252873563218 0.02040816326530612 0.0002345765892563922
brother 0.011494252873563218 0.04081632653061224 0.0004691531785127844
who 0.011494252873563218 0.39285714285714285 0.00451559934318555
killing 0.011494252873563218 0.025510204081632654 0.00029322073657049027
former 0.011494252873563218 0.03571428571428571 0.00041050903119868636
nazis 0.011494252873563218 0.01020408163265306 0.0001172882946281961
in 0.022988505747126436 0.7346938775510204 0.01688951442646024
hiding 0.011494252873563218 0.025510204081632654 0.00029322073657049027
