among 0.01834862385321101 0.02040816326530612 0.00037446171129002057
normal 0.009174311926605505 0.00510204081632653 4.680771391125257e-05
humans 0.009174311926605505 0.025510204081632654 0.00023403856955626288
live 0.009174311926605505 0.05612244897959184 0.0005148848530237783
the 0.09174311926605505 0.9540816326530612 0.08753042501404232
others 0.01834862385321101 0.01020408163265306 0.00018723085564501028
possessing 0.009174311926605505 0.00510204081632653 4.680771391125257e-05
various 0.009174311926605505 0.025510204081632654 0.00023403856955626288
supernatural 0.009174311926605505 0.015306122448979591 0.00014042314173375774
powers 0.009174311926605505 0.030612244897959183 0.0002808462834675155
they 0.009174311926605505 0.28061224489795916 0.0025744242651188918
divided 0.009174311926605505 0.01020408163265306 9.361542782250514e-05
the 0.09174311926605505 0.9540816326530612 0.08753042501404232
forces 0.03669724770642202 0.061224489795918366 0.002246770267740124
light 0.027522935779816515 0.02040816326530612 0.0005616925669350309
and 0.01834862385321101 0.8571428571428571 0.015727391874180863
the 0.09174311926605505 0.9540816326530612 0.08753042501404232
forces 0.03669724770642202 0.061224489795918366 0.002246770267740124
the 0.09174311926605505 0.9540816326530612 0.08753042501404232
dark 0.027522935779816515 0.025510204081632654 0.0007021157086687887
who 0.009174311926605505 0.39285714285714285 0.0036041939711664484
signed 0.009174311926605505 0.00510204081632653 4.680771391125257e-05
a 0.027522935779816515 0.8826530612244898 0.024293203519940087
truce 0.009174311926605505 0.00510204081632653 4.680771391125257e-05
several 0.009174311926605505 0.02040816326530612 0.00018723085564501028
centuries 0.009174311926605505 0.00510204081632653 4.680771391125257e-05
ago 0.009174311926605505 0.025510204081632654 0.00023403856955626288
to 0.027522935779816515 0.7806122448979592 0.021484740685264934
end 0.009174311926605505 0.04591836734693878 0.0004212694252012732
a 0.027522935779816515 0.8826530612244898 0.024293203519940087
devastating 0.009174311926605505 0.00510204081632653 4.680771391125257e-05
battle 0.009174311926605505 0.061224489795918366 0.000561692566935031
ever 0.009174311926605505 0.05102040816326531 0.00046807713911252576
since 0.009174311926605505 0.01020408163265306 9.361542782250514e-05
the 0.09174311926605505 0.9540816326530612 0.08753042501404232
forces 0.03669724770642202 0.061224489795918366 0.002246770267740124
light 0.027522935779816515 0.02040816326530612 0.0005616925669350309
govern 0.009174311926605505 0.00510204081632653 4.680771391125257e-05
the 0.09174311926605505 0.9540816326530612 0.08753042501404232
day 0.01834862385321101 0.09183673469387756 0.0016850777008050929
while 0.01834862385321101 0.12244897959183673 0.002246770267740124
the 0.09174311926605505 0.9540816326530612 0.08753042501404232
night 0.027522935779816515 0.025510204081632654 0.0007021157086687887
belongs 0.009174311926605505 0.00510204081632653 4.680771391125257e-05
to 0.027522935779816515 0.7806122448979592 0.021484740685264934
their 0.01834862385321101 0.3520408163265306 0.006459464519752856
dark 0.027522935779816515 0.025510204081632654 0.0007021157086687887
opponents 0.009174311926605505 0.00510204081632653 4.680771391125257e-05
in 0.009174311926605505 0.7346938775510204 0.0067403108032203715
modern 0.009174311926605505 0.015306122448979591 0.00014042314173375774
day 0.01834862385321101 0.09183673469387756 0.0016850777008050929
moscow 0.009174311926605505 0.05102040816326531 0.00046807713911252576
the 0.09174311926605505 0.9540816326530612 0.08753042501404232
dark 0.027522935779816515 0.025510204081632654 0.0007021157086687887
others 0.01834862385321101 0.01020408163265306 0.00018723085564501028
actually 0.009174311926605505 0.02040816326530612 0.00018723085564501028
roam 0.009174311926605505 0.00510204081632653 4.680771391125257e-05
the 0.09174311926605505 0.9540816326530612 0.08753042501404232
night 0.027522935779816515 0.025510204081632654 0.0007021157086687887
as 0.009174311926605505 0.3469387755102041 0.003182924545965175
vampires 0.009174311926605505 0.00510204081632653 4.680771391125257e-05
while 0.01834862385321101 0.12244897959183673 0.002246770267740124
a 0.027522935779816515 0.8826530612244898 0.024293203519940087
night 0.027522935779816515 0.025510204081632654 0.0007021157086687887
watch 0.009174311926605505 0.01020408163265306 9.361542782250514e-05
light 0.027522935779816515 0.02040816326530612 0.0005616925669350309
forces 0.03669724770642202 0.061224489795918366 0.002246770267740124
among 0.01834862385321101 0.02040816326530612 0.00037446171129002057
anton 0.009174311926605505 0.01020408163265306 9.361542782250514e-05
the 0.09174311926605505 0.9540816326530612 0.08753042501404232
movie 0.009174311926605505 0.030612244897959183 0.0002808462834675155
protagonist 0.009174311926605505 0.00510204081632653 4.680771391125257e-05
try 0.009174311926605505 0.01020408163265306 9.361542782250514e-05
to 0.027522935779816515 0.7806122448979592 0.021484740685264934
control 0.009174311926605505 0.04591836734693878 0.0004212694252012732
and 0.01834862385321101 0.8571428571428571 0.015727391874180863
limit 0.009174311926605505 0.00510204081632653 4.680771391125257e-05
their 0.01834862385321101 0.3520408163265306 0.006459464519752856
outrage 0.009174311926605505 0.00510204081632653 4.680771391125257e-05
ortmann 0.009174311926605505 0.00510204081632653 4.680771391125257e-05
armin 0.009174311926605505 0.00510204081632653 4.680771391125257e-05
