in 0.02830188679245283 0.7346938775510204 0.020793222949557183
her 0.04716981132075472 0.2755102040816326 0.012995764343473238
turbulent 0.009433962264150943 0.00510204081632653 4.8132460531382356e-05
life 0.009433962264150943 0.20408163265306123 0.0019252984212552945
as 0.009433962264150943 0.3469387755102041 0.0032730073161340006
a 0.02830188679245283 0.8826530612244898 0.02498074701578745
professional 0.009433962264150943 0.015306122448979591 0.0001443973815941471
assassin 0.009433962264150943 0.01020408163265306 9.626492106276471e-05
scarlet 0.009433962264150943 0.01020408163265306 9.626492106276471e-05
cruelly 0.009433962264150943 0.00510204081632653 4.8132460531382356e-05
forced 0.009433962264150943 0.04081632653061224 0.00038505968425105885
to 0.02830188679245283 0.7806122448979592 0.022092799383904505
abandon 0.009433962264150943 0.00510204081632653 4.8132460531382356e-05
her 0.04716981132075472 0.2755102040816326 0.012995764343473238
daughter 0.009433962264150943 0.05102040816326531 0.00048132460531382363
sam 0.02830188679245283 0.00510204081632653 0.0001443973815941471
and 0.018867924528301886 0.8571428571428571 0.016172506738544472
go 0.018867924528301886 0.09183673469387756 0.0017327685791297652
on 0.009433962264150943 0.3520408163265306 0.003321139776665383
the 0.03773584905660377 0.9540816326530612 0.036003080477474005
run 0.009433962264150943 0.015306122448979591 0.0001443973815941471
years 0.009433962264150943 0.12244897959183673 0.0011551790527531767
later 0.009433962264150943 0.061224489795918366 0.0005775895263765884
despite 0.009433962264150943 0.01020408163265306 9.626492106276471e-05
the 0.03773584905660377 0.9540816326530612 0.036003080477474005
estrangement 0.009433962264150943 0.00510204081632653 4.8132460531382356e-05
sam 0.02830188679245283 0.00510204081632653 0.0001443973815941471
also 0.009433962264150943 0.09183673469387756 0.0008663842895648826
grown 0.009433962264150943 0.00510204081632653 4.8132460531382356e-05
a 0.02830188679245283 0.8826530612244898 0.02498074701578745
cold 0.009433962264150943 0.025510204081632654 0.00024066230265691181
blooded 0.009433962264150943 0.00510204081632653 4.8132460531382356e-05
hitwoman 0.009433962264150943 0.00510204081632653 4.8132460531382356e-05
after 0.009433962264150943 0.1989795918367347 0.0018771659607239122
a 0.02830188679245283 0.8826530612244898 0.02498074701578745
mission 0.009433962264150943 0.07142857142857142 0.000673854447439353
spins 0.009433962264150943 0.00510204081632653 4.8132460531382356e-05
out 0.009433962264150943 0.18877551020408162 0.0017809010396611473
control 0.009433962264150943 0.04591836734693878 0.0004331921447824413
putting 0.009433962264150943 0.01020408163265306 9.626492106276471e-05
an 0.018867924528301886 0.3622448979591837 0.006834809395456296
innocent 0.009433962264150943 0.01020408163265306 9.626492106276471e-05
girl 0.009433962264150943 0.08673469387755102 0.0008182518290335001
in 0.02830188679245283 0.7346938775510204 0.020793222949557183
the 0.03773584905660377 0.9540816326530612 0.036003080477474005
middle 0.009433962264150943 0.025510204081632654 0.00024066230265691181
the 0.03773584905660377 0.9540816326530612 0.036003080477474005
gang 0.009433962264150943 0.02040816326530612 0.00019252984212552942
war 0.018867924528301886 0.05612244897959184 0.001058914131690412
she 0.009433962264150943 0.19387755102040816 0.0018290335001925296
unleashed 0.009433962264150943 0.00510204081632653 4.8132460531382356e-05
sam 0.02830188679245283 0.00510204081632653 0.0001443973815941471
no 0.009433962264150943 0.07142857142857142 0.000673854447439353
choice 0.009433962264150943 0.01020408163265306 9.626492106276471e-05
but 0.009433962264150943 0.3112244897959184 0.0029360800924143242
to 0.02830188679245283 0.7806122448979592 0.022092799383904505
go 0.018867924528301886 0.09183673469387756 0.0017327685791297652
rogue 0.009433962264150943 0.00510204081632653 4.8132460531382356e-05
this 0.009433962264150943 0.17346938775510204 0.0016365036580670003
ultimately 0.009433962264150943 0.025510204081632654 0.00024066230265691181
leads 0.009433962264150943 0.030612244897959183 0.0002887947631882942
her 0.04716981132075472 0.2755102040816326 0.012995764343473238
back 0.009433962264150943 0.08673469387755102 0.0008182518290335001
to 0.02830188679245283 0.7806122448979592 0.022092799383904505
her 0.04716981132075472 0.2755102040816326 0.012995764343473238
mother 0.009433962264150943 0.05612244897959184 0.000529457065845206
and 0.018867924528301886 0.8571428571428571 0.016172506738544472
her 0.04716981132075472 0.2755102040816326 0.012995764343473238
former 0.009433962264150943 0.03571428571428571 0.0003369272237196765
hitwomen 0.009433962264150943 0.00510204081632653 4.8132460531382356e-05
sidekicks 0.009433962264150943 0.00510204081632653 4.8132460531382356e-05
who 0.018867924528301886 0.39285714285714285 0.007412398921832884
all 0.009433962264150943 0.17346938775510204 0.0016365036580670003
join 0.009433962264150943 0.02040816326530612 0.00019252984212552942
forces 0.009433962264150943 0.061224489795918366 0.0005775895263765884
in 0.02830188679245283 0.7346938775510204 0.020793222949557183
an 0.018867924528301886 0.3622448979591837 0.006834809395456296
avenging 0.009433962264150943 0.00510204081632653 4.8132460531382356e-05
war 0.018867924528301886 0.05612244897959184 0.001058914131690412
who 0.018867924528301886 0.39285714285714285 0.007412398921832884
took 0.009433962264150943 0.015306122448979591 0.0001443973815941471
everything 0.009433962264150943 0.025510204081632654 0.00024066230265691181
from 0.009433962264150943 0.3520408163265306 0.003321139776665383
