en 0.010869565217391304 0.00510204081632653 5.545696539485359e-05
route 0.010869565217391304 0.00510204081632653 5.545696539485359e-05
to 0.010869565217391304 0.7806122448979592 0.0084849157054126
visit 0.010869565217391304 0.00510204081632653 5.545696539485359e-05
their 0.010869565217391304 0.3520408163265306 0.003826530612244898
grandfather 0.010869565217391304 0.01020408163265306 0.00011091393078970718
grave 0.010869565217391304 0.00510204081632653 5.545696539485359e-05
apparently 0.010869565217391304 0.00510204081632653 5.545696539485359e-05
ritualistically 0.010869565217391304 0.00510204081632653 5.545696539485359e-05
desecrated 0.010869565217391304 0.00510204081632653 5.545696539485359e-05
five 0.010869565217391304 0.030612244897959183 0.00033274179236912155
teenagers 0.010869565217391304 0.015306122448979591 0.00016637089618456077
drive 0.010869565217391304 0.015306122448979591 0.00016637089618456077
past 0.010869565217391304 0.04591836734693878 0.0004991126885536824
a 0.05434782608695652 0.8826530612244898 0.04797027506654836
slaughterhouse 0.010869565217391304 0.00510204081632653 5.545696539485359e-05
pick 0.010869565217391304 0.00510204081632653 5.545696539485359e-05
and 0.010869565217391304 0.8571428571428571 0.009316770186335402
quickly 0.010869565217391304 0.02040816326530612 0.00022182786157941436
drop 0.010869565217391304 0.00510204081632653 5.545696539485359e-05
a 0.05434782608695652 0.8826530612244898 0.04797027506654836
sinister 0.010869565217391304 0.01020408163265306 0.00011091393078970718
eat 0.010869565217391304 0.00510204081632653 5.545696539485359e-05
delicious 0.010869565217391304 0.00510204081632653 5.545696539485359e-05
meat 0.010869565217391304 0.01020408163265306 0.00011091393078970718
at 0.021739130434782608 0.23469387755102042 0.005102040816326531
a 0.05434782608695652 0.8826530612244898 0.04797027506654836
roadside 0.010869565217391304 0.00510204081632653 5.545696539485359e-05
gas 0.010869565217391304 0.00510204081632653 5.545696539485359e-05
station 0.010869565217391304 0.025510204081632654 0.00027728482697426796
ending 0.010869565217391304 0.01020408163265306 0.00011091393078970718
at 0.021739130434782608 0.23469387755102042 0.005102040816326531
the 0.010869565217391304 0.9540816326530612 0.010370452528837622
old 0.010869565217391304 0.05612244897959184 0.0006100266193433895
family 0.021739130434782608 0.22448979591836735 0.004880212954747116
home 0.010869565217391304 0.07653061224489796 0.0008318544809228039
where 0.010869565217391304 0.11224489795918367 0.001220053238686779
they 0.03260869565217391 0.28061224489795916 0.009150399290150843
plunged 0.010869565217391304 0.00510204081632653 5.545696539485359e-05
a 0.05434782608695652 0.8826530612244898 0.04797027506654836
nightmare 0.010869565217391304 0.00510204081632653 5.545696539485359e-05
as 0.010869565217391304 0.3469387755102041 0.0037710736468500442
they 0.03260869565217391 0.28061224489795916 0.009150399290150843
meet 0.010869565217391304 0.030612244897959183 0.00033274179236912155
a 0.05434782608695652 0.8826530612244898 0.04797027506654836
family 0.021739130434782608 0.22448979591836735 0.004880212954747116
cannibals 0.010869565217391304 0.00510204081632653 5.545696539485359e-05
who 0.010869565217391304 0.39285714285714285 0.004270186335403726
more 0.010869565217391304 0.08163265306122448 0.0008873114463176574
make 0.010869565217391304 0.061224489795918366 0.0006654835847382431
in 0.021739130434782608 0.7346938775510204 0.015971606033717837
power 0.010869565217391304 0.05102040816326531 0.0005545696539485359
tools 0.010869565217391304 0.00510204081632653 5.545696539485359e-05
what 0.010869565217391304 0.1377551020408163 0.0014973380656610469
they 0.03260869565217391 0.28061224489795916 0.009150399290150843
lack 0.010869565217391304 0.01020408163265306 0.00011091393078970718
in 0.021739130434782608 0.7346938775510204 0.015971606033717837
social 0.010869565217391304 0.04081632653061224 0.0004436557231588287
skills 0.010869565217391304 0.015306122448979591 0.00016637089618456077
brooke 0.010869565217391304 0.00510204081632653 5.545696539485359e-05
michael 0.010869565217391304 0.015306122448979591 0.00016637089618456077
