fred 0.02631578947368421 0.00510204081632653 0.00013426423200859288
madison 0.013157894736842105 0.00510204081632653 6.713211600429644e-05
a 0.06578947368421052 0.8826530612244898 0.05806928034371643
saxophonist 0.013157894736842105 0.00510204081632653 6.713211600429644e-05
is 0.02631578947368421 0.5663265306122449 0.014903329752953812
accused 0.013157894736842105 0.00510204081632653 6.713211600429644e-05
under 0.013157894736842105 0.0663265306122449 0.000872717508055854
mysterious 0.013157894736842105 0.08673469387755102 0.0011412459720730396
circumstances 0.013157894736842105 0.01020408163265306 0.00013426423200859288
murdering 0.013157894736842105 0.015306122448979591 0.00020139634801288935
his 0.02631578947368421 0.44387755102040816 0.011680988184747582
wife 0.013157894736842105 0.05612244897959184 0.0007384532760472609
renee 0.013157894736842105 0.00510204081632653 6.713211600429644e-05
on 0.013157894736842105 0.3520408163265306 0.004632116004296455
death 0.013157894736842105 0.04591836734693878 0.0006041890440386681
row 0.013157894736842105 0.00510204081632653 6.713211600429644e-05
he 0.013157894736842105 0.34183673469387754 0.004497851772287862
inexplicably 0.013157894736842105 0.00510204081632653 6.713211600429644e-05
morphs 0.013157894736842105 0.00510204081632653 6.713211600429644e-05
a 0.06578947368421052 0.8826530612244898 0.05806928034371643
young 0.013157894736842105 0.15816326530612246 0.00208109559613319
man 0.013157894736842105 0.12755102040816327 0.0016783029001074114
named 0.02631578947368421 0.03571428571428571 0.0009398496240601503
pete 0.02631578947368421 0.01020408163265306 0.00026852846401718576
dayton 0.013157894736842105 0.00510204081632653 6.713211600429644e-05
leading 0.013157894736842105 0.02040816326530612 0.00026852846401718576
a 0.06578947368421052 0.8826530612244898 0.05806928034371643
completely 0.013157894736842105 0.015306122448979591 0.00020139634801288935
different 0.013157894736842105 0.03571428571428571 0.00046992481203007516
life 0.013157894736842105 0.20408163265306123 0.0026852846401718583
when 0.013157894736842105 0.27040816326530615 0.0035580021482277124
pete 0.02631578947368421 0.01020408163265306 0.00026852846401718576
is 0.02631578947368421 0.5663265306122449 0.014903329752953812
released 0.013157894736842105 0.01020408163265306 0.00013426423200859288
his 0.02631578947368421 0.44387755102040816 0.011680988184747582
and 0.013157894736842105 0.8571428571428571 0.011278195488721804
fred 0.02631578947368421 0.00510204081632653 0.00013426423200859288
paths 0.013157894736842105 0.02040816326530612 0.00026852846401718576
begin 0.013157894736842105 0.025510204081632654 0.0003356605800214823
to 0.013157894736842105 0.7806122448979592 0.010271213748657358
cross 0.013157894736842105 0.015306122448979591 0.00020139634801288935
in 0.013157894736842105 0.7346938775510204 0.00966702470461869
a 0.06578947368421052 0.8826530612244898 0.05806928034371643
surreal 0.013157894736842105 0.00510204081632653 6.713211600429644e-05
suspenseful 0.013157894736842105 0.01020408163265306 0.00013426423200859288
web 0.013157894736842105 0.00510204081632653 6.713211600429644e-05
intrigue 0.013157894736842105 0.00510204081632653 6.713211600429644e-05
orchestrated 0.013157894736842105 0.00510204081632653 6.713211600429644e-05
by 0.013157894736842105 0.33163265306122447 0.004363587540279269
a 0.06578947368421052 0.8826530612244898 0.05806928034371643
shady 0.013157894736842105 0.01020408163265306 0.00013426423200859288
gangster 0.013157894736842105 0.02040816326530612 0.00026852846401718576
boss 0.013157894736842105 0.00510204081632653 6.713211600429644e-05
named 0.02631578947368421 0.03571428571428571 0.0009398496240601503
dick 0.013157894736842105 0.00510204081632653 6.713211600429644e-05
laurent 0.013157894736842105 0.00510204081632653 6.713211600429644e-05
jdean 0.013157894736842105 0.00510204081632653 6.713211600429644e-05
