the 0.03571428571428571 0.9540816326530612 0.03407434402332361
series 0.011904761904761904 0.07142857142857142 0.0008503401360544216
depicts 0.011904761904761904 0.00510204081632653 6.07385811467444e-05
a 0.03571428571428571 0.8826530612244898 0.03152332361516035
young 0.011904761904761904 0.15816326530612246 0.0018828960155490768
couple 0.011904761904761904 0.03571428571428571 0.0004251700680272108
journey 0.011904761904761904 0.08163265306122448 0.0009718172983479104
who 0.023809523809523808 0.39285714285714285 0.00935374149659864
decided 0.011904761904761904 0.00510204081632653 6.07385811467444e-05
to 0.047619047619047616 0.7806122448979592 0.03717201166180758
turn 0.011904761904761904 0.025510204081632654 0.00030369290573372206
their 0.03571428571428571 0.3520408163265306 0.012572886297376093
relationship 0.011904761904761904 0.05612244897959184 0.0006681243926141885
a 0.03571428571428571 0.8826530612244898 0.03152332361516035
sexual 0.011904761904761904 0.01020408163265306 0.0001214771622934888
attraction 0.011904761904761904 0.015306122448979591 0.00018221574344023323
for 0.011904761904761904 0.3877551020408163 0.004616132167152575
the 0.03571428571428571 0.9540816326530612 0.03407434402332361
whole 0.011904761904761904 0.03571428571428571 0.0004251700680272108
world 0.011904761904761904 0.19387755102040816 0.0023080660835762875
through 0.011904761904761904 0.08163265306122448 0.0009718172983479104
the 0.03571428571428571 0.9540816326530612 0.03407434402332361
webcam 0.011904761904761904 0.00510204081632653 6.07385811467444e-05
they 0.011904761904761904 0.28061224489795916 0.0033406219630709422
outsiders 0.011904761904761904 0.00510204081632653 6.07385811467444e-05
who 0.023809523809523808 0.39285714285714285 0.00935374149659864
found 0.011904761904761904 0.030612244897959183 0.00036443148688046647
love 0.011904761904761904 0.09183673469387756 0.0010932944606413995
in 0.011904761904761904 0.7346938775510204 0.008746355685131196
their 0.03571428571428571 0.3520408163265306 0.012572886297376093
and 0.03571428571428571 0.8571428571428571 0.03061224489795918
afraid 0.011904761904761904 0.00510204081632653 6.07385811467444e-05
to 0.047619047619047616 0.7806122448979592 0.03717201166180758
show 0.011904761904761904 0.030612244897959183 0.00036443148688046647
their 0.03571428571428571 0.3520408163265306 0.012572886297376093
feelings 0.011904761904761904 0.015306122448979591 0.00018221574344023323
he 0.011904761904761904 0.34183673469387754 0.004069484936831875
is 0.03571428571428571 0.5663265306122449 0.02022594752186589
addicted 0.011904761904761904 0.00510204081632653 6.07385811467444e-05
to 0.047619047619047616 0.7806122448979592 0.03717201166180758
porn 0.011904761904761904 0.00510204081632653 6.07385811467444e-05
suffers 0.011904761904761904 0.01020408163265306 0.0001214771622934888
from 0.011904761904761904 0.3520408163265306 0.0041909620991253645
social 0.011904761904761904 0.04081632653061224 0.0004859086491739552
phobia 0.011904761904761904 0.00510204081632653 6.07385811467444e-05
and 0.03571428571428571 0.8571428571428571 0.03061224489795918
is 0.03571428571428571 0.5663265306122449 0.02022594752186589
prone 0.011904761904761904 0.00510204081632653 6.07385811467444e-05
to 0.047619047619047616 0.7806122448979592 0.03717201166180758
spending 0.011904761904761904 0.00510204081632653 6.07385811467444e-05
days 0.011904761904761904 0.025510204081632654 0.00030369290573372206
at 0.011904761904761904 0.23469387755102042 0.0027939747327502427
home 0.011904761904761904 0.07653061224489796 0.0009110787172011661
she 0.011904761904761904 0.19387755102040816 0.0023080660835762875
is 0.03571428571428571 0.5663265306122449 0.02022594752186589
anxious 0.011904761904761904 0.00510204081632653 6.07385811467444e-05
not 0.011904761904761904 0.14795918367346939 0.0017614188532555878
fully 0.011904761904761904 0.00510204081632653 6.07385811467444e-05
aware 0.011904761904761904 0.01020408163265306 0.0001214771622934888
her 0.011904761904761904 0.2755102040816326 0.003279883381924198
body 0.011904761904761904 0.02040816326530612 0.0002429543245869776
and 0.03571428571428571 0.8571428571428571 0.03061224489795918
never 0.011904761904761904 0.03571428571428571 0.0004251700680272108
experienced 0.011904761904761904 0.00510204081632653 6.07385811467444e-05
a 0.03571428571428571 0.8826530612244898 0.03152332361516035
single 0.011904761904761904 0.030612244897959183 0.00036443148688046647
orgasm 0.011904761904761904 0.00510204081632653 6.07385811467444e-05
