the 0.061452513966480445 0.9540816326530612 0.05863071485577471
vicky 0.01675977653631285 0.00510204081632653 8.550906396077984e-05
rai 0.01675977653631285 0.00510204081632653 8.550906396077984e-05
is 0.0223463687150838 0.5663265306122449 0.012655341466195418
one 0.00558659217877095 0.18877551020408162 0.001054611788849618
the 0.061452513966480445 0.9540816326530612 0.05863071485577471
cunning 0.00558659217877095 0.00510204081632653 2.8503021320259948e-05
and 0.0335195530726257 0.8571428571428571 0.028731045490822026
owner 0.00558659217877095 0.00510204081632653 2.8503021320259948e-05
the 0.061452513966480445 0.9540816326530612 0.05863071485577471
rai 0.01675977653631285 0.00510204081632653 8.550906396077984e-05
group 0.00558659217877095 0.05102040816326531 0.0002850302132025995
industries 0.00558659217877095 0.00510204081632653 2.8503021320259948e-05
he 0.0111731843575419 0.34183673469387754 0.003819404856914833
is 0.0223463687150838 0.5663265306122449 0.012655341466195418
also 0.0111731843575419 0.09183673469387756 0.0010261087675293582
the 0.061452513966480445 0.9540816326530612 0.05863071485577471
son 0.0111731843575419 0.08163265306122448 0.0009120966822483183
the 0.061452513966480445 0.9540816326530612 0.05863071485577471
home 0.0111731843575419 0.07653061224489796 0.0008550906396077984
minister 0.00558659217877095 0.015306122448979591 8.550906396077984e-05
chhattisgarh 0.00558659217877095 0.00510204081632653 2.8503021320259948e-05
jagannath 0.00558659217877095 0.00510204081632653 2.8503021320259948e-05
rai 0.01675977653631285 0.00510204081632653 8.550906396077984e-05
vicky 0.01675977653631285 0.00510204081632653 8.550906396077984e-05
got 0.00558659217877095 0.02040816326530612 0.00011401208528103979
murdered 0.00558659217877095 0.015306122448979591 8.550906396077984e-05
in 0.027932960893854747 0.7346938775510204 0.020522175350587164
cold 0.00558659217877095 0.025510204081632654 0.00014251510660129974
blood 0.00558659217877095 0.015306122448979591 8.550906396077984e-05
at 0.00558659217877095 0.23469387755102042 0.0013111389807319578
a 0.027932960893854747 0.8826530612244898 0.024655113442024854
party 0.00558659217877095 0.015306122448979591 8.550906396077984e-05
arranged 0.00558659217877095 0.00510204081632653 2.8503021320259948e-05
by 0.0111731843575419 0.33163265306122447 0.003705392771633793
to 0.0111731843575419 0.7806122448979592 0.008721924523999544
celebrate 0.00558659217877095 0.00510204081632653 2.8503021320259948e-05
his 0.01675977653631285 0.44387755102040816 0.007439288564587846
acquittal 0.00558659217877095 0.00510204081632653 2.8503021320259948e-05
in 0.027932960893854747 0.7346938775510204 0.020522175350587164
a 0.027932960893854747 0.8826530612244898 0.024655113442024854
rape 0.00558659217877095 0.00510204081632653 2.8503021320259948e-05
and 0.0335195530726257 0.8571428571428571 0.028731045490822026
murder 0.027932960893854747 0.030612244897959183 0.0008550906396077983
case 0.01675977653631285 0.030612244897959183 0.000513054383764679
two 0.00558659217877095 0.12755102040816327 0.0007125755330064988
shelter 0.00558659217877095 0.00510204081632653 2.8503021320259948e-05
home 0.0111731843575419 0.07653061224489796 0.0008550906396077984
girls 0.00558659217877095 0.02040816326530612 0.00011401208528103979
there 0.00558659217877095 0.08163265306122448 0.00045604834112415916
six 0.00558659217877095 0.025510204081632654 0.00014251510660129974
suspects 0.00558659217877095 0.015306122448979591 8.550906396077984e-05
surrounding 0.00558659217877095 0.025510204081632654 0.00014251510660129974
the 0.061452513966480445 0.9540816326530612 0.05863071485577471
murder 0.027932960893854747 0.030612244897959183 0.0008550906396077983
and 0.0335195530726257 0.8571428571428571 0.028731045490822026
comes 0.00558659217877095 0.04081632653061224 0.00022802417056207958
across 0.00558659217877095 0.04081632653061224 0.00022802417056207958
the 0.061452513966480445 0.9540816326530612 0.05863071485577471
radar 0.00558659217877095 0.00510204081632653 2.8503021320259948e-05
the 0.061452513966480445 0.9540816326530612 0.05863071485577471
case 0.01675977653631285 0.030612244897959183 0.000513054383764679
investigating 0.00558659217877095 0.00510204081632653 2.8503021320259948e-05
officers 0.00558659217877095 0.01020408163265306 5.7006042640519895e-05
dcp 0.0111731843575419 0.00510204081632653 5.7006042640519895e-05
sudha 0.01675977653631285 0.00510204081632653 8.550906396077984e-05
bhardwaj 0.0111731843575419 0.00510204081632653 5.7006042640519895e-05
and 0.0335195530726257 0.8571428571428571 0.028731045490822026
suraj 0.0111731843575419 0.00510204081632653 5.7006042640519895e-05
yadav 0.00558659217877095 0.00510204081632653 2.8503021320259948e-05
central 0.00558659217877095 0.02040816326530612 0.00011401208528103979
bureau 0.00558659217877095 0.00510204081632653 2.8503021320259948e-05
investigation 0.00558659217877095 0.025510204081632654 0.00014251510660129974
vicky 0.01675977653631285 0.00510204081632653 8.550906396077984e-05
case 0.01675977653631285 0.030612244897959183 0.000513054383764679
also 0.0111731843575419 0.09183673469387756 0.0010261087675293582
put 0.00558659217877095 0.03571428571428571 0.00019952114924181962
an 0.00558659217877095 0.3622448979591837 0.0020237145137384565
unintended 0.00558659217877095 0.00510204081632653 2.8503021320259948e-05
halt 0.00558659217877095 0.00510204081632653 2.8503021320259948e-05
in 0.027932960893854747 0.7346938775510204 0.020522175350587164
his 0.01675977653631285 0.44387755102040816 0.007439288564587846
father 0.00558659217877095 0.11734693877551021 0.0006555694903659789
political 0.00558659217877095 0.015306122448979591 8.550906396077984e-05
career 0.00558659217877095 0.02040816326530612 0.00011401208528103979
that 0.0111731843575419 0.40816326530612246 0.004560483411241592
he 0.0111731843575419 0.34183673469387754 0.003819404856914833
tries 0.00558659217877095 0.030612244897959183 0.00017101812792155968
to 0.0111731843575419 0.7806122448979592 0.008721924523999544
win 0.00558659217877095 0.015306122448979591 8.550906396077984e-05
it 0.00558659217877095 0.2193877551020408 0.0012256299167711779
by 0.0111731843575419 0.33163265306122447 0.003705392771633793
fair 0.00558659217877095 0.015306122448979591 8.550906396077984e-05
or 0.00558659217877095 0.09183673469387756 0.0005130543837646791
foul 0.00558659217877095 0.00510204081632653 2.8503021320259948e-05
means 0.00558659217877095 0.01020408163265306 5.7006042640519895e-05
even 0.00558659217877095 0.07142857142857142 0.00039904229848363923
after 0.00558659217877095 0.1989795918367347 0.0011116178314901379
his 0.01675977653631285 0.44387755102040816 0.007439288564587846
son 0.0111731843575419 0.08163265306122448 0.0009120966822483183
death 0.00558659217877095 0.04591836734693878 0.00025652719188233955
the 0.061452513966480445 0.9540816326530612 0.05863071485577471
great 0.0111731843575419 0.03571428571428571 0.00039904229848363923
indian 0.0111731843575419 0.030612244897959183 0.00034203625584311936
murder 0.027932960893854747 0.030612244897959183 0.0008550906396077983
is 0.0223463687150838 0.5663265306122449 0.012655341466195418
exploring 0.00558659217877095 0.01020408163265306 5.7006042640519895e-05
several 0.00558659217877095 0.02040816326530612 0.00011401208528103979
versions 0.00558659217877095 0.00510204081632653 2.8503021320259948e-05
a 0.027932960893854747 0.8826530612244898 0.024655113442024854
single 0.00558659217877095 0.030612244897959183 0.00017101812792155968
murder 0.027932960893854747 0.030612244897959183 0.0008550906396077983
a 0.027932960893854747 0.8826530612244898 0.024655113442024854
story 0.00558659217877095 0.12755102040816327 0.0007125755330064988
that 0.0111731843575419 0.40816326530612246 0.004560483411241592
sudha 0.01675977653631285 0.00510204081632653 8.550906396077984e-05
and 0.0335195530726257 0.8571428571428571 0.028731045490822026
suraj 0.0111731843575419 0.00510204081632653 5.7006042640519895e-05
weave 0.00558659217877095 0.00510204081632653 2.8503021320259948e-05
through 0.00558659217877095 0.08163265306122448 0.00045604834112415916
their 0.00558659217877095 0.3520408163265306 0.0019667084710979364
investigations 0.00558659217877095 0.00510204081632653 2.8503021320259948e-05
richa 0.00558659217877095 0.00510204081632653 2.8503021320259948e-05
chadda 0.00558659217877095 0.00510204081632653 2.8503021320259948e-05
she 0.00558659217877095 0.19387755102040816 0.001083114810169878
plays 0.00558659217877095 0.015306122448979591 8.550906396077984e-05
the 0.061452513966480445 0.9540816326530612 0.05863071485577471
role 0.0111731843575419 0.02040816326530612 0.00022802417056207958
dcp 0.0111731843575419 0.00510204081632653 5.7006042640519895e-05
sudha 0.01675977653631285 0.00510204081632653 8.550906396077984e-05
bhardwaj 0.0111731843575419 0.00510204081632653 5.7006042640519895e-05
and 0.0335195530726257 0.8571428571428571 0.028731045490822026
pratik 0.00558659217877095 0.00510204081632653 2.8503021320259948e-05
gandhi 0.00558659217877095 0.00510204081632653 2.8503021320259948e-05
who 0.00558659217877095 0.39285714285714285 0.002194732641660016
is 0.0223463687150838 0.5663265306122449 0.012655341466195418
in 0.027932960893854747 0.7346938775510204 0.020522175350587164
role 0.0111731843575419 0.02040816326530612 0.00022802417056207958
a 0.027932960893854747 0.8826530612244898 0.024655113442024854
cbi 0.00558659217877095 0.00510204081632653 2.8503021320259948e-05
officer 0.00558659217877095 0.04591836734693878 0.00025652719188233955
in 0.027932960893854747 0.7346938775510204 0.020522175350587164
the 0.061452513966480445 0.9540816326530612 0.05863071485577471
great 0.0111731843575419 0.03571428571428571 0.00039904229848363923
indian 0.0111731843575419 0.030612244897959183 0.00034203625584311936
murder 0.027932960893854747 0.030612244897959183 0.0008550906396077983
reference 0.00558659217877095 0.00510204081632653 2.8503021320259948e-05
