all 0.006329113924050633 0.17346938775510204 0.0010979075174373546
alone 0.0031645569620253164 0.015306122448979591 4.843709635753035e-05
in 0.015822784810126583 0.7346938775510204 0.011624903125807287
the 0.060126582278481014 0.9540816326530612 0.05736566778610178
world 0.0031645569620253164 0.19387755102040816 0.0006135365538620511
nomi 0.02531645569620253 0.00510204081632653 0.0001291655902867476
malone 0.0031645569620253164 0.01020408163265306 3.22913975716869e-05
making 0.0031645569620253164 0.025510204081632654 8.072849392921726e-05
her 0.0379746835443038 0.2755102040816326 0.010462412813226556
way 0.006329113924050633 0.03571428571428571 0.0002260397830018083
to 0.028481012658227847 0.7806122448979592 0.022232627228106434
las 0.0031645569620253164 0.00510204081632653 1.614569878584345e-05
vegas 0.012658227848101266 0.00510204081632653 6.45827951433738e-05
is 0.022151898734177215 0.5663265306122449 0.012545207956600362
determined 0.0031645569620253164 0.01020408163265306 3.22913975716869e-05
to 0.028481012658227847 0.7806122448979592 0.022232627228106434
make 0.0031645569620253164 0.061224489795918366 0.0001937483854301214
a 0.0189873417721519 0.8826530612244898 0.016759235339705504
name 0.006329113924050633 0.025510204081632654 0.00016145698785843452
as 0.022151898734177215 0.3469387755102041 0.0076853526220614825
a 0.0189873417721519 0.8826530612244898 0.016759235339705504
dancer 0.0031645569620253164 0.01020408163265306 3.22913975716869e-05
while 0.006329113924050633 0.12244897959183673 0.0007749935417204856
putting 0.0031645569620253164 0.01020408163265306 3.22913975716869e-05
her 0.0379746835443038 0.2755102040816326 0.010462412813226556
unspoken 0.0031645569620253164 0.00510204081632653 1.614569878584345e-05
past 0.0031645569620253164 0.04591836734693878 0.00014531128907259108
behind 0.006329113924050633 0.05612244897959184 0.0003552053732885559
her 0.0379746835443038 0.2755102040816326 0.010462412813226556
her 0.0379746835443038 0.2755102040816326 0.010462412813226556
tough 0.0031645569620253164 0.00510204081632653 1.614569878584345e-05
streetwise 0.0031645569620253164 0.00510204081632653 1.614569878584345e-05
veneer 0.0031645569620253164 0.00510204081632653 1.614569878584345e-05
is 0.022151898734177215 0.5663265306122449 0.012545207956600362
not 0.0031645569620253164 0.14795918367346939 0.00046822526478946006
as 0.022151898734177215 0.3469387755102041 0.0076853526220614825
infallible 0.0031645569620253164 0.00510204081632653 1.614569878584345e-05
as 0.022151898734177215 0.3469387755102041 0.0076853526220614825
she 0.02531645569620253 0.19387755102040816 0.004908292430896409
would 0.0031645569620253164 0.030612244897959183 9.68741927150607e-05
like 0.006329113924050633 0.03571428571428571 0.0002260397830018083
she 0.02531645569620253 0.19387755102040816 0.004908292430896409
as 0.022151898734177215 0.3469387755102041 0.0076853526220614825
she 0.02531645569620253 0.19387755102040816 0.004908292430896409
arrives 0.0031645569620253164 0.02040816326530612 6.45827951433738e-05
in 0.015822784810126583 0.7346938775510204 0.011624903125807287
vegas 0.012658227848101266 0.00510204081632653 6.45827951433738e-05
becoming 0.0031645569620253164 0.015306122448979591 4.843709635753035e-05
more 0.0031645569620253164 0.08163265306122448 0.0002583311805734952
cautious 0.0031645569620253164 0.00510204081632653 1.614569878584345e-05
in 0.015822784810126583 0.7346938775510204 0.011624903125807287
the 0.060126582278481014 0.9540816326530612 0.05736566778610178
way 0.006329113924050633 0.03571428571428571 0.0002260397830018083
she 0.02531645569620253 0.19387755102040816 0.004908292430896409
approaches 0.0031645569620253164 0.01020408163265306 3.22913975716869e-05
strangers 0.0031645569620253164 0.00510204081632653 1.614569878584345e-05
who 0.00949367088607595 0.39285714285714285 0.003729656419529837
seem 0.0031645569620253164 0.01020408163265306 3.22913975716869e-05
willing 0.0031645569620253164 0.00510204081632653 1.614569878584345e-05
to 0.028481012658227847 0.7806122448979592 0.022232627228106434
help 0.0031645569620253164 0.10204081632653061 0.00032291397571686904
her 0.0379746835443038 0.2755102040816326 0.010462412813226556
purely 0.0031645569620253164 0.01020408163265306 3.22913975716869e-05
out 0.0031645569620253164 0.18877551020408162 0.0005973908550762077
the 0.060126582278481014 0.9540816326530612 0.05736566778610178
goodness 0.0031645569620253164 0.00510204081632653 1.614569878584345e-05
their 0.0031645569620253164 0.3520408163265306 0.001114053216223198
heart 0.0031645569620253164 0.030612244897959183 9.68741927150607e-05
her 0.0379746835443038 0.2755102040816326 0.010462412813226556
talent 0.006329113924050633 0.01020408163265306 6.45827951433738e-05
and 0.012658227848101266 0.8571428571428571 0.0108499095840868
connections 0.0031645569620253164 0.00510204081632653 1.614569878584345e-05
in 0.015822784810126583 0.7346938775510204 0.011624903125807287
combination 0.0031645569620253164 0.00510204081632653 1.614569878584345e-05
able 0.0031645569620253164 0.030612244897959183 9.68741927150607e-05
to 0.028481012658227847 0.7806122448979592 0.022232627228106434
get 0.006329113924050633 0.0663265306122449 0.00041978816843192974
her 0.0379746835443038 0.2755102040816326 0.010462412813226556
a 0.0189873417721519 0.8826530612244898 0.016759235339705504
job 0.0031645569620253164 0.04591836734693878 0.00014531128907259108
at 0.00949367088607595 0.23469387755102042 0.0022281064324463965
the 0.060126582278481014 0.9540816326530612 0.05736566778610178
cheetah 0.00949367088607595 0.00510204081632653 4.843709635753035e-05
club 0.0031645569620253164 0.01020408163265306 3.22913975716869e-05
a 0.0189873417721519 0.8826530612244898 0.016759235339705504
strip 0.0031645569620253164 0.00510204081632653 1.614569878584345e-05
joint 0.0031645569620253164 0.00510204081632653 1.614569878584345e-05
her 0.0379746835443038 0.2755102040816326 0.010462412813226556
first 0.0031645569620253164 0.08163265306122448 0.0002583311805734952
true 0.0031645569620253164 0.02040816326530612 6.45827951433738e-05
friend 0.0031645569620253164 0.0663265306122449 0.00020989408421596487
in 0.015822784810126583 0.7346938775510204 0.011624903125807287
vegas 0.012658227848101266 0.00510204081632653 6.45827951433738e-05
molly 0.006329113924050633 0.01020408163265306 6.45827951433738e-05
abrams 0.0031645569620253164 0.00510204081632653 1.614569878584345e-05
works 0.006329113924050633 0.04081632653061224 0.0002583311805734952
as 0.022151898734177215 0.3469387755102041 0.0076853526220614825
the 0.060126582278481014 0.9540816326530612 0.05736566778610178
costumer 0.0031645569620253164 0.00510204081632653 1.614569878584345e-05
for 0.006329113924050633 0.3877551020408163 0.0024541462154482043
goddess 0.012658227848101266 0.01020408163265306 0.0001291655902867476
the 0.060126582278481014 0.9540816326530612 0.05736566778610178
topless 0.0031645569620253164 0.00510204081632653 1.614569878584345e-05
production 0.0031645569620253164 0.00510204081632653 1.614569878584345e-05
at 0.00949367088607595 0.23469387755102042 0.0022281064324463965
the 0.060126582278481014 0.9540816326530612 0.05736566778610178
stardust 0.00949367088607595 0.00510204081632653 4.843709635753035e-05
it 0.00949367088607595 0.2193877551020408 0.002082795143373805
is 0.022151898734177215 0.5663265306122449 0.012545207956600362
through 0.00949367088607595 0.08163265306122448 0.0007749935417204856
molly 0.006329113924050633 0.01020408163265306 6.45827951433738e-05
that 0.0031645569620253164 0.40816326530612246 0.0012916559028674762
nomi 0.02531645569620253 0.00510204081632653 0.0001291655902867476
catches 0.006329113924050633 0.00510204081632653 3.22913975716869e-05
the 0.060126582278481014 0.9540816326530612 0.05736566778610178
eye 0.006329113924050633 0.02040816326530612 0.0001291655902867476
goddess 0.012658227848101266 0.01020408163265306 0.0001291655902867476
headliner 0.0031645569620253164 0.00510204081632653 1.614569878584345e-05
cristal 0.00949367088607595 0.00510204081632653 4.843709635753035e-05
connors 0.0031645569620253164 0.00510204081632653 1.614569878584345e-05
nomi 0.02531645569620253 0.00510204081632653 0.0001291655902867476
a 0.0189873417721519 0.8826530612244898 0.016759235339705504
feeling 0.0031645569620253164 0.00510204081632653 1.614569878584345e-05
toward 0.0031645569620253164 0.01020408163265306 3.22913975716869e-05
cristal 0.00949367088607595 0.00510204081632653 4.843709635753035e-05
she 0.02531645569620253 0.19387755102040816 0.004908292430896409
much 0.0031645569620253164 0.03571428571428571 0.00011301989150090416
like 0.006329113924050633 0.03571428571428571 0.0002260397830018083
her 0.0379746835443038 0.2755102040816326 0.010462412813226556
but 0.0031645569620253164 0.3112244897959184 0.0009848876259364505
wants 0.0031645569620253164 0.04591836734693878 0.00014531128907259108
to 0.028481012658227847 0.7806122448979592 0.022232627228106434
become 0.0031645569620253164 0.05612244897959184 0.00017760268664427796
her 0.0379746835443038 0.2755102040816326 0.010462412813226556
being 0.0031645569620253164 0.07653061224489796 0.00024218548178765178
at 0.00949367088607595 0.23469387755102042 0.0022281064324463965
the 0.060126582278481014 0.9540816326530612 0.05736566778610178
stardust 0.00949367088607595 0.00510204081632653 4.843709635753035e-05
nomi 0.02531645569620253 0.00510204081632653 0.0001291655902867476
also 0.006329113924050633 0.09183673469387756 0.0005812451562903643
catches 0.006329113924050633 0.00510204081632653 3.22913975716869e-05
the 0.060126582278481014 0.9540816326530612 0.05736566778610178
eye 0.006329113924050633 0.02040816326530612 0.0001291655902867476
cristal 0.00949367088607595 0.00510204081632653 4.843709635753035e-05
boyfriend 0.0031645569620253164 0.03571428571428571 0.00011301989150090416
zack 0.0031645569620253164 0.00510204081632653 1.614569878584345e-05
carey 0.0031645569620253164 0.01020408163265306 3.22913975716869e-05
stardust 0.00949367088607595 0.00510204081632653 4.843709635753035e-05
entertainment 0.0031645569620253164 0.015306122448979591 4.843709635753035e-05
director 0.0031645569620253164 0.015306122448979591 4.843709635753035e-05
through 0.00949367088607595 0.08163265306122448 0.0007749935417204856
these 0.0031645569620253164 0.05102040816326531 0.00016145698785843452
contacts 0.0031645569620253164 0.00510204081632653 1.614569878584345e-05
nomi 0.02531645569620253 0.00510204081632653 0.0001291655902867476
is 0.022151898734177215 0.5663265306122449 0.012545207956600362
presented 0.0031645569620253164 0.01020408163265306 3.22913975716869e-05
opportunity 0.006329113924050633 0.01020408163265306 6.45827951433738e-05
after 0.0031645569620253164 0.1989795918367347 0.0006296822526478946
opportunity 0.006329113924050633 0.01020408163265306 6.45827951433738e-05
to 0.028481012658227847 0.7806122448979592 0.022232627228106434
part 0.0031645569620253164 0.04081632653061224 0.0001291655902867476
the 0.060126582278481014 0.9540816326530612 0.05736566778610178
family 0.0031645569620253164 0.22448979591836735 0.0007104107465771118
she 0.02531645569620253 0.19387755102040816 0.004908292430896409
to 0.028481012658227847 0.7806122448979592 0.022232627228106434
decide 0.0031645569620253164 0.03571428571428571 0.00011301989150090416
how 0.0031645569620253164 0.09183673469387756 0.00029062257814518216
far 0.0031645569620253164 0.030612244897959183 9.68741927150607e-05
she 0.02531645569620253 0.19387755102040816 0.004908292430896409
will 0.006329113924050633 0.1989795918367347 0.0012593645052957892
go 0.0031645569620253164 0.09183673469387756 0.00029062257814518216
to 0.028481012658227847 0.7806122448979592 0.022232627228106434
achieve 0.0031645569620253164 0.015306122448979591 4.843709635753035e-05
her 0.0379746835443038 0.2755102040816326 0.010462412813226556
dream 0.0031645569620253164 0.015306122448979591 4.843709635753035e-05
james 0.0031645569620253164 0.00510204081632653 1.614569878584345e-05
smith 0.0031645569620253164 0.00510204081632653 1.614569878584345e-05
a 0.0189873417721519 0.8826530612244898 0.016759235339705504
struggling 0.0031645569620253164 0.00510204081632653 1.614569878584345e-05
who 0.00949367088607595 0.39285714285714285 0.003729656419529837
works 0.006329113924050633 0.04081632653061224 0.0002583311805734952
whatever 0.0031645569620253164 0.00510204081632653 1.614569878584345e-05
odd 0.0031645569620253164 0.01020408163265306 3.22913975716869e-05
jobs 0.0031645569620253164 0.01020408163265306 3.22913975716869e-05
he 0.006329113924050633 0.34183673469387754 0.0021635236373030225
can 0.0031645569620253164 0.08673469387755102 0.00027447687935933866
get 0.006329113924050633 0.0663265306122449 0.00041978816843192974
and 0.012658227848101266 0.8571428571428571 0.0108499095840868
who 0.00949367088607595 0.39285714285714285 0.003729656419529837
is 0.022151898734177215 0.5663265306122449 0.012545207956600362
also 0.006329113924050633 0.09183673469387756 0.0005812451562903643
attracted 0.0031645569620253164 0.015306122448979591 4.843709635753035e-05
to 0.028481012658227847 0.7806122448979592 0.022232627228106434
nomi 0.02531645569620253 0.00510204081632653 0.0001291655902867476
largely 0.0031645569620253164 0.00510204081632653 1.614569878584345e-05
for 0.006329113924050633 0.3877551020408163 0.0024541462154482043
her 0.0379746835443038 0.2755102040816326 0.010462412813226556
natural 0.0031645569620253164 0.00510204081632653 1.614569878584345e-05
albeit 0.0031645569620253164 0.00510204081632653 1.614569878584345e-05
raw 0.0031645569620253164 0.01020408163265306 3.22913975716869e-05
talent 0.006329113924050633 0.01020408163265306 6.45827951433738e-05
see 0.0031645569620253164 0.04081632653061224 0.0001291655902867476
nomi 0.02531645569620253 0.00510204081632653 0.0001291655902867476
chosen 0.0031645569620253164 0.015306122448979591 4.843709635753035e-05
path 0.0031645569620253164 0.025510204081632654 8.072849392921726e-05
as 0.022151898734177215 0.3469387755102041 0.0076853526220614825
the 0.060126582278481014 0.9540816326530612 0.05736566778610178
one 0.0031645569620253164 0.18877551020408162 0.0005973908550762077
she 0.02531645569620253 0.19387755102040816 0.004908292430896409
pursue 0.0031645569620253164 0.00510204081632653 1.614569878584345e-05
as 0.022151898734177215 0.3469387755102041 0.0076853526220614825
he 0.006329113924050633 0.34183673469387754 0.0021635236373030225
considers 0.0031645569620253164 0.00510204081632653 1.614569878584345e-05
goddess 0.012658227848101266 0.01020408163265306 0.0001291655902867476
illegitimate 0.0031645569620253164 0.01020408163265306 3.22913975716869e-05
while 0.006329113924050633 0.12244897959183673 0.0007749935417204856
the 0.060126582278481014 0.9540816326530612 0.05736566778610178
cheetah 0.00949367088607595 0.00510204081632653 4.843709635753035e-05
is 0.022151898734177215 0.5663265306122449 0.012545207956600362
what 0.0031645569620253164 0.1377551020408163 0.0004359338672177731
it 0.00949367088607595 0.2193877551020408 0.002082795143373805
appears 0.0031645569620253164 0.015306122448979591 4.843709635753035e-05
on 0.0031645569620253164 0.3520408163265306 0.001114053216223198
the 0.060126582278481014 0.9540816326530612 0.05736566778610178
surface 0.0031645569620253164 0.01020408163265306 3.22913975716869e-05
goddess 0.012658227848101266 0.01020408163265306 0.0001291655902867476
is 0.022151898734177215 0.5663265306122449 0.012545207956600362
the 0.060126582278481014 0.9540816326530612 0.05736566778610178
cheetah 0.00949367088607595 0.00510204081632653 4.843709635753035e-05
hiding 0.0031645569620253164 0.025510204081632654 8.072849392921726e-05
behind 0.006329113924050633 0.05612244897959184 0.0003552053732885559
big 0.0031645569620253164 0.02040816326530612 6.45827951433738e-05
name 0.006329113924050633 0.025510204081632654 0.00016145698785843452
through 0.00949367088607595 0.08163265306122448 0.0007749935417204856
it 0.00949367088607595 0.2193877551020408 0.002082795143373805
all 0.006329113924050633 0.17346938775510204 0.0010979075174373546
nomi 0.02531645569620253 0.00510204081632653 0.0001291655902867476
will 0.006329113924050633 0.1989795918367347 0.0012593645052957892
discover 0.0031645569620253164 0.025510204081632654 8.072849392921726e-05
the 0.060126582278481014 0.9540816326530612 0.05736566778610178
good 0.0031645569620253164 0.025510204081632654 8.072849392921726e-05
the 0.060126582278481014 0.9540816326530612 0.05736566778610178
bad 0.006329113924050633 0.00510204081632653 3.22913975716869e-05
and 0.012658227848101266 0.8571428571428571 0.0108499095840868
the 0.060126582278481014 0.9540816326530612 0.05736566778610178
bad 0.006329113924050633 0.00510204081632653 3.22913975716869e-05
vegas 0.012658227848101266 0.00510204081632653 6.45827951433738e-05
life 0.0031645569620253164 0.20408163265306123 0.0006458279514337381
especially 0.0031645569620253164 0.00510204081632653 1.614569878584345e-05
among 0.0031645569620253164 0.02040816326530612 6.45827951433738e-05
the 0.060126582278481014 0.9540816326530612 0.05736566778610178
rich 0.0031645569620253164 0.01020408163265306 3.22913975716869e-05
and 0.012658227848101266 0.8571428571428571 0.0108499095840868
beautiful 0.0031645569620253164 0.015306122448979591 4.843709635753035e-05
