the 0.038461538461538464 0.9540816326530612 0.03669544740973313
story 0.038461538461538464 0.12755102040816327 0.004905808477237049
two 0.038461538461538464 0.12755102040816327 0.004905808477237049
extraordinary 0.038461538461538464 0.02040816326530612 0.0007849293563579277
men 0.038461538461538464 0.04591836734693878 0.0017660910518053378
homi 0.038461538461538464 0.00510204081632653 0.00019623233908948193
jehangir 0.038461538461538464 0.00510204081632653 0.00019623233908948193
bhabha 0.038461538461538464 0.00510204081632653 0.00019623233908948193
and 0.038461538461538464 0.8571428571428571 0.03296703296703297
vikram 0.038461538461538464 0.01020408163265306 0.00039246467817896386
ambalal 0.038461538461538464 0.00510204081632653 0.00019623233908948193
sarabhai 0.038461538461538464 0.00510204081632653 0.00019623233908948193
who 0.038461538461538464 0.39285714285714285 0.01510989010989011
created 0.038461538461538464 0.02040816326530612 0.0007849293563579277
history 0.038461538461538464 0.03571428571428571 0.0013736263736263737
while 0.038461538461538464 0.12244897959183673 0.004709576138147567
building 0.038461538461538464 0.015306122448979591 0.0005886970172684459
india 0.038461538461538464 0.04081632653061224 0.0015698587127158554
future 0.038461538461538464 0.030612244897959183 0.0011773940345368918
