in 0.03614457831325301 0.7346938775510204 0.026555200393410375
the 0.08433734939759036 0.9540816326530612 0.08046471600688468
times 0.012048192771084338 0.015306122448979591 0.00018441111384312763
the 0.08433734939759036 0.9540816326530612 0.08046471600688468
greatest 0.012048192771084338 0.025510204081632654 0.00030735185640521273
trials 0.012048192771084338 0.00510204081632653 6.147037128104254e-05
in 0.03614457831325301 0.7346938775510204 0.026555200393410375
the 0.08433734939759036 0.9540816326530612 0.08046471600688468
history 0.012048192771084338 0.03571428571428571 0.0004302925989672978
mankind 0.012048192771084338 0.030612244897959183 0.00036882222768625525
when 0.012048192771084338 0.27040816326530615 0.003257929677895255
the 0.08433734939759036 0.9540816326530612 0.08046471600688468
lives 0.012048192771084338 0.12244897959183673 0.001475288910745021
loved 0.024096385542168676 0.02040816326530612 0.0004917629702483403
ones 0.024096385542168676 0.025510204081632654 0.0006147037128104255
depend 0.012048192771084338 0.00510204081632653 6.147037128104254e-05
on 0.012048192771084338 0.3520408163265306 0.004241455618391936
every 0.012048192771084338 0.03571428571428571 0.0004302925989672978
single 0.012048192771084338 0.030612244897959183 0.00036882222768625525
action 0.012048192771084338 0.01020408163265306 0.00012294074256208508
two 0.012048192771084338 0.12755102040816327 0.0015367592820260635
sworn 0.012048192771084338 0.00510204081632653 6.147037128104254e-05
enemies 0.012048192771084338 0.00510204081632653 6.147037128104254e-05
will 0.012048192771084338 0.1989795918367347 0.002397344479960659
collapse 0.012048192771084338 0.00510204081632653 6.147037128104254e-05
being 0.012048192771084338 0.07653061224489796 0.0009220555692156381
held 0.012048192771084338 0.015306122448979591 0.00018441111384312763
in 0.03614457831325301 0.7346938775510204 0.026555200393410375
captivity 0.012048192771084338 0.01020408163265306 0.00012294074256208508
young 0.012048192771084338 0.15816326530612246 0.001905581509712319
lieutenant 0.012048192771084338 0.01020408163265306 0.00012294074256208508
ivushkin 0.024096385542168676 0.00510204081632653 0.00012294074256208508
is 0.024096385542168676 0.5663265306122449 0.013646422424391444
planning 0.012048192771084338 0.01020408163265306 0.00012294074256208508
a 0.024096385542168676 0.8826530612244898 0.02126874846324072
daring 0.012048192771084338 0.00510204081632653 6.147037128104254e-05
escape 0.012048192771084338 0.04591836734693878 0.0005532333415293829
he 0.012048192771084338 0.34183673469387754 0.00411851487582985
assembles 0.012048192771084338 0.00510204081632653 6.147037128104254e-05
a 0.024096385542168676 0.8826530612244898 0.02126874846324072
crew 0.012048192771084338 0.015306122448979591 0.00018441111384312763
and 0.024096385542168676 0.8571428571428571 0.020654044750430294
challenges 0.012048192771084338 0.02040816326530612 0.00024588148512417015
the 0.08433734939759036 0.9540816326530612 0.08046471600688468
german 0.012048192771084338 0.02040816326530612 0.00024588148512417015
tank 0.012048192771084338 0.01020408163265306 0.00012294074256208508
aces 0.012048192771084338 0.00510204081632653 6.147037128104254e-05
led 0.012048192771084338 0.025510204081632654 0.00030735185640521273
by 0.012048192771084338 0.33163265306122447 0.003995574133267765
jager 0.012048192771084338 0.00510204081632653 6.147037128104254e-05
for 0.012048192771084338 0.3877551020408163 0.004671748217359233
the 0.08433734939759036 0.9540816326530612 0.08046471600688468
sake 0.012048192771084338 0.015306122448979591 0.00018441111384312763
his 0.024096385542168676 0.44387755102040816 0.010695844602901402
loved 0.024096385542168676 0.02040816326530612 0.0004917629702483403
ones 0.024096385542168676 0.025510204081632654 0.0006147037128104255
and 0.024096385542168676 0.8571428571428571 0.020654044750430294
his 0.024096385542168676 0.44387755102040816 0.010695844602901402
country 0.012048192771084338 0.015306122448979591 0.00018441111384312763
ivushkin 0.024096385542168676 0.00510204081632653 0.00012294074256208508
is 0.024096385542168676 0.5663265306122449 0.013646422424391444
ready 0.012048192771084338 0.01020408163265306 0.00012294074256208508
to 0.012048192771084338 0.7806122448979592 0.00940496680599951
go 0.012048192771084338 0.09183673469387756 0.0011064666830587658
till 0.012048192771084338 0.00510204081632653 6.147037128104254e-05
the 0.08433734939759036 0.9540816326530612 0.08046471600688468
end 0.012048192771084338 0.04591836734693878 0.0005532333415293829
media 0.012048192771084338 0.025510204081632654 0.00030735185640521273
entertainment 0.012048192771084338 0.015306122448979591 0.00018441111384312763
