a 0.041666666666666664 0.8826530612244898 0.03677721088435374
global 0.020833333333333332 0.01020408163265306 0.0002125850340136054
superstar 0.020833333333333332 0.00510204081632653 0.0001062925170068027
wife 0.020833333333333332 0.05612244897959184 0.00116921768707483
and 0.0625 0.8571428571428571 0.05357142857142857
mom 0.020833333333333332 0.01020408163265306 0.0002125850340136054
suddenly 0.020833333333333332 0.030612244897959183 0.0006377551020408163
vanishes 0.020833333333333332 0.01020408163265306 0.0002125850340136054
without 0.020833333333333332 0.04081632653061224 0.0008503401360544216
a 0.041666666666666664 0.8826530612244898 0.03677721088435374
trace 0.020833333333333332 0.015306122448979591 0.00031887755102040814
as 0.020833333333333332 0.3469387755102041 0.007227891156462584
police 0.020833333333333332 0.08163265306122448 0.0017006802721088433
and 0.0625 0.8571428571428571 0.05357142857142857
loved 0.020833333333333332 0.02040816326530612 0.0004251700680272108
ones 0.020833333333333332 0.025510204081632654 0.0005314625850340135
search 0.020833333333333332 0.030612244897959183 0.0006377551020408163
for 0.020833333333333332 0.3877551020408163 0.008078231292517005
answers 0.020833333333333332 0.01020408163265306 0.0002125850340136054
to 0.020833333333333332 0.7806122448979592 0.016262755102040817
her 0.041666666666666664 0.2755102040816326 0.011479591836734693
disappearance 0.020833333333333332 0.01020408163265306 0.0002125850340136054
her 0.041666666666666664 0.2755102040816326 0.011479591836734693
perfectly 0.020833333333333332 0.00510204081632653 0.0001062925170068027
crafted 0.020833333333333332 0.00510204081632653 0.0001062925170068027
facade 0.020833333333333332 0.00510204081632653 0.0001062925170068027
is 0.020833333333333332 0.5663265306122449 0.011798469387755101
stripped 0.020833333333333332 0.00510204081632653 0.0001062925170068027
away 0.020833333333333332 0.04081632653061224 0.0008503401360544216
revealing 0.020833333333333332 0.00510204081632653 0.0001062925170068027
hidden 0.020833333333333332 0.030612244897959183 0.0006377551020408163
truths 0.020833333333333332 0.00510204081632653 0.0001062925170068027
and 0.0625 0.8571428571428571 0.05357142857142857
painful 0.020833333333333332 0.00510204081632653 0.0001062925170068027
lies 0.020833333333333332 0.01020408163265306 0.0002125850340136054
in 0.020833333333333332 0.7346938775510204 0.015306122448979591
the 0.020833333333333332 0.9540816326530612 0.019876700680272107
life 0.020833333333333332 0.20408163265306123 0.004251700680272108
an 0.020833333333333332 0.3622448979591837 0.007546768707482993
iconic 0.020833333333333332 0.00510204081632653 0.0001062925170068027
actress 0.020833333333333332 0.025510204081632654 0.0005314625850340135
