a 0.06818181818181818 0.8826530612244898 0.060180890538033396
day 0.022727272727272728 0.09183673469387756 0.0020871985157699443
in 0.06818181818181818 0.7346938775510204 0.05009276437847866
the 0.045454545454545456 0.9540816326530612 0.04336734693877551
life 0.022727272727272728 0.20408163265306123 0.00463821892393321
a 0.06818181818181818 0.8826530612244898 0.060180890538033396
comic 0.022727272727272728 0.00510204081632653 0.00011595547309833023
book 0.022727272727272728 0.02040816326530612 0.0004638218923933209
artist 0.022727272727272728 0.00510204081632653 0.00011595547309833023
and 0.06818181818181818 0.8571428571428571 0.05844155844155843
his 0.045454545454545456 0.44387755102040816 0.020176252319109463
family 0.022727272727272728 0.22448979591836735 0.005102040816326531
in 0.06818181818181818 0.7346938775510204 0.05009276437847866
russia 0.022727272727272728 0.02040816326530612 0.0004638218923933209
while 0.022727272727272728 0.12244897959183673 0.0027829313543599257
suffering 0.022727272727272728 0.01020408163265306 0.00023191094619666046
from 0.022727272727272728 0.3520408163265306 0.008000927643784787
the 0.045454545454545456 0.9540816326530612 0.04336734693877551
flu 0.022727272727272728 0.00510204081632653 0.00011595547309833023
petrov 0.022727272727272728 0.00510204081632653 0.00011595547309833023
is 0.022727272727272728 0.5663265306122449 0.012871057513914657
carried 0.022727272727272728 0.01020408163265306 0.00023191094619666046
by 0.022727272727272728 0.33163265306122447 0.007537105751391465
his 0.045454545454545456 0.44387755102040816 0.020176252319109463
friend 0.022727272727272728 0.0663265306122449 0.0015074211502782932
igor 0.022727272727272728 0.01020408163265306 0.00023191094619666046
on 0.022727272727272728 0.3520408163265306 0.008000927643784787
a 0.06818181818181818 0.8826530612244898 0.060180890538033396
long 0.022727272727272728 0.05612244897959184 0.0012755102040816328
walk 0.022727272727272728 0.015306122448979591 0.0003478664192949907
drifting 0.022727272727272728 0.00510204081632653 0.00011595547309833023
in 0.06818181818181818 0.7346938775510204 0.05009276437847866
and 0.06818181818181818 0.8571428571428571 0.05844155844155843
out 0.022727272727272728 0.18877551020408162 0.004290352504638219
fantasy 0.022727272727272728 0.01020408163265306 0.00023191094619666046
and 0.06818181818181818 0.8571428571428571 0.05844155844155843
reality 0.022727272727272728 0.015306122448979591 0.0003478664192949907
