aggressively 0.038461538461538464 0.00510204081632653 0.00019623233908948193
pursued 0.038461538461538464 0.00510204081632653 0.00019623233908948193
by 0.038461538461538464 0.33163265306122447 0.012755102040816327
a 0.07692307692307693 0.8826530612244898 0.06789638932496075
politician 0.038461538461538464 0.00510204081632653 0.00019623233908948193
daughter 0.038461538461538464 0.05102040816326531 0.0019623233908948197
who 0.038461538461538464 0.39285714285714285 0.01510989010989011
will 0.038461538461538464 0.1989795918367347 0.007653061224489797
anything 0.038461538461538464 0.01020408163265306 0.00039246467817896386
to 0.07692307692307693 0.7806122448979592 0.06004709576138148
marry 0.038461538461538464 0.03571428571428571 0.0013736263736263737
a 0.07692307692307693 0.8826530612244898 0.06789638932496075
man 0.038461538461538464 0.12755102040816327 0.004905808477237049
takes 0.038461538461538464 0.05612244897959184 0.0021585557299843017
drastic 0.038461538461538464 0.00510204081632653 0.00019623233908948193
measures 0.038461538461538464 0.00510204081632653 0.00019623233908948193
to 0.07692307692307693 0.7806122448979592 0.06004709576138148
reclaim 0.038461538461538464 0.00510204081632653 0.00019623233908948193
his 0.038461538461538464 0.44387755102040816 0.01707221350078493
life 0.038461538461538464 0.20408163265306123 0.007849293563579279
