the 0.05434782608695652 0.9540816326530612 0.05185226264418811
events 0.010869565217391304 0.05102040816326531 0.0005545696539485359
the 0.05434782608695652 0.9540816326530612 0.05185226264418811
film 0.010869565217391304 0.061224489795918366 0.0006654835847382431
unfold 0.010869565217391304 0.00510204081632653 5.545696539485359e-05
six 0.010869565217391304 0.025510204081632654 0.00027728482697426796
days 0.010869565217391304 0.025510204081632654 0.00027728482697426796
and 0.043478260869565216 0.8571428571428571 0.03726708074534161
tell 0.010869565217391304 0.015306122448979591 0.00016637089618456077
the 0.05434782608695652 0.9540816326530612 0.05185226264418811
mysterious 0.010869565217391304 0.08673469387755102 0.0009427684117125111
journey 0.010869565217391304 0.08163265306122448 0.0008873114463176574
a 0.05434782608695652 0.8826530612244898 0.04797027506654836
strange 0.010869565217391304 0.03571428571428571 0.00038819875776397513
man 0.010869565217391304 0.12755102040816327 0.0013864241348713398
and 0.043478260869565216 0.8571428571428571 0.03726708074534161
his 0.010869565217391304 0.44387755102040816 0.0048247559893522625
two 0.010869565217391304 0.12755102040816327 0.0013864241348713398
teenage 0.010869565217391304 0.025510204081632654 0.00027728482697426796
sons 0.010869565217391304 0.01020408163265306 0.00011091393078970718
who 0.021739130434782608 0.39285714285714285 0.008540372670807452
never 0.010869565217391304 0.03571428571428571 0.00038819875776397513
seen 0.010869565217391304 0.02040816326530612 0.00022182786157941436
vanya 0.010869565217391304 0.00510204081632653 5.545696539485359e-05
and 0.043478260869565216 0.8571428571428571 0.03726708074534161
andrey 0.010869565217391304 0.00510204081632653 5.545696539485359e-05
for 0.010869565217391304 0.3877551020408163 0.004214729370008873
how 0.010869565217391304 0.09183673469387756 0.0009982253771073648
long 0.010869565217391304 0.05612244897959184 0.0006100266193433895
they 0.010869565217391304 0.28061224489795916 0.0030501330967169474
remember 0.010869565217391304 0.00510204081632653 5.545696539485359e-05
lived 0.010869565217391304 0.01020408163265306 0.00011091393078970718
with 0.010869565217391304 0.4387755102040816 0.004769299023957408
their 0.03260869565217391 0.3520408163265306 0.011479591836734694
mother 0.010869565217391304 0.05612244897959184 0.0006100266193433895
who 0.021739130434782608 0.39285714285714285 0.008540372670807452
once 0.010869565217391304 0.061224489795918366 0.0006654835847382431
told 0.010869565217391304 0.00510204081632653 5.545696539485359e-05
that 0.010869565217391304 0.40816326530612246 0.0044365572315882874
their 0.03260869565217391 0.3520408163265306 0.011479591836734694
father 0.010869565217391304 0.11734693877551021 0.0012755102040816328
a 0.05434782608695652 0.8826530612244898 0.04797027506654836
pilot 0.010869565217391304 0.00510204081632653 5.545696539485359e-05
but 0.010869565217391304 0.3112244897959184 0.003382874889086069
one 0.010869565217391304 0.18877551020408162 0.002051907719609583
ordinary 0.010869565217391304 0.03571428571428571 0.00038819875776397513
monday 0.010869565217391304 0.00510204081632653 5.545696539485359e-05
dad 0.010869565217391304 0.00510204081632653 5.545696539485359e-05
appears 0.010869565217391304 0.015306122448979591 0.00016637089618456077
in 0.021739130434782608 0.7346938775510204 0.015971606033717837
their 0.03260869565217391 0.3520408163265306 0.011479591836734694
house 0.010869565217391304 0.061224489795918366 0.0006654835847382431
and 0.043478260869565216 0.8571428571428571 0.03726708074534161
takes 0.010869565217391304 0.05612244897959184 0.0006100266193433895
the 0.05434782608695652 0.9540816326530612 0.05185226264418811
brothers 0.010869565217391304 0.02040816326530612 0.00022182786157941436
on 0.010869565217391304 0.3520408163265306 0.003826530612244898
a 0.05434782608695652 0.8826530612244898 0.04797027506654836
hike 0.010869565217391304 0.01020408163265306 0.00011091393078970718
to 0.010869565217391304 0.7806122448979592 0.0084849157054126
a 0.05434782608695652 0.8826530612244898 0.04797027506654836
small 0.010869565217391304 0.07653061224489796 0.0008318544809228039
island 0.010869565217391304 0.02040816326530612 0.00022182786157941436
in 0.021739130434782608 0.7346938775510204 0.015971606033717837
the 0.05434782608695652 0.9540816326530612 0.05185226264418811
middle 0.010869565217391304 0.025510204081632654 0.00027728482697426796
a 0.05434782608695652 0.8826530612244898 0.04797027506654836
forest 0.010869565217391304 0.04081632653061224 0.0004436557231588287
lake 0.010869565217391304 0.015306122448979591 0.00016637089618456077
