the 0.04827586206896552 0.9540816326530612 0.04605911330049261
century 0.006896551724137931 0.03571428571428571 0.0002463054187192118
is 0.027586206896551724 0.5663265306122449 0.015622800844475721
around 0.006896551724137931 0.08673469387755102 0.0005981703026038002
the 0.04827586206896552 0.9540816326530612 0.04605911330049261
corner 0.006896551724137931 0.01020408163265306 7.037297677691766e-05
in 0.020689655172413793 0.7346938775510204 0.015200562983814217
winter 0.006896551724137931 0.01020408163265306 7.037297677691766e-05
petersburg 0.006896551724137931 0.02040816326530612 0.00014074595355383532
transforms 0.006896551724137931 0.015306122448979591 0.0001055594651653765
a 0.05517241379310345 0.8826530612244898 0.04869809992962702
fairy 0.006896551724137931 0.01020408163265306 7.037297677691766e-05
wonderland 0.006896551724137931 0.00510204081632653 3.518648838845883e-05
where 0.006896551724137931 0.11224489795918367 0.0007741027445460943
frozen 0.006896551724137931 0.015306122448979591 0.0001055594651653765
rivers 0.006896551724137931 0.01020408163265306 7.037297677691766e-05
and 0.020689655172413793 0.8571428571428571 0.01773399014778325
canals 0.013793103448275862 0.00510204081632653 7.037297677691766e-05
serve 0.006896551724137931 0.00510204081632653 3.518648838845883e-05
as 0.013793103448275862 0.3469387755102041 0.004785362420830401
the 0.04827586206896552 0.9540816326530612 0.04605911330049261
roads 0.006896551724137931 0.01020408163265306 7.037297677691766e-05
and 0.020689655172413793 0.8571428571428571 0.01773399014778325
bustle 0.006896551724137931 0.00510204081632653 3.518648838845883e-05
with 0.006896551724137931 0.4387755102040816 0.003026038001407459
skaters 0.006896551724137931 0.00510204081632653 3.518648838845883e-05
and 0.020689655172413793 0.8571428571428571 0.01773399014778325
markets 0.006896551724137931 0.00510204081632653 3.518648838845883e-05
the 0.04827586206896552 0.9540816326530612 0.04605911330049261
city 0.006896551724137931 0.09183673469387756 0.000633356790992259
is 0.027586206896551724 0.5663265306122449 0.015622800844475721
home 0.006896551724137931 0.07653061224489796 0.0005277973258268825
to 0.006896551724137931 0.7806122448979592 0.005383532723434201
matvey 0.006896551724137931 0.00510204081632653 3.518648838845883e-05
who 0.013793103448275862 0.39285714285714285 0.00541871921182266
works 0.006896551724137931 0.04081632653061224 0.00028149190710767064
as 0.013793103448275862 0.3469387755102041 0.004785362420830401
an 0.006896551724137931 0.3622448979591837 0.0024982406755805773
delivery 0.006896551724137931 0.00510204081632653 3.518648838845883e-05
boy 0.006896551724137931 0.030612244897959183 0.000211118930330753
at 0.006896551724137931 0.23469387755102042 0.0016185784658691064
a 0.05517241379310345 0.8826530612244898 0.04869809992962702
local 0.006896551724137931 0.025510204081632654 0.00017593244194229416
bakery 0.006896551724137931 0.00510204081632653 3.518648838845883e-05
the 0.04827586206896552 0.9540816326530612 0.04605911330049261
son 0.006896551724137931 0.08163265306122448 0.0005629838142153413
a 0.05517241379310345 0.8826530612244898 0.04869809992962702
poor 0.006896551724137931 0.00510204081632653 3.518648838845883e-05
lamplighter 0.006896551724137931 0.00510204081632653 3.518648838845883e-05
his 0.013793103448275862 0.44387755102040816 0.006122448979591836
treasure 0.006896551724137931 0.015306122448979591 0.0001055594651653765
is 0.027586206896551724 0.5663265306122449 0.015622800844475721
a 0.05517241379310345 0.8826530612244898 0.04869809992962702
pair 0.006896551724137931 0.00510204081632653 3.518648838845883e-05
skates 0.006896551724137931 0.00510204081632653 3.518648838845883e-05
he 0.020689655172413793 0.34183673469387754 0.007072484166080225
inherited 0.006896551724137931 0.00510204081632653 3.518648838845883e-05
from 0.006896551724137931 0.3520408163265306 0.0024278676988036593
his 0.013793103448275862 0.44387755102040816 0.006122448979591836
father 0.020689655172413793 0.11734693877551021 0.0024278676988036597
when 0.006896551724137931 0.27040816326530615 0.0018648838845883183
he 0.020689655172413793 0.34183673469387754 0.007072484166080225
is 0.027586206896551724 0.5663265306122449 0.015622800844475721
unjustly 0.006896551724137931 0.00510204081632653 3.518648838845883e-05
fired 0.006896551724137931 0.00510204081632653 3.518648838845883e-05
he 0.020689655172413793 0.34183673469387754 0.007072484166080225
joins 0.006896551724137931 0.015306122448979591 0.0001055594651653765
a 0.05517241379310345 0.8826530612244898 0.04869809992962702
gang 0.006896551724137931 0.02040816326530612 0.00014074595355383532
pickpockets 0.006896551724137931 0.00510204081632653 3.518648838845883e-05
who 0.013793103448275862 0.39285714285714285 0.00541871921182266
work 0.006896551724137931 0.04591836734693878 0.0003166783954961295
the 0.04827586206896552 0.9540816326530612 0.04605911330049261
canals 0.013793103448275862 0.00510204081632653 7.037297677691766e-05
led 0.006896551724137931 0.025510204081632654 0.00017593244194229416
by 0.006896551724137931 0.33163265306122447 0.0022871217452498237
the 0.04827586206896552 0.9540816326530612 0.04605911330049261
alex 0.006896551724137931 0.01020408163265306 7.037297677691766e-05
meanwhile 0.006896551724137931 0.030612244897959183 0.000211118930330753
a 0.05517241379310345 0.8826530612244898 0.04869809992962702
official 0.006896551724137931 0.01020408163265306 7.037297677691766e-05
daughter 0.006896551724137931 0.05102040816326531 0.0003518648838845883
alisa 0.006896551724137931 0.00510204081632653 3.518648838845883e-05
feels 0.006896551724137931 0.01020408163265306 7.037297677691766e-05
like 0.006896551724137931 0.03571428571428571 0.0002463054187192118
a 0.05517241379310345 0.8826530612244898 0.04869809992962702
prisoner 0.006896551724137931 0.00510204081632653 3.518648838845883e-05
in 0.020689655172413793 0.7346938775510204 0.015200562983814217
her 0.013793103448275862 0.2755102040816326 0.0038001407459535533
father 0.020689655172413793 0.11734693877551021 0.0024278676988036597
mansion 0.006896551724137931 0.01020408163265306 7.037297677691766e-05
she 0.006896551724137931 0.19387755102040816 0.0013370865587614355
dreams 0.006896551724137931 0.04081632653061224 0.00028149190710767064
studying 0.006896551724137931 0.00510204081632653 3.518648838845883e-05
science 0.006896551724137931 0.00510204081632653 3.518648838845883e-05
goes 0.006896551724137931 0.04591836734693878 0.0003166783954961295
her 0.013793103448275862 0.2755102040816326 0.0038001407459535533
father 0.020689655172413793 0.11734693877551021 0.0024278676988036597
conservative 0.006896551724137931 0.01020408163265306 7.037297677691766e-05
views 0.006896551724137931 0.00510204081632653 3.518648838845883e-05
on 0.006896551724137931 0.3520408163265306 0.0024278676988036593
a 0.05517241379310345 0.8826530612244898 0.04869809992962702
woman 0.006896551724137931 0.07142857142857142 0.0004926108374384236
role 0.006896551724137931 0.02040816326530612 0.00014074595355383532
in 0.020689655172413793 0.7346938775510204 0.015200562983814217
society 0.006896551724137931 0.03571428571428571 0.0002463054187192118
one 0.006896551724137931 0.18877551020408162 0.0013019000703729767
day 0.006896551724137931 0.09183673469387756 0.000633356790992259
their 0.006896551724137931 0.3520408163265306 0.0024278676988036593
paths 0.006896551724137931 0.02040816326530612 0.00014074595355383532
cross 0.006896551724137931 0.015306122448979591 0.0001055594651653765
