in 0.010309278350515464 0.7346938775510204 0.007574163686092994
the 0.10824742268041238 0.9540816326530612 0.10327687776141385
century 0.005154639175257732 0.03571428571428571 0.0001840942562592047
the 0.10824742268041238 0.9540816326530612 0.10327687776141385
universe 0.005154639175257732 0.015306122448979591 7.889753839680202e-05
is 0.020618556701030927 0.5663265306122449 0.0116768356827267
threatened 0.005154639175257732 0.015306122448979591 7.889753839680202e-05
by 0.010309278350515464 0.33163265306122447 0.003418893330528087
evil 0.015463917525773196 0.03571428571428571 0.0005522827687776141
the 0.10824742268041238 0.9540816326530612 0.10327687776141385
hope 0.005154639175257732 0.030612244897959183 0.00015779507679360404
for 0.005154639175257732 0.3877551020408163 0.001998737639385651
mankind 0.005154639175257732 0.030612244897959183 0.00015779507679360404
is 0.020618556701030927 0.5663265306122449 0.0116768356827267
the 0.10824742268041238 0.9540816326530612 0.10327687776141385
fifth 0.015463917525773196 0.00510204081632653 7.889753839680202e-05
element 0.015463917525773196 0.00510204081632653 7.889753839680202e-05
who 0.005154639175257732 0.39285714285714285 0.0020250368188512516
comes 0.005154639175257732 0.04081632653061224 0.00021039343572480537
to 0.04639175257731959 0.7806122448979592 0.03621397012413213
earth 0.015463917525773196 0.05102040816326531 0.0007889753839680203
every 0.005154639175257732 0.03571428571428571 0.0001840942562592047
five 0.005154639175257732 0.030612244897959183 0.00015779507679360404
thousand 0.005154639175257732 0.00510204081632653 2.6299179465600672e-05
years 0.005154639175257732 0.12244897959183673 0.0006311803071744162
to 0.04639175257731959 0.7806122448979592 0.03621397012413213
protect 0.005154639175257732 0.02040816326530612 0.00010519671786240269
the 0.10824742268041238 0.9540816326530612 0.10327687776141385
humans 0.005154639175257732 0.025510204081632654 0.00013149589732800338
with 0.010309278350515464 0.4387755102040816 0.0045234588680833155
four 0.010309278350515464 0.02040816326530612 0.00021039343572480537
stones 0.015463917525773196 0.00510204081632653 7.889753839680202e-05
the 0.10824742268041238 0.9540816326530612 0.10327687776141385
four 0.010309278350515464 0.02040816326530612 0.00021039343572480537
elements 0.005154639175257732 0.00510204081632653 2.6299179465600672e-05
fire 0.005154639175257732 0.00510204081632653 2.6299179465600672e-05
water 0.005154639175257732 0.015306122448979591 7.889753839680202e-05
earth 0.015463917525773196 0.05102040816326531 0.0007889753839680203
and 0.03608247422680412 0.8571428571428571 0.030927835051546386
air 0.005154639175257732 0.01020408163265306 5.2598358931201344e-05
a 0.015463917525773196 0.8826530612244898 0.01364927414264675
mondoshawan 0.005154639175257732 0.00510204081632653 2.6299179465600672e-05
spacecraft 0.005154639175257732 0.01020408163265306 5.2598358931201344e-05
is 0.020618556701030927 0.5663265306122449 0.0116768356827267
bringing 0.005154639175257732 0.01020408163265306 5.2598358931201344e-05
the 0.10824742268041238 0.9540816326530612 0.10327687776141385
fifth 0.015463917525773196 0.00510204081632653 7.889753839680202e-05
element 0.015463917525773196 0.00510204081632653 7.889753839680202e-05
back 0.005154639175257732 0.08673469387755102 0.0004470860509152114
to 0.04639175257731959 0.7806122448979592 0.03621397012413213
earth 0.015463917525773196 0.05102040816326531 0.0007889753839680203
but 0.010309278350515464 0.3112244897959184 0.0032084998948032823
it 0.005154639175257732 0.2193877551020408 0.0011308647170208289
is 0.020618556701030927 0.5663265306122449 0.0116768356827267
destroyed 0.005154639175257732 0.01020408163265306 5.2598358931201344e-05
by 0.010309278350515464 0.33163265306122447 0.003418893330528087
the 0.10824742268041238 0.9540816326530612 0.10327687776141385
evil 0.015463917525773196 0.03571428571428571 0.0005522827687776141
mangalores 0.010309278350515464 0.00510204081632653 5.2598358931201344e-05
however 0.005154639175257732 0.04081632653061224 0.00021039343572480537
a 0.015463917525773196 0.8826530612244898 0.01364927414264675
team 0.010309278350515464 0.04081632653061224 0.00042078687144961075
scientists 0.005154639175257732 0.01020408163265306 5.2598358931201344e-05
use 0.005154639175257732 0.02040816326530612 0.00010519671786240269
the 0.10824742268041238 0.9540816326530612 0.10327687776141385
dna 0.005154639175257732 0.00510204081632653 2.6299179465600672e-05
the 0.10824742268041238 0.9540816326530612 0.10327687776141385
remains 0.005154639175257732 0.015306122448979591 7.889753839680202e-05
the 0.10824742268041238 0.9540816326530612 0.10327687776141385
fifth 0.015463917525773196 0.00510204081632653 7.889753839680202e-05
element 0.015463917525773196 0.00510204081632653 7.889753839680202e-05
to 0.04639175257731959 0.7806122448979592 0.03621397012413213
rebuild 0.005154639175257732 0.01020408163265306 5.2598358931201344e-05
the 0.10824742268041238 0.9540816326530612 0.10327687776141385
perfect 0.005154639175257732 0.01020408163265306 5.2598358931201344e-05
being 0.005154639175257732 0.07653061224489796 0.0003944876919840101
called 0.005154639175257732 0.04591836734693878 0.00023669261519040607
leeloo 0.020618556701030927 0.00510204081632653 0.00010519671786240269
she 0.010309278350515464 0.19387755102040816 0.001998737639385651
escapes 0.005154639175257732 0.00510204081632653 2.6299179465600672e-05
from 0.010309278350515464 0.3520408163265306 0.003629286766252893
the 0.10824742268041238 0.9540816326530612 0.10327687776141385
laboratory 0.005154639175257732 0.01020408163265306 5.2598358931201344e-05
and 0.03608247422680412 0.8571428571428571 0.030927835051546386
stumbles 0.005154639175257732 0.01020408163265306 5.2598358931201344e-05
upon 0.005154639175257732 0.025510204081632654 0.00013149589732800338
the 0.10824742268041238 0.9540816326530612 0.10327687776141385
taxi 0.005154639175257732 0.00510204081632653 2.6299179465600672e-05
driver 0.005154639175257732 0.00510204081632653 2.6299179465600672e-05
and 0.03608247422680412 0.8571428571428571 0.030927835051546386
former 0.005154639175257732 0.03571428571428571 0.0001840942562592047
elite 0.005154639175257732 0.01020408163265306 5.2598358931201344e-05
commando 0.005154639175257732 0.00510204081632653 2.6299179465600672e-05
major 0.005154639175257732 0.04081632653061224 0.00021039343572480537
korben 0.010309278350515464 0.00510204081632653 5.2598358931201344e-05
dallas 0.010309278350515464 0.00510204081632653 5.2598358931201344e-05
that 0.010309278350515464 0.40816326530612246 0.004207868714496108
helps 0.005154639175257732 0.015306122448979591 7.889753839680202e-05
her 0.015463917525773196 0.2755102040816326 0.004260467073427309
to 0.04639175257731959 0.7806122448979592 0.03621397012413213
escape 0.005154639175257732 0.04591836734693878 0.00023669261519040607
from 0.010309278350515464 0.3520408163265306 0.003629286766252893
the 0.10824742268041238 0.9540816326530612 0.10327687776141385
police 0.005154639175257732 0.08163265306122448 0.00042078687144961075
leeloo 0.020618556701030927 0.00510204081632653 0.00010519671786240269
tells 0.005154639175257732 0.03571428571428571 0.0001840942562592047
that 0.010309278350515464 0.40816326530612246 0.004207868714496108
she 0.010309278350515464 0.19387755102040816 0.001998737639385651
must 0.005154639175257732 0.07653061224489796 0.0003944876919840101
meet 0.005154639175257732 0.030612244897959183 0.00015779507679360404
father 0.005154639175257732 0.11734693877551021 0.0006048811277088155
vito 0.005154639175257732 0.00510204081632653 2.6299179465600672e-05
cornelius 0.005154639175257732 0.00510204081632653 2.6299179465600672e-05
to 0.04639175257731959 0.7806122448979592 0.03621397012413213
accomplish 0.005154639175257732 0.00510204081632653 2.6299179465600672e-05
her 0.015463917525773196 0.2755102040816326 0.004260467073427309
mission 0.005154639175257732 0.07142857142857142 0.0003681885125184094
meanwhile 0.005154639175257732 0.030612244897959183 0.00015779507679360404
the 0.10824742268041238 0.9540816326530612 0.10327687776141385
evil 0.015463917525773196 0.03571428571428571 0.0005522827687776141
uses 0.005154639175257732 0.015306122448979591 7.889753839680202e-05
the 0.10824742268041238 0.9540816326530612 0.10327687776141385
greedy 0.005154639175257732 0.01020408163265306 5.2598358931201344e-05
and 0.03608247422680412 0.8571428571428571 0.030927835051546386
cruel 0.005154639175257732 0.01020408163265306 5.2598358931201344e-05
emanuel 0.005154639175257732 0.00510204081632653 2.6299179465600672e-05
zorg 0.005154639175257732 0.00510204081632653 2.6299179465600672e-05
and 0.03608247422680412 0.8571428571428571 0.030927835051546386
a 0.015463917525773196 0.8826530612244898 0.01364927414264675
team 0.010309278350515464 0.04081632653061224 0.00042078687144961075
mercenary 0.005154639175257732 0.015306122448979591 7.889753839680202e-05
mangalores 0.010309278350515464 0.00510204081632653 5.2598358931201344e-05
to 0.04639175257731959 0.7806122448979592 0.03621397012413213
retrieve 0.010309278350515464 0.01020408163265306 0.00010519671786240269
the 0.10824742268041238 0.9540816326530612 0.10327687776141385
stones 0.015463917525773196 0.00510204081632653 7.889753839680202e-05
and 0.03608247422680412 0.8571428571428571 0.030927835051546386
avoid 0.005154639175257732 0.00510204081632653 2.6299179465600672e-05
the 0.10824742268041238 0.9540816326530612 0.10327687776141385
protection 0.005154639175257732 0.01020408163265306 5.2598358931201344e-05
leeloo 0.020618556701030927 0.00510204081632653 0.00010519671786240269
but 0.010309278350515464 0.3112244897959184 0.0032084998948032823
the 0.10824742268041238 0.9540816326530612 0.10327687776141385
skilled 0.005154639175257732 0.015306122448979591 7.889753839680202e-05
korben 0.010309278350515464 0.00510204081632653 5.2598358931201344e-05
dallas 0.010309278350515464 0.00510204081632653 5.2598358931201344e-05
fallen 0.005154639175257732 0.00510204081632653 2.6299179465600672e-05
in 0.010309278350515464 0.7346938775510204 0.007574163686092994
love 0.005154639175257732 0.09183673469387756 0.00047338523038081213
with 0.010309278350515464 0.4387755102040816 0.0045234588680833155
leeloo 0.020618556701030927 0.00510204081632653 0.00010519671786240269
and 0.03608247422680412 0.8571428571428571 0.030927835051546386
decides 0.005154639175257732 0.061224489795918366 0.0003155901535872081
to 0.04639175257731959 0.7806122448979592 0.03621397012413213
help 0.005154639175257732 0.10204081632653061 0.0005259835893120135
her 0.015463917525773196 0.2755102040816326 0.004260467073427309
to 0.04639175257731959 0.7806122448979592 0.03621397012413213
retrieve 0.010309278350515464 0.01020408163265306 0.00010519671786240269
the 0.10824742268041238 0.9540816326530612 0.10327687776141385
stones 0.015463917525773196 0.00510204081632653 7.889753839680202e-05
carvalho 0.005154639175257732 0.02040816326530612 0.00010519671786240269
rio 0.005154639175257732 0.025510204081632654 0.00013149589732800338
de 0.005154639175257732 0.025510204081632654 0.00013149589732800338
janeiro 0.005154639175257732 0.02040816326530612 0.00010519671786240269
brazil 0.005154639175257732 0.02040816326530612 0.00010519671786240269
