yellowstone 0.007936507936507936 0.00510204081632653 4.0492387431162935e-05
follows 0.007936507936507936 0.0663265306122449 0.0005264010366051183
the 0.05555555555555555 0.9540816326530612 0.053004535147392284
dutton 0.015873015873015872 0.01020408163265306 0.00016196954972465174
family 0.015873015873015872 0.22448979591836735 0.0035633300939423387
led 0.007936507936507936 0.025510204081632654 0.0002024619371558147
by 0.031746031746031744 0.33163265306122447 0.010528020732102364
john 0.007936507936507936 0.01020408163265306 8.098477486232587e-05
dutton 0.015873015873015872 0.01020408163265306 0.00016196954972465174
who 0.007936507936507936 0.39285714285714285 0.003117913832199546
controls 0.007936507936507936 0.00510204081632653 4.0492387431162935e-05
the 0.05555555555555555 0.9540816326530612 0.053004535147392284
largest 0.015873015873015872 0.01020408163265306 0.00016196954972465174
contiguous 0.007936507936507936 0.00510204081632653 4.0492387431162935e-05
ranch 0.007936507936507936 0.00510204081632653 4.0492387431162935e-05
in 0.015873015873015872 0.7346938775510204 0.011661807580174927
the 0.05555555555555555 0.9540816326530612 0.053004535147392284
united 0.007936507936507936 0.00510204081632653 4.0492387431162935e-05
states 0.007936507936507936 0.00510204081632653 4.0492387431162935e-05
under 0.007936507936507936 0.0663265306122449 0.0005264010366051183
constant 0.007936507936507936 0.015306122448979591 0.00012147716229348882
attack 0.007936507936507936 0.00510204081632653 4.0492387431162935e-05
by 0.031746031746031744 0.33163265306122447 0.010528020732102364
it 0.023809523809523808 0.2193877551020408 0.005223517978620019
borders 0.007936507936507936 0.01020408163265306 8.098477486232587e-05
land 0.015873015873015872 0.030612244897959183 0.00048590864917395527
developers 0.015873015873015872 0.00510204081632653 8.098477486232587e-05
an 0.015873015873015872 0.3622448979591837 0.005749919015225137
indian 0.007936507936507936 0.030612244897959183 0.00024295432458697764
reservation 0.007936507936507936 0.00510204081632653 4.0492387431162935e-05
and 0.047619047619047616 0.8571428571428571 0.04081632653061224
america 0.015873015873015872 0.02040816326530612 0.0003239390994493035
first 0.007936507936507936 0.08163265306122448 0.000647878198898607
national 0.007936507936507936 0.01020408163265306 8.098477486232587e-05
park 0.007936507936507936 0.00510204081632653 4.0492387431162935e-05
it 0.023809523809523808 0.2193877551020408 0.005223517978620019
is 0.015873015873015872 0.5663265306122449 0.008989310009718173
an 0.015873015873015872 0.3622448979591837 0.005749919015225137
intense 0.007936507936507936 0.01020408163265306 8.098477486232587e-05
study 0.007936507936507936 0.00510204081632653 4.0492387431162935e-05
a 0.023809523809523808 0.8826530612244898 0.021015549076773565
violent 0.007936507936507936 0.015306122448979591 0.00012147716229348882
world 0.015873015873015872 0.19387755102040816 0.0030774214447683835
far 0.007936507936507936 0.030612244897959183 0.00024295432458697764
from 0.007936507936507936 0.3520408163265306 0.0027939747327502427
media 0.007936507936507936 0.025510204081632654 0.0002024619371558147
scrutiny 0.007936507936507936 0.00510204081632653 4.0492387431162935e-05
where 0.015873015873015872 0.11224489795918367 0.0017816650469711693
land 0.015873015873015872 0.030612244897959183 0.00048590864917395527
grabs 0.007936507936507936 0.00510204081632653 4.0492387431162935e-05
make 0.007936507936507936 0.061224489795918366 0.00048590864917395527
developers 0.015873015873015872 0.00510204081632653 8.098477486232587e-05
billions 0.007936507936507936 0.00510204081632653 4.0492387431162935e-05
and 0.047619047619047616 0.8571428571428571 0.04081632653061224
politicians 0.007936507936507936 0.01020408163265306 8.098477486232587e-05
bought 0.007936507936507936 0.01020408163265306 8.098477486232587e-05
and 0.047619047619047616 0.8571428571428571 0.04081632653061224
sold 0.007936507936507936 0.01020408163265306 8.098477486232587e-05
by 0.031746031746031744 0.33163265306122447 0.010528020732102364
the 0.05555555555555555 0.9540816326530612 0.053004535147392284
world 0.015873015873015872 0.19387755102040816 0.0030774214447683835
largest 0.015873015873015872 0.01020408163265306 0.00016196954972465174
oil 0.007936507936507936 0.00510204081632653 4.0492387431162935e-05
and 0.047619047619047616 0.8571428571428571 0.04081632653061224
lumber 0.007936507936507936 0.00510204081632653 4.0492387431162935e-05
corporations 0.007936507936507936 0.00510204081632653 4.0492387431162935e-05
where 0.015873015873015872 0.11224489795918367 0.0017816650469711693
drinking 0.007936507936507936 0.00510204081632653 4.0492387431162935e-05
water 0.007936507936507936 0.015306122448979591 0.00012147716229348882
poisoned 0.007936507936507936 0.01020408163265306 8.098477486232587e-05
by 0.031746031746031744 0.33163265306122447 0.010528020732102364
fracking 0.007936507936507936 0.00510204081632653 4.0492387431162935e-05
wells 0.007936507936507936 0.00510204081632653 4.0492387431162935e-05
and 0.047619047619047616 0.8571428571428571 0.04081632653061224
unsolved 0.007936507936507936 0.00510204081632653 4.0492387431162935e-05
murders 0.007936507936507936 0.01020408163265306 8.098477486232587e-05
not 0.007936507936507936 0.14795918367346939 0.0011742792355037253
news 0.007936507936507936 0.015306122448979591 0.00012147716229348882
they 0.007936507936507936 0.28061224489795916 0.0022270813087139616
a 0.023809523809523808 0.8826530612244898 0.021015549076773565
consequence 0.007936507936507936 0.00510204081632653 4.0492387431162935e-05
living 0.007936507936507936 0.05612244897959184 0.00044541626174279234
in 0.015873015873015872 0.7346938775510204 0.011661807580174927
the 0.05555555555555555 0.9540816326530612 0.053004535147392284
new 0.007936507936507936 0.1377551020408163 0.0010932944606413992
frontier 0.007936507936507936 0.00510204081632653 4.0492387431162935e-05
it 0.023809523809523808 0.2193877551020408 0.005223517978620019
is 0.015873015873015872 0.5663265306122449 0.008989310009718173
the 0.05555555555555555 0.9540816326530612 0.053004535147392284
best 0.007936507936507936 0.03571428571428571 0.00028344671201814054
and 0.047619047619047616 0.8571428571428571 0.04081632653061224
worst 0.007936507936507936 0.01020408163265306 8.098477486232587e-05
america 0.015873015873015872 0.02040816326530612 0.0003239390994493035
seen 0.007936507936507936 0.02040816326530612 0.00016196954972465174
through 0.007936507936507936 0.08163265306122448 0.000647878198898607
the 0.05555555555555555 0.9540816326530612 0.053004535147392284
eyes 0.007936507936507936 0.030612244897959183 0.00024295432458697764
a 0.023809523809523808 0.8826530612244898 0.021015549076773565
family 0.015873015873015872 0.22448979591836735 0.0035633300939423387
that 0.007936507936507936 0.40816326530612246 0.003239390994493035
represents 0.007936507936507936 0.00510204081632653 4.0492387431162935e-05
