on 0.015384615384615385 0.3520408163265306 0.005416012558869702
the 0.09230769230769231 0.9540816326530612 0.0880690737833595
day 0.015384615384615385 0.09183673469387756 0.00141287284144427
after 0.015384615384615385 0.1989795918367347 0.0030612244897959186
christmas 0.015384615384615385 0.01020408163265306 0.00015698587127158556
with 0.015384615384615385 0.4387755102040816 0.006750392464678179
a 0.03076923076923077 0.8826530612244898 0.027158555729984303
vicious 0.015384615384615385 0.01020408163265306 0.00015698587127158556
storm 0.015384615384615385 0.00510204081632653 7.849293563579278e-05
pummeling 0.015384615384615385 0.00510204081632653 7.849293563579278e-05
europe 0.015384615384615385 0.025510204081632654 0.0003924646781789639
charlotte 0.015384615384615385 0.02040816326530612 0.0003139717425431711
meyer 0.015384615384615385 0.00510204081632653 7.849293563579278e-05
vanishes 0.015384615384615385 0.01020408163265306 0.00015698587127158556
without 0.015384615384615385 0.04081632653061224 0.0006279434850863422
a 0.03076923076923077 0.8826530612244898 0.027158555729984303
trace 0.015384615384615385 0.015306122448979591 0.00023547880690737836
in 0.015384615384615385 0.7346938775510204 0.01130298273155416
the 0.09230769230769231 0.9540816326530612 0.0880690737833595
heart 0.015384615384615385 0.030612244897959183 0.0004709576138147567
the 0.09230769230769231 0.9540816326530612 0.0880690737833595
landes 0.015384615384615385 0.00510204081632653 7.849293563579278e-05
region 0.015384615384615385 0.01020408163265306 0.00015698587127158556
police 0.015384615384615385 0.08163265306122448 0.0012558869701726845
captain 0.015384615384615385 0.015306122448979591 0.00023547880690737836
pierre 0.015384615384615385 0.015306122448979591 0.00023547880690737836
castaing 0.03076923076923077 0.00510204081632653 0.00015698587127158556
is 0.015384615384615385 0.5663265306122449 0.008712715855572999
tapped 0.015384615384615385 0.00510204081632653 7.849293563579278e-05
to 0.03076923076923077 0.7806122448979592 0.024018838304552592
head 0.015384615384615385 0.015306122448979591 0.00023547880690737836
the 0.09230769230769231 0.9540816326530612 0.0880690737833595
investigation 0.015384615384615385 0.025510204081632654 0.0003924646781789639
deeply 0.015384615384615385 0.015306122448979591 0.00023547880690737836
shaken 0.015384615384615385 0.00510204081632653 7.849293563579278e-05
by 0.015384615384615385 0.33163265306122447 0.00510204081632653
his 0.03076923076923077 0.44387755102040816 0.013657770800627944
failure 0.015384615384615385 0.00510204081632653 7.849293563579278e-05
to 0.03076923076923077 0.7806122448979592 0.024018838304552592
find 0.015384615384615385 0.08163265306122448 0.0012558869701726845
the 0.09230769230769231 0.9540816326530612 0.0880690737833595
little 0.015384615384615385 0.04591836734693878 0.000706436420722135
girl 0.015384615384615385 0.08673469387755102 0.0013343799058084774
castaing 0.03076923076923077 0.00510204081632653 0.00015698587127158556
becomes 0.015384615384615385 0.07142857142857142 0.001098901098901099
ostracized 0.015384615384615385 0.00510204081632653 7.849293563579278e-05
from 0.015384615384615385 0.3520408163265306 0.005416012558869702
the 0.09230769230769231 0.9540816326530612 0.0880690737833595
community 0.015384615384615385 0.01020408163265306 0.00015698587127158556
as 0.015384615384615385 0.3469387755102041 0.0053375196232339096
his 0.03076923076923077 0.44387755102040816 0.013657770800627944
family 0.015384615384615385 0.22448979591836735 0.0034536891679748825
falls 0.015384615384615385 0.03571428571428571 0.0005494505494505495
apart 0.015384615384615385 0.01020408163265306 0.00015698587127158556
