villefranche 0.02040816326530612 0.00510204081632653 0.00010412328196584754
is 0.04081632653061224 0.5663265306122449 0.02311536859641816
a 0.08163265306122448 0.8826530612244898 0.07205331112036652
small 0.02040816326530612 0.07653061224489796 0.0015618492294877133
town 0.02040816326530612 0.05102040816326531 0.0010412328196584756
without 0.02040816326530612 0.04081632653061224 0.0008329862557267803
phone 0.02040816326530612 0.01020408163265306 0.00020824656393169508
reception 0.02040816326530612 0.00510204081632653 0.00010412328196584754
on 0.04081632653061224 0.3520408163265306 0.014369012911286963
the 0.061224489795918366 0.9540816326530612 0.058413161182840484
edge 0.02040816326530612 0.01020408163265306 0.00020824656393169508
a 0.08163265306122448 0.8826530612244898 0.07205331112036652
mysterious 0.02040816326530612 0.08673469387755102 0.0017700957934194085
forest 0.02040816326530612 0.04081632653061224 0.0008329862557267803
the 0.061224489795918366 0.9540816326530612 0.058413161182840484
number 0.02040816326530612 0.01020408163265306 0.00020824656393169508
inhabitants 0.02040816326530612 0.00510204081632653 0.00010412328196584754
is 0.04081632653061224 0.5663265306122449 0.02311536859641816
dwindling 0.02040816326530612 0.00510204081632653 0.00010412328196584754
but 0.02040816326530612 0.3112244897959184 0.0063515201999167015
there 0.02040816326530612 0.08163265306122448 0.0016659725114535606
a 0.08163265306122448 0.8826530612244898 0.07205331112036652
sharp 0.02040816326530612 0.01020408163265306 0.00020824656393169508
rise 0.02040816326530612 0.02040816326530612 0.00041649312786339016
in 0.02040816326530612 0.7346938775510204 0.014993752603082049
crime 0.04081632653061224 0.030612244897959183 0.0012494793835901706
police 0.02040816326530612 0.08163265306122448 0.0016659725114535606
inspector 0.02040816326530612 0.00510204081632653 0.00010412328196584754
laurène 0.02040816326530612 0.00510204081632653 0.00010412328196584754
once 0.02040816326530612 0.061224489795918366 0.0012494793835901706
the 0.061224489795918366 0.9540816326530612 0.058413161182840484
victim 0.02040816326530612 0.00510204081632653 0.00010412328196584754
a 0.08163265306122448 0.8826530612244898 0.07205331112036652
crime 0.04081632653061224 0.030612244897959183 0.0012494793835901706
keeps 0.02040816326530612 0.01020408163265306 0.00020824656393169508
on 0.04081632653061224 0.3520408163265306 0.014369012911286963
discovering 0.02040816326530612 0.00510204081632653 0.00010412328196584754
fresh 0.02040816326530612 0.01020408163265306 0.00020824656393169508
corpses 0.02040816326530612 0.015306122448979591 0.00031236984589754266
