by 0.006289308176100629 0.33163265306122447 0.0020857399563599024
the 0.006289308176100629 0.9540816326530612 0.006000513412912335
age 0.006289308176100629 0.025510204081632654 0.00016044153510460789
lena 0.006289308176100629 0.00510204081632653 3.208830702092157e-05
able 0.006289308176100629 0.030612244897959183 0.00019252984212552945
to 0.018867924528301886 0.7806122448979592 0.014728532922603003
achieve 0.006289308176100629 0.015306122448979591 9.626492106276473e-05
good 0.006289308176100629 0.025510204081632654 0.00016044153510460789
results 0.006289308176100629 0.00510204081632653 3.208830702092157e-05
in 0.031446540880503145 0.7346938775510204 0.023103581055063535
life 0.018867924528301886 0.20408163265306123 0.003850596842510589
she 0.03773584905660377 0.19387755102040816 0.0073161340007701185
worked 0.012578616352201259 0.00510204081632653 6.417661404184315e-05
as 0.012578616352201259 0.3469387755102041 0.004364009754845335
an 0.018867924528301886 0.3622448979591837 0.006834809395456296
colleagues 0.006289308176100629 0.00510204081632653 3.208830702092157e-05
respected 0.006289308176100629 0.00510204081632653 3.208830702092157e-05
and 0.025157232704402517 0.8571428571428571 0.0215633423180593
happy 0.006289308176100629 0.025510204081632654 0.00016044153510460789
patients 0.006289308176100629 0.00510204081632653 3.208830702092157e-05
tried 0.006289308176100629 0.01020408163265306 6.417661404184315e-05
to 0.018867924528301886 0.7806122448979592 0.014728532922603003
thank 0.006289308176100629 0.00510204081632653 3.208830702092157e-05
her 0.03773584905660377 0.2755102040816326 0.01039661147477859
her 0.03773584905660377 0.2755102040816326 0.01039661147477859
personal 0.006289308176100629 0.03571428571428571 0.00022461814914645105
life 0.018867924528301886 0.20408163265306123 0.003850596842510589
also 0.006289308176100629 0.09183673469387756 0.0005775895263765885
developed 0.006289308176100629 0.00510204081632653 3.208830702092157e-05
quite 0.006289308176100629 0.01020408163265306 6.417661404184315e-05
safely 0.006289308176100629 0.00510204081632653 3.208830702092157e-05
husband 0.012578616352201259 0.03571428571428571 0.0004492362982929021
sergei 0.006289308176100629 0.01020408163265306 6.417661404184315e-05
worked 0.012578616352201259 0.00510204081632653 6.417661404184315e-05
as 0.012578616352201259 0.3469387755102041 0.004364009754845335
an 0.018867924528301886 0.3622448979591837 0.006834809395456296
actor 0.006289308176100629 0.00510204081632653 3.208830702092157e-05
in 0.031446540880503145 0.7346938775510204 0.023103581055063535
a 0.018867924528301886 0.8826530612244898 0.016653831343858297
drama 0.006289308176100629 0.05102040816326531 0.00032088307020921577
theater 0.006289308176100629 0.00510204081632653 3.208830702092157e-05
showed 0.006289308176100629 0.01020408163265306 6.417661404184315e-05
concern 0.006289308176100629 0.00510204081632653 3.208830702092157e-05
and 0.025157232704402517 0.8571428571428571 0.0215633423180593
not 0.018867924528301886 0.14795918367346939 0.0027916827108201768
interfere 0.006289308176100629 0.00510204081632653 3.208830702092157e-05
in 0.031446540880503145 0.7346938775510204 0.023103581055063535
affairs 0.006289308176100629 0.00510204081632653 3.208830702092157e-05
but 0.012578616352201259 0.3112244897959184 0.003914773456552433
recently 0.006289308176100629 0.025510204081632654 0.00016044153510460789
she 0.03773584905660377 0.19387755102040816 0.0073161340007701185
began 0.006289308176100629 0.01020408163265306 6.417661404184315e-05
to 0.018867924528301886 0.7806122448979592 0.014728532922603003
notice 0.006289308176100629 0.00510204081632653 3.208830702092157e-05
serious 0.006289308176100629 0.01020408163265306 6.417661404184315e-05
changes 0.006289308176100629 0.030612244897959183 0.00019252984212552945
in 0.031446540880503145 0.7346938775510204 0.023103581055063535
his 0.006289308176100629 0.44387755102040816 0.002791682710820177
behavior 0.006289308176100629 0.00510204081632653 3.208830702092157e-05
another 0.006289308176100629 0.030612244897959183 0.00019252984212552945
fact 0.006289308176100629 0.02040816326530612 0.0001283532280836863
is 0.025157232704402517 0.5663265306122449 0.014247208317289182
that 0.006289308176100629 0.40816326530612246 0.002567064561673726
they 0.006289308176100629 0.28061224489795916 0.0017648568861506867
not 0.018867924528301886 0.14795918367346939 0.0027916827108201768
sex 0.006289308176100629 0.03571428571428571 0.00022461814914645105
one 0.018867924528301886 0.18877551020408162 0.0035618020793222946
day 0.006289308176100629 0.09183673469387756 0.0005775895263765885
she 0.03773584905660377 0.19387755102040816 0.0073161340007701185
reads 0.006289308176100629 0.00510204081632653 3.208830702092157e-05
one 0.018867924528301886 0.18877551020408162 0.0035618020793222946
her 0.03773584905660377 0.2755102040816326 0.01039661147477859
husband 0.012578616352201259 0.03571428571428571 0.0004492362982929021
text 0.006289308176100629 0.00510204081632653 3.208830702092157e-05
messages 0.006289308176100629 0.00510204081632653 3.208830702092157e-05
she 0.03773584905660377 0.19387755102040816 0.0073161340007701185
is 0.025157232704402517 0.5663265306122449 0.014247208317289182
convinced 0.006289308176100629 0.00510204081632653 3.208830702092157e-05
he 0.006289308176100629 0.34183673469387754 0.0021499165704017458
is 0.025157232704402517 0.5663265306122449 0.014247208317289182
cheating 0.006289308176100629 0.00510204081632653 3.208830702092157e-05
on 0.006289308176100629 0.3520408163265306 0.0022140931844435888
her 0.03773584905660377 0.2755102040816326 0.01039661147477859
at 0.006289308176100629 0.23469387755102042 0.0014760621229623926
one 0.018867924528301886 0.18877551020408162 0.0035618020793222946
point 0.006289308176100629 0.01020408163265306 6.417661404184315e-05
she 0.03773584905660377 0.19387755102040816 0.0073161340007701185
not 0.018867924528301886 0.14795918367346939 0.0027916827108201768
stand 0.006289308176100629 0.02040816326530612 0.0001283532280836863
and 0.025157232704402517 0.8571428571428571 0.0215633423180593
in 0.031446540880503145 0.7346938775510204 0.023103581055063535
revenge 0.006289308176100629 0.02040816326530612 0.0001283532280836863
cheats 0.006289308176100629 0.00510204081632653 3.208830702092157e-05
with 0.012578616352201259 0.4387755102040816 0.005519188807598511
a 0.018867924528301886 0.8826530612244898 0.016653831343858297
man 0.006289308176100629 0.12755102040816327 0.0008022076755230395
for 0.012578616352201259 0.3877551020408163 0.00487742266718008
her 0.03773584905660377 0.2755102040816326 0.01039661147477859
a 0.018867924528301886 0.8826530612244898 0.016653831343858297
new 0.006289308176100629 0.1377551020408163 0.0008663842895648825
world 0.006289308176100629 0.19387755102040816 0.00121935566679502
unexpectedly 0.006289308176100629 0.01020408163265306 6.417661404184315e-05
opens 0.006289308176100629 0.01020408163265306 6.417661404184315e-05
filled 0.006289308176100629 0.015306122448979591 9.626492106276473e-05
with 0.012578616352201259 0.4387755102040816 0.005519188807598511
passion 0.006289308176100629 0.00510204081632653 3.208830702092157e-05
and 0.025157232704402517 0.8571428571428571 0.0215633423180593
incredible 0.006289308176100629 0.01020408163265306 6.417661404184315e-05
emotions 0.006289308176100629 0.015306122448979591 9.626492106276473e-05
she 0.03773584905660377 0.19387755102040816 0.0073161340007701185
uses 0.006289308176100629 0.015306122448979591 9.626492106276473e-05
for 0.012578616352201259 0.3877551020408163 0.00487742266718008
her 0.03773584905660377 0.2755102040816326 0.01039661147477859
emotional 0.006289308176100629 0.03571428571428571 0.00022461814914645105
state 0.006289308176100629 0.015306122448979591 9.626492106276473e-05
but 0.012578616352201259 0.3112244897959184 0.003914773456552433
constant 0.006289308176100629 0.015306122448979591 9.626492106276473e-05
betrayal 0.006289308176100629 0.01020408163265306 6.417661404184315e-05
is 0.025157232704402517 0.5663265306122449 0.014247208317289182
becoming 0.006289308176100629 0.015306122448979591 9.626492106276473e-05
an 0.018867924528301886 0.3622448979591837 0.006834809395456296
integral 0.006289308176100629 0.00510204081632653 3.208830702092157e-05
part 0.006289308176100629 0.04081632653061224 0.0002567064561673726
double 0.006289308176100629 0.00510204081632653 3.208830702092157e-05
life 0.018867924528301886 0.20408163265306123 0.003850596842510589
