the 0.07142857142857142 0.9540816326530612 0.06814868804664723
government 0.023809523809523808 0.02040816326530612 0.0004859086491739552
is 0.023809523809523808 0.5663265306122449 0.013483965014577258
asking 0.023809523809523808 0.015306122448979591 0.00036443148688046647
eiffel 0.07142857142857142 0.00510204081632653 0.0003644314868804664
to 0.047619047619047616 0.7806122448979592 0.03717201166180758
design 0.047619047619047616 0.00510204081632653 0.0002429543245869776
something 0.023809523809523808 0.025510204081632654 0.0006073858114674441
spectacular 0.023809523809523808 0.01020408163265306 0.0002429543245869776
for 0.023809523809523808 0.3877551020408163 0.00923226433430515
the 0.07142857142857142 0.9540816326530612 0.06814868804664723
paris 0.023809523809523808 0.04591836734693878 0.0010932944606413995
world 0.023809523809523808 0.19387755102040816 0.004616132167152575
fair 0.023809523809523808 0.015306122448979591 0.00036443148688046647
but 0.023809523809523808 0.3112244897959184 0.007410106899902819
eiffel 0.07142857142857142 0.00510204081632653 0.0003644314868804664
simply 0.023809523809523808 0.00510204081632653 0.0001214771622934888
wants 0.023809523809523808 0.04591836734693878 0.0010932944606413995
to 0.047619047619047616 0.7806122448979592 0.03717201166180758
design 0.047619047619047616 0.00510204081632653 0.0002429543245869776
the 0.07142857142857142 0.9540816326530612 0.06814868804664723
subway 0.023809523809523808 0.00510204081632653 0.0001214771622934888
suddenly 0.023809523809523808 0.030612244897959183 0.0007288629737609329
everything 0.023809523809523808 0.025510204081632654 0.0006073858114674441
changes 0.023809523809523808 0.030612244897959183 0.0007288629737609329
when 0.023809523809523808 0.27040816326530615 0.006438289601554908
eiffel 0.07142857142857142 0.00510204081632653 0.0003644314868804664
crosses 0.023809523809523808 0.00510204081632653 0.0001214771622934888
paths 0.023809523809523808 0.02040816326530612 0.0004859086491739552
with 0.023809523809523808 0.4387755102040816 0.010447035957240038
a 0.023809523809523808 0.8826530612244898 0.021015549076773565
mysterious 0.023809523809523808 0.08673469387755102 0.00206511175898931
woman 0.023809523809523808 0.07142857142857142 0.0017006802721088433
from 0.023809523809523808 0.3520408163265306 0.008381924198250729
arun 0.023809523809523808 0.015306122448979591 0.00036443148688046647
past 0.023809523809523808 0.04591836734693878 0.0010932944606413995
