from 0.01639344262295082 0.3520408163265306 0.005771160923385748
unravels 0.01639344262295082 0.00510204081632653 8.364001338240214e-05
the 0.09836065573770492 0.9540816326530612 0.0938440950150552
mystery 0.01639344262295082 0.00510204081632653 8.364001338240214e-05
a 0.04918032786885246 0.8826530612244898 0.04340916694546671
nightmarish 0.01639344262295082 0.01020408163265306 0.00016728002676480428
town 0.01639344262295082 0.05102040816326531 0.0008364001338240215
in 0.01639344262295082 0.7346938775510204 0.01204416192706591
middle 0.01639344262295082 0.025510204081632654 0.00041820006691201074
america 0.01639344262295082 0.02040816326530612 0.00033456005352960856
that 0.03278688524590164 0.40816326530612246 0.013382402141184344
traps 0.01639344262295082 0.00510204081632653 8.364001338240214e-05
all 0.01639344262295082 0.17346938775510204 0.002843760455001673
who 0.01639344262295082 0.39285714285714285 0.006440281030444965
enter 0.01639344262295082 0.02040816326530612 0.00033456005352960856
as 0.01639344262295082 0.3469387755102041 0.005687520910003346
the 0.09836065573770492 0.9540816326530612 0.0938440950150552
unwilling 0.01639344262295082 0.00510204081632653 8.364001338240214e-05
residents 0.01639344262295082 0.01020408163265306 0.00016728002676480428
fight 0.01639344262295082 0.03571428571428571 0.000585480093676815
to 0.01639344262295082 0.7806122448979592 0.01279692204750753
keep 0.01639344262295082 0.015306122448979591 0.00025092004014720643
a 0.04918032786885246 0.8826530612244898 0.04340916694546671
sense 0.01639344262295082 0.01020408163265306 0.00016728002676480428
normalcy 0.01639344262295082 0.00510204081632653 8.364001338240214e-05
and 0.01639344262295082 0.8571428571428571 0.01405152224824356
search 0.01639344262295082 0.030612244897959183 0.0005018400802944129
for 0.01639344262295082 0.3877551020408163 0.006356641017062563
a 0.04918032786885246 0.8826530612244898 0.04340916694546671
way 0.01639344262295082 0.03571428571428571 0.000585480093676815
out 0.03278688524590164 0.18877551020408162 0.006189360990297758
they 0.01639344262295082 0.28061224489795916 0.004600200736032118
must 0.01639344262295082 0.07653061224489796 0.0012546002007360322
also 0.01639344262295082 0.09183673469387756 0.0015055202408832387
survive 0.01639344262295082 0.02040816326530612 0.00033456005352960856
the 0.09836065573770492 0.9540816326530612 0.0938440950150552
threats 0.01639344262295082 0.01020408163265306 0.00016728002676480428
the 0.09836065573770492 0.9540816326530612 0.0938440950150552
surrounding 0.01639344262295082 0.025510204081632654 0.00041820006691201074
forest 0.01639344262295082 0.04081632653061224 0.0006691201070592171
including 0.01639344262295082 0.025510204081632654 0.00041820006691201074
the 0.09836065573770492 0.9540816326530612 0.0938440950150552
terrifying 0.01639344262295082 0.00510204081632653 8.364001338240214e-05
creatures 0.01639344262295082 0.015306122448979591 0.00025092004014720643
that 0.03278688524590164 0.40816326530612246 0.013382402141184344
come 0.01639344262295082 0.025510204081632654 0.00041820006691201074
out 0.03278688524590164 0.18877551020408162 0.006189360990297758
when 0.01639344262295082 0.27040816326530615 0.004432920709267314
the 0.09836065573770492 0.9540816326530612 0.0938440950150552
sun 0.01639344262295082 0.00510204081632653 8.364001338240214e-05
goes 0.01639344262295082 0.04591836734693878 0.0007527601204416193
