a 0.04838709677419355 0.8826530612244898 0.04270901909150757
thriller 0.016129032258064516 0.00510204081632653 8.229098090849243e-05
elena 0.03225806451612903 0.01020408163265306 0.0003291639236339697
federova 0.016129032258064516 0.00510204081632653 8.229098090849243e-05
a 0.04838709677419355 0.8826530612244898 0.04270901909150757
recently 0.016129032258064516 0.025510204081632654 0.00041145490454246215
captured 0.016129032258064516 0.01020408163265306 0.00016458196181698485
international 0.016129032258064516 0.00510204081632653 8.229098090849243e-05
arms 0.016129032258064516 0.015306122448979591 0.00024687294272547725
dealer 0.016129032258064516 0.01020408163265306 0.00016458196181698485
and 0.03225806451612903 0.8571428571428571 0.027649769585253454
brilliant 0.016129032258064516 0.01020408163265306 0.00016458196181698485
criminal 0.016129032258064516 0.025510204081632654 0.00041145490454246215
mastermind 0.016129032258064516 0.00510204081632653 8.229098090849243e-05
who 0.03225806451612903 0.39285714285714285 0.012672811059907833
even 0.016129032258064516 0.07142857142857142 0.001152073732718894
in 0.016129032258064516 0.7346938775510204 0.01184990125082291
captivity 0.016129032258064516 0.01020408163265306 0.00016458196181698485
orchestrates 0.016129032258064516 0.00510204081632653 8.229098090849243e-05
a 0.04838709677419355 0.8826530612244898 0.04270901909150757
number 0.016129032258064516 0.01020408163265306 0.00016458196181698485
coordinated 0.016129032258064516 0.00510204081632653 8.229098090849243e-05
bank 0.016129032258064516 0.00510204081632653 8.229098090849243e-05
heists 0.016129032258064516 0.00510204081632653 8.229098090849243e-05
then 0.016129032258064516 0.05612244897959184 0.0009052007899934167
there 0.016129032258064516 0.08163265306122448 0.0013166556945358788
val 0.016129032258064516 0.00510204081632653 8.229098090849243e-05
turner 0.016129032258064516 0.00510204081632653 8.229098090849243e-05
the 0.016129032258064516 0.9540816326530612 0.015388413429888084
principled 0.016129032258064516 0.00510204081632653 8.229098090849243e-05
relentless 0.016129032258064516 0.01020408163265306 0.00016458196181698485
and 0.03225806451612903 0.8571428571428571 0.027649769585253454
socially 0.016129032258064516 0.00510204081632653 8.229098090849243e-05
outcast 0.016129032258064516 0.00510204081632653 8.229098090849243e-05
fbi 0.016129032258064516 0.00510204081632653 8.229098090849243e-05
agent 0.016129032258064516 0.015306122448979591 0.00024687294272547725
who 0.03225806451612903 0.39285714285714285 0.012672811059907833
will 0.016129032258064516 0.1989795918367347 0.0032093482554312047
stop 0.016129032258064516 0.03571428571428571 0.000576036866359447
at 0.016129032258064516 0.23469387755102042 0.003785385121790652
nothing 0.016129032258064516 0.030612244897959183 0.0004937458854509545
to 0.016129032258064516 0.7806122448979592 0.012590520078999343
foil 0.016129032258064516 0.00510204081632653 8.229098090849243e-05
elena 0.03225806451612903 0.01020408163265306 0.0003291639236339697
ambitious 0.016129032258064516 0.01020408163265306 0.00016458196181698485
plan 0.016129032258064516 0.02040816326530612 0.0003291639236339697
