in 0.01694915254237288 0.7346938775510204 0.012452438602559669
france 0.01694915254237288 0.030612244897959183 0.0005188516084399862
young 0.01694915254237288 0.15816326530612246 0.002680733310273262
painter 0.01694915254237288 0.00510204081632653 8.647526807333102e-05
marianne 0.03389830508474576 0.00510204081632653 0.00017295053614666204
is 0.01694915254237288 0.5663265306122449 0.009598754756139744
commissioned 0.01694915254237288 0.00510204081632653 8.647526807333102e-05
to 0.03389830508474576 0.7806122448979592 0.026461432030439297
the 0.05084745762711865 0.9540816326530612 0.04851262538913871
wedding 0.03389830508474576 0.02040816326530612 0.0006918021445866481
portrait 0.03389830508474576 0.00510204081632653 0.00017295053614666204
héloïse 0.03389830508474576 0.00510204081632653 0.00017295053614666204
without 0.01694915254237288 0.04081632653061224 0.0006918021445866481
her 0.05084745762711865 0.2755102040816326 0.014008993427879627
knowing 0.01694915254237288 0.025510204081632654 0.00043237634036665516
therefore 0.01694915254237288 0.00510204081632653 8.647526807333102e-05
marianne 0.03389830508474576 0.00510204081632653 0.00017295053614666204
must 0.01694915254237288 0.07653061224489796 0.0012971290210999655
observe 0.01694915254237288 0.00510204081632653 8.647526807333102e-05
her 0.05084745762711865 0.2755102040816326 0.014008993427879627
model 0.01694915254237288 0.01020408163265306 0.00017295053614666204
by 0.03389830508474576 0.33163265306122447 0.011241784849533034
day 0.05084745762711865 0.09183673469387756 0.004669664475959876
to 0.03389830508474576 0.7806122448979592 0.026461432030439297
paint 0.01694915254237288 0.00510204081632653 8.647526807333102e-05
her 0.05084745762711865 0.2755102040816326 0.014008993427879627
portrait 0.03389830508474576 0.00510204081632653 0.00017295053614666204
at 0.01694915254237288 0.23469387755102042 0.003977862331373227
night 0.01694915254237288 0.025510204081632654 0.00043237634036665516
day 0.05084745762711865 0.09183673469387756 0.004669664475959876
by 0.03389830508474576 0.33163265306122447 0.011241784849533034
day 0.05084745762711865 0.09183673469387756 0.004669664475959876
the 0.05084745762711865 0.9540816326530612 0.04851262538913871
two 0.01694915254237288 0.12755102040816327 0.0021618817018332756
women 0.01694915254237288 0.061224489795918366 0.0010377032168799724
become 0.01694915254237288 0.05612244897959184 0.0009512279488066413
closer 0.01694915254237288 0.025510204081632654 0.00043237634036665516
as 0.01694915254237288 0.3469387755102041 0.00588031822898651
they 0.01694915254237288 0.28061224489795916 0.004756139744033206
share 0.01694915254237288 0.030612244897959183 0.0005188516084399862
héloïse 0.03389830508474576 0.00510204081632653 0.00017295053614666204
last 0.01694915254237288 0.04591836734693878 0.0007782774126599793
moments 0.01694915254237288 0.01020408163265306 0.00017295053614666204
freedom 0.01694915254237288 0.015306122448979591 0.0002594258042199931
the 0.05084745762711865 0.9540816326530612 0.04851262538913871
impending 0.01694915254237288 0.00510204081632653 8.647526807333102e-05
wedding 0.03389830508474576 0.02040816326530612 0.0006918021445866481
