jaison 0.011764705882352941 0.00510204081632653 6.002400960384153e-05
tovino 0.011764705882352941 0.00510204081632653 6.002400960384153e-05
thomas 0.011764705882352941 0.00510204081632653 6.002400960384153e-05
a 0.03529411764705882 0.8826530612244898 0.031152460984393757
tailor 0.011764705882352941 0.00510204081632653 6.002400960384153e-05
from 0.011764705882352941 0.3520408163265306 0.004141656662665066
the 0.058823529411764705 0.9540816326530612 0.05612244897959184
village 0.011764705882352941 0.025510204081632654 0.00030012004801920766
kurukkanmoola 0.011764705882352941 0.00510204081632653 6.002400960384153e-05
obtains 0.011764705882352941 0.00510204081632653 6.002400960384153e-05
superpowers 0.023529411764705882 0.00510204081632653 0.00012004801920768306
such 0.011764705882352941 0.025510204081632654 0.00030012004801920766
as 0.011764705882352941 0.3469387755102041 0.004081632653061224
enhanced 0.011764705882352941 0.00510204081632653 6.002400960384153e-05
speed 0.011764705882352941 0.00510204081632653 6.002400960384153e-05
agility 0.011764705882352941 0.00510204081632653 6.002400960384153e-05
reflexes 0.011764705882352941 0.00510204081632653 6.002400960384153e-05
and 0.03529411764705882 0.8571428571428571 0.03025210084033613
strength 0.011764705882352941 0.015306122448979591 0.0001800720288115246
after 0.011764705882352941 0.1989795918367347 0.00234093637454982
being 0.011764705882352941 0.07653061224489796 0.000900360144057623
hit 0.011764705882352941 0.015306122448979591 0.0001800720288115246
by 0.023529411764705882 0.33163265306122447 0.0078031212484993995
a 0.03529411764705882 0.8826530612244898 0.031152460984393757
bolt 0.011764705882352941 0.00510204081632653 6.002400960384153e-05
lightning 0.011764705882352941 0.00510204081632653 6.002400960384153e-05
and 0.03529411764705882 0.8571428571428571 0.03025210084033613
becomes 0.011764705882352941 0.07142857142857142 0.0008403361344537815
the 0.058823529411764705 0.9540816326530612 0.05612244897959184
superhero 0.011764705882352941 0.00510204081632653 6.002400960384153e-05
minnal 0.011764705882352941 0.00510204081632653 6.002400960384153e-05
murali 0.011764705882352941 0.01020408163265306 0.00012004801920768306
the 0.058823529411764705 0.9540816326530612 0.05612244897959184
story 0.011764705882352941 0.12755102040816327 0.0015006002400960385
follows 0.011764705882352941 0.0663265306122449 0.00078031212484994
exploring 0.011764705882352941 0.01020408163265306 0.00012004801920768306
his 0.023529411764705882 0.44387755102040816 0.010444177671068427
said 0.011764705882352941 0.00510204081632653 6.002400960384153e-05
superpowers 0.023529411764705882 0.00510204081632653 0.00012004801920768306
and 0.03529411764705882 0.8571428571428571 0.03025210084033613
how 0.011764705882352941 0.09183673469387756 0.0010804321728691477
it 0.011764705882352941 0.2193877551020408 0.002581032412965186
leads 0.011764705882352941 0.030612244897959183 0.0003601440576230492
to 0.011764705882352941 0.7806122448979592 0.009183673469387756
his 0.023529411764705882 0.44387755102040816 0.010444177671068427
clash 0.011764705882352941 0.015306122448979591 0.0001800720288115246
the 0.058823529411764705 0.9540816326530612 0.05612244897959184
movie 0.011764705882352941 0.030612244897959183 0.0003601440576230492
main 0.011764705882352941 0.02040816326530612 0.00024009603841536613
antagonist 0.011764705882352941 0.00510204081632653 6.002400960384153e-05
selvan 0.011764705882352941 0.00510204081632653 6.002400960384153e-05
guru 0.011764705882352941 0.00510204081632653 6.002400960384153e-05
somasundaram 0.011764705882352941 0.00510204081632653 6.002400960384153e-05
a 0.03529411764705882 0.8826530612244898 0.031152460984393757
going 0.011764705882352941 0.03571428571428571 0.00042016806722689073
by 0.023529411764705882 0.33163265306122447 0.0078031212484993995
the 0.058823529411764705 0.9540816326530612 0.05612244897959184
name 0.011764705882352941 0.025510204081632654 0.00030012004801920766
vellidi 0.011764705882352941 0.00510204081632653 6.002400960384153e-05
venkiti 0.011764705882352941 0.00510204081632653 6.002400960384153e-05
pranav 0.011764705882352941 0.00510204081632653 6.002400960384153e-05
