leningrad 0.009900990099009901 0.00510204081632653 5.051525560719337e-05
world 0.009900990099009901 0.19387755102040816 0.001919579713073348
war 0.009900990099009901 0.05612244897959184 0.0005556678116791272
ii 0.009900990099009901 0.015306122448979591 0.0001515457668215801
devastated 0.009900990099009901 0.00510204081632653 5.051525560719337e-05
the 0.07920792079207921 0.9540816326530612 0.07557082238836128
city 0.009900990099009901 0.09183673469387756 0.0009092746009294807
demolishing 0.009900990099009901 0.00510204081632653 5.051525560719337e-05
buildings 0.009900990099009901 0.00510204081632653 5.051525560719337e-05
and 0.04950495049504951 0.8571428571428571 0.042432814710042434
leaving 0.009900990099009901 0.01020408163265306 0.00010103051121438674
citizens 0.009900990099009901 0.00510204081632653 5.051525560719337e-05
in 0.039603960396039604 0.7346938775510204 0.029096787229743383
tatters 0.009900990099009901 0.00510204081632653 5.051525560719337e-05
physically 0.009900990099009901 0.00510204081632653 5.051525560719337e-05
and 0.04950495049504951 0.8571428571428571 0.042432814710042434
mentally 0.009900990099009901 0.00510204081632653 5.051525560719337e-05
although 0.009900990099009901 0.02040816326530612 0.00020206102242877348
the 0.07920792079207921 0.9540816326530612 0.07557082238836128
siege 0.009900990099009901 0.00510204081632653 5.051525560719337e-05
one 0.009900990099009901 0.18877551020408162 0.0018690644574661547
the 0.07920792079207921 0.9540816326530612 0.07557082238836128
worst 0.009900990099009901 0.01020408163265306 0.00010103051121438674
in 0.039603960396039604 0.7346938775510204 0.029096787229743383
history 0.009900990099009901 0.03571428571428571 0.00035360678925035356
is 0.009900990099009901 0.5663265306122449 0.005607193372398464
finally 0.009900990099009901 0.03571428571428571 0.00035360678925035356
life 0.009900990099009901 0.20408163265306123 0.002020610224287735
and 0.04950495049504951 0.8571428571428571 0.042432814710042434
death 0.009900990099009901 0.04591836734693878 0.00045463730046474036
continue 0.009900990099009901 0.00510204081632653 5.051525560719337e-05
their 0.019801980198019802 0.3520408163265306 0.006971105273792686
battle 0.009900990099009901 0.061224489795918366 0.0006061830672863204
in 0.039603960396039604 0.7346938775510204 0.029096787229743383
the 0.07920792079207921 0.9540816326530612 0.07557082238836128
wreckage 0.009900990099009901 0.00510204081632653 5.051525560719337e-05
that 0.009900990099009901 0.40816326530612246 0.00404122044857547
remains 0.009900990099009901 0.015306122448979591 0.0001515457668215801
two 0.009900990099009901 0.12755102040816327 0.0012628813901798344
young 0.009900990099009901 0.15816326530612246 0.0015659729238229946
women 0.009900990099009901 0.061224489795918366 0.0006061830672863204
iya 0.009900990099009901 0.00510204081632653 5.051525560719337e-05
and 0.04950495049504951 0.8571428571428571 0.042432814710042434
masha 0.009900990099009901 0.01020408163265306 0.00010103051121438674
search 0.009900990099009901 0.030612244897959183 0.0003030915336431602
for 0.009900990099009901 0.3877551020408163 0.003839159426146696
meaning 0.009900990099009901 0.01020408163265306 0.00010103051121438674
and 0.04950495049504951 0.8571428571428571 0.042432814710042434
hope 0.009900990099009901 0.030612244897959183 0.0003030915336431602
in 0.039603960396039604 0.7346938775510204 0.029096787229743383
the 0.07920792079207921 0.9540816326530612 0.07557082238836128
struggle 0.009900990099009901 0.015306122448979591 0.0001515457668215801
to 0.009900990099009901 0.7806122448979592 0.0077288341079005864
rebuild 0.009900990099009901 0.01020408163265306 0.00010103051121438674
their 0.019801980198019802 0.3520408163265306 0.006971105273792686
lives 0.009900990099009901 0.12244897959183673 0.0012123661345726409
amongst 0.009900990099009901 0.00510204081632653 5.051525560719337e-05
the 0.07920792079207921 0.9540816326530612 0.07557082238836128
ruins 0.009900990099009901 0.01020408163265306 0.00010103051121438674
kantemir 0.009900990099009901 0.00510204081632653 5.051525560719337e-05
balagov 0.009900990099009901 0.00510204081632653 5.051525560719337e-05
follows 0.009900990099009901 0.0663265306122449 0.0006566983228935138
tesnota 0.009900990099009901 0.00510204081632653 5.051525560719337e-05
winner 0.009900990099009901 0.00510204081632653 5.051525560719337e-05
the 0.07920792079207921 0.9540816326530612 0.07557082238836128
fipresci 0.009900990099009901 0.00510204081632653 5.051525560719337e-05
prize 0.009900990099009901 0.015306122448979591 0.0001515457668215801
at 0.009900990099009901 0.23469387755102042 0.002323701757930895
the 0.07920792079207921 0.9540816326530612 0.07557082238836128
cannes 0.009900990099009901 0.015306122448979591 0.0001515457668215801
film 0.009900990099009901 0.061224489795918366 0.0006061830672863204
festival 0.009900990099009901 0.01020408163265306 0.00010103051121438674
with 0.009900990099009901 0.4387755102040816 0.00434431198221863
a 0.009900990099009901 0.8826530612244898 0.008739139220044453
powerful 0.009900990099009901 0.03571428571428571 0.00035360678925035356
period 0.009900990099009901 0.01020408163265306 0.00010103051121438674
drama 0.009900990099009901 0.05102040816326531 0.0005051525560719338
