an 0.012195121951219513 0.3622448979591837 0.004417620706819314
unfulfilled 0.012195121951219513 0.00510204081632653 6.222000995520159e-05
sergeant 0.024390243902439025 0.01020408163265306 0.00024888003982080636
is 0.012195121951219513 0.5663265306122449 0.006906421105027378
during 0.024390243902439025 0.04591836734693878 0.0011199601791936288
leading 0.012195121951219513 0.02040816326530612 0.00024888003982080636
a 0.012195121951219513 0.8826530612244898 0.010764061722249876
small 0.012195121951219513 0.07653061224489796 0.000933300149328024
soviet 0.012195121951219513 0.030612244897959183 0.00037332005973120957
anti 0.012195121951219513 0.00510204081632653 6.222000995520159e-05
aircraft 0.012195121951219513 0.01020408163265306 0.00012444001991040318
outpost 0.012195121951219513 0.01020408163265306 0.00012444001991040318
with 0.024390243902439025 0.4387755102040816 0.010701841712294675
women 0.024390243902439025 0.061224489795918366 0.0014932802389248383
soldiers 0.012195121951219513 0.015306122448979591 0.00018666002986560479
under 0.012195121951219513 0.0663265306122449 0.0008088601294176208
his 0.024390243902439025 0.44387755102040816 0.010826281732205078
command 0.012195121951219513 0.01020408163265306 0.00012444001991040318
german 0.012195121951219513 0.02040816326530612 0.00024888003982080636
special 0.012195121951219513 0.025510204081632654 0.000311100049776008
forces 0.012195121951219513 0.061224489795918366 0.0007466401194624191
spottet 0.012195121951219513 0.00510204081632653 6.222000995520159e-05
in 0.012195121951219513 0.7346938775510204 0.00895968143354903
the 0.04878048780487805 0.9540816326530612 0.046540567446490794
woods 0.012195121951219513 0.02040816326530612 0.00024888003982080636
and 0.024390243902439025 0.8571428571428571 0.020905923344947733
the 0.04878048780487805 0.9540816326530612 0.046540567446490794
sergeant 0.024390243902439025 0.01020408163265306 0.00024888003982080636
with 0.024390243902439025 0.4387755102040816 0.010701841712294675
five 0.012195121951219513 0.030612244897959183 0.00037332005973120957
his 0.024390243902439025 0.44387755102040816 0.010826281732205078
women 0.024390243902439025 0.061224489795918366 0.0014932802389248383
set 0.012195121951219513 0.05102040816326531 0.000622200099552016
out 0.012195121951219513 0.18877551020408162 0.002302140368342459
to 0.024390243902439025 0.7806122448979592 0.01903932304629169
stop 0.012195121951219513 0.03571428571428571 0.00043554006968641115
the 0.04878048780487805 0.9540816326530612 0.046540567446490794
nazis 0.012195121951219513 0.01020408163265306 0.00012444001991040318
they 0.036585365853658534 0.28061224489795916 0.010266301642608262
reach 0.012195121951219513 0.025510204081632654 0.000311100049776008
their 0.012195121951219513 0.3520408163265306 0.00429318068690891
mission 0.012195121951219513 0.07142857142857142 0.0008710801393728223
goal 0.012195121951219513 0.00510204081632653 6.222000995520159e-05
during 0.024390243902439025 0.04591836734693878 0.0011199601791936288
all 0.012195121951219513 0.17346938775510204 0.002115480338476854
this 0.012195121951219513 0.17346938775510204 0.002115480338476854
there 0.012195121951219513 0.08163265306122448 0.0009955201592832255
memory 0.012195121951219513 0.01020408163265306 0.00012444001991040318
recaps 0.012195121951219513 0.00510204081632653 6.222000995520159e-05
showing 0.012195121951219513 0.00510204081632653 6.222000995520159e-05
the 0.04878048780487805 0.9540816326530612 0.046540567446490794
band 0.012195121951219513 0.02040816326530612 0.00024888003982080636
six 0.012195121951219513 0.025510204081632654 0.000311100049776008
earlier 0.012195121951219513 0.01020408163265306 0.00012444001991040318
story 0.012195121951219513 0.12755102040816327 0.0015555002488800399
and 0.024390243902439025 0.8571428571428571 0.020905923344947733
how 0.012195121951219513 0.09183673469387756 0.0011199601791936288
they 0.036585365853658534 0.28061224489795916 0.010266301642608262
got 0.012195121951219513 0.02040816326530612 0.00024888003982080636
to 0.024390243902439025 0.7806122448979592 0.01903932304629169
where 0.012195121951219513 0.11224489795918367 0.0013688402190144351
they 0.036585365853658534 0.28061224489795916 0.010266301642608262
