follows 0.029411764705882353 0.0663265306122449 0.00195078031212485
the 0.029411764705882353 0.9540816326530612 0.02806122448979592
story 0.029411764705882353 0.12755102040816327 0.003751500600240096
pamela 0.029411764705882353 0.00510204081632653 0.00015006002400960383
anderson 0.029411764705882353 0.00510204081632653 0.00015006002400960383
and 0.029411764705882353 0.8571428571428571 0.025210084033613443
tommy 0.029411764705882353 0.00510204081632653 0.00015006002400960383
lee 0.029411764705882353 0.00510204081632653 0.00015006002400960383
relationship 0.029411764705882353 0.05612244897959184 0.0016506602641056423
going 0.029411764705882353 0.03571428571428571 0.0010504201680672268
back 0.029411764705882353 0.08673469387755102 0.002551020408163265
to 0.029411764705882353 0.7806122448979592 0.02295918367346939
their 0.029411764705882353 0.3520408163265306 0.010354141656662664
whirlwind 0.029411764705882353 0.00510204081632653 0.00015006002400960383
romance 0.029411764705882353 0.01020408163265306 0.00030012004801920766
that 0.029411764705882353 0.40816326530612246 0.012004801920768308
started 0.029411764705882353 0.01020408163265306 0.00030012004801920766
with 0.029411764705882353 0.4387755102040816 0.01290516206482593
marrying 0.029411764705882353 0.00510204081632653 0.00015006002400960383
after 0.029411764705882353 0.1989795918367347 0.00585234093637455
knowing 0.029411764705882353 0.025510204081632654 0.0007503001200480192
for 0.029411764705882353 0.3877551020408163 0.01140456182472989
hours 0.029411764705882353 0.00510204081632653 0.00015006002400960383
in 0.029411764705882353 0.7346938775510204 0.021608643457382955
