in 0.028368794326241134 0.7346938775510204 0.020842379504993486
artificial 0.0070921985815602835 0.00510204081632653 3.618468664061369e-05
intelligence 0.0070921985815602835 0.01020408163265306 7.236937328122738e-05
is 0.0070921985815602835 0.5663265306122449 0.00401650021710812
everywhere 0.0070921985815602835 0.01020408163265306 7.236937328122738e-05
so 0.014184397163120567 0.030612244897959183 0.00043421623968736427
much 0.0070921985815602835 0.03571428571428571 0.0002532928064842958
so 0.014184397163120567 0.030612244897959183 0.00043421623968736427
that 0.0070921985815602835 0.40816326530612246 0.0028947749312490953
humanity 0.0070921985815602835 0.015306122448979591 0.00010855405992184107
relies 0.0070921985815602835 0.00510204081632653 3.618468664061369e-05
on 0.0070921985815602835 0.3520408163265306 0.002496743378202345
it 0.014184397163120567 0.2193877551020408 0.0031118830510927773
to 0.028368794326241134 0.7806122448979592 0.02214502822405558
satisfy 0.0070921985815602835 0.01020408163265306 7.236937328122738e-05
every 0.014184397163120567 0.03571428571428571 0.0005065856129685916
need 0.0070921985815602835 0.01020408163265306 7.236937328122738e-05
and 0.028368794326241134 0.8571428571428571 0.024316109422492398
every 0.014184397163120567 0.03571428571428571 0.0005065856129685916
desire 0.0070921985815602835 0.02040816326530612 0.00014473874656245476
even 0.0070921985815602835 0.07142857142857142 0.0005065856129685916
the 0.04964539007092199 0.9540816326530612 0.047365754812563325
most 0.0070921985815602835 0.07653061224489796 0.0005427702996092054
secret 0.0070921985815602835 0.061224489795918366 0.00043421623968736427
and 0.028368794326241134 0.8571428571428571 0.024316109422492398
wicked 0.0070921985815602835 0.00510204081632653 3.618468664061369e-05
in 0.028368794326241134 0.7346938775510204 0.020842379504993486
a 0.02127659574468085 0.8826530612244898 0.018779852366478507
quiet 0.0070921985815602835 0.00510204081632653 3.618468664061369e-05
residential 0.0070921985815602835 0.00510204081632653 3.618468664061369e-05
area 0.0070921985815602835 0.025510204081632654 0.00018092343320306846
four 0.0070921985815602835 0.02040816326530612 0.00014473874656245476
domestic 0.0070921985815602835 0.00510204081632653 3.618468664061369e-05
robots 0.02127659574468085 0.01020408163265306 0.00021710811984368213
suddenly 0.0070921985815602835 0.030612244897959183 0.00021710811984368213
decide 0.0070921985815602835 0.03571428571428571 0.0002532928064842958
to 0.028368794326241134 0.7806122448979592 0.02214502822405558
take 0.014184397163120567 0.09183673469387756 0.0013026487190620929
their 0.02127659574468085 0.3520408163265306 0.007490230134607034
masters 0.0070921985815602835 0.01020408163265306 7.236937328122738e-05
hostage 0.0070921985815602835 0.00510204081632653 3.618468664061369e-05
in 0.028368794326241134 0.7346938775510204 0.020842379504993486
their 0.02127659574468085 0.3520408163265306 0.007490230134607034
home 0.0070921985815602835 0.07653061224489796 0.0005427702996092054
locked 0.0070921985815602835 0.00510204081632653 3.618468664061369e-05
together 0.0070921985815602835 0.05612244897959184 0.0003980315530467506
a 0.02127659574468085 0.8826530612244898 0.018779852366478507
family 0.0070921985815602835 0.22448979591836735 0.0015921262121870025
an 0.014184397163120567 0.3622448979591837 0.005138225502967144
intrusive 0.0070921985815602835 0.00510204081632653 3.618468664061369e-05
neighbour 0.0070921985815602835 0.00510204081632653 3.618468664061369e-05
and 0.028368794326241134 0.8571428571428571 0.024316109422492398
her 0.0070921985815602835 0.2755102040816326 0.0019539730785931393
enterprising 0.0070921985815602835 0.00510204081632653 3.618468664061369e-05
now 0.0070921985815602835 0.07653061224489796 0.0005427702996092054
forced 0.0070921985815602835 0.04081632653061224 0.0002894774931249095
to 0.028368794326241134 0.7806122448979592 0.02214502822405558
put 0.0070921985815602835 0.03571428571428571 0.0002532928064842958
with 0.0070921985815602835 0.4387755102040816 0.0031118830510927773
in 0.028368794326241134 0.7346938775510204 0.020842379504993486
an 0.014184397163120567 0.3622448979591837 0.005138225502967144
increasingly 0.0070921985815602835 0.01020408163265306 7.236937328122738e-05
hysterical 0.0070921985815602835 0.00510204081632653 3.618468664061369e-05
atmosphere 0.0070921985815602835 0.015306122448979591 0.00010855405992184107
while 0.0070921985815602835 0.12244897959183673 0.0008684324793747285
outside 0.0070921985815602835 0.02040816326530612 0.00014473874656245476
the 0.04964539007092199 0.9540816326530612 0.047365754812563325
yonyx 0.0070921985815602835 0.00510204081632653 3.618468664061369e-05
the 0.04964539007092199 0.9540816326530612 0.047365754812563325
latest 0.0070921985815602835 0.02040816326530612 0.00014473874656245476
generation 0.0070921985815602835 0.00510204081632653 3.618468664061369e-05
androids 0.0070921985815602835 0.01020408163265306 7.236937328122738e-05
trying 0.0070921985815602835 0.030612244897959183 0.00021710811984368213
to 0.028368794326241134 0.7806122448979592 0.02214502822405558
take 0.014184397163120567 0.09183673469387756 0.0013026487190620929
as 0.0070921985815602835 0.3469387755102041 0.002460558691561731
the 0.04964539007092199 0.9540816326530612 0.047365754812563325
threat 0.0070921985815602835 0.015306122448979591 0.00010855405992184107
draws 0.0070921985815602835 0.01020408163265306 7.236937328122738e-05
closer 0.0070921985815602835 0.025510204081632654 0.00018092343320306846
the 0.04964539007092199 0.9540816326530612 0.047365754812563325
humans 0.0070921985815602835 0.025510204081632654 0.00018092343320306846
look 0.0070921985815602835 0.025510204081632654 0.00018092343320306846
elsewhere 0.0070921985815602835 0.00510204081632653 3.618468664061369e-05
get 0.0070921985815602835 0.0663265306122449 0.000470400926327978
jealous 0.0070921985815602835 0.00510204081632653 3.618468664061369e-05
and 0.028368794326241134 0.8571428571428571 0.024316109422492398
rip 0.0070921985815602835 0.01020408163265306 7.236937328122738e-05
under 0.0070921985815602835 0.0663265306122449 0.000470400926327978
the 0.04964539007092199 0.9540816326530612 0.047365754812563325
bewildered 0.0070921985815602835 0.00510204081632653 3.618468664061369e-05
eyes 0.0070921985815602835 0.030612244897959183 0.00021710811984368213
their 0.02127659574468085 0.3520408163265306 0.007490230134607034
indoor 0.0070921985815602835 0.00510204081632653 3.618468664061369e-05
robots 0.02127659574468085 0.01020408163265306 0.00021710811984368213
maybe 0.0070921985815602835 0.01020408163265306 7.236937328122738e-05
it 0.014184397163120567 0.2193877551020408 0.0031118830510927773
the 0.04964539007092199 0.9540816326530612 0.047365754812563325
robots 0.02127659574468085 0.01020408163265306 0.00021710811984368213
who 0.0070921985815602835 0.39285714285714285 0.002786220871327254
got 0.0070921985815602835 0.02040816326530612 0.00014473874656245476
a 0.02127659574468085 0.8826530612244898 0.018779852366478507
soul 0.0070921985815602835 0.01020408163265306 7.236937328122738e-05
or 0.0070921985815602835 0.09183673469387756 0.0006513243595310464
not 0.0070921985815602835 0.14795918367346939 0.001049355912577797
