years 0.038461538461538464 0.12244897959183673 0.004709576138147567
after 0.038461538461538464 0.1989795918367347 0.007653061224489797
the 0.07692307692307693 0.9540816326530612 0.07339089481946626
original 0.038461538461538464 0.015306122448979591 0.0005886970172684459
series 0.038461538461538464 0.07142857142857142 0.0027472527472527475
murders 0.038461538461538464 0.01020408163265306 0.00039246467817896386
in 0.038461538461538464 0.7346938775510204 0.028257456828885405
woodsboro 0.038461538461538464 0.00510204081632653 0.00019623233908948193
a 0.038461538461538464 0.8826530612244898 0.03394819466248038
new 0.038461538461538464 0.1377551020408163 0.005298273155416013
ghostface 0.038461538461538464 0.00510204081632653 0.00019623233908948193
emerges 0.038461538461538464 0.00510204081632653 0.00019623233908948193
and 0.038461538461538464 0.8571428571428571 0.03296703296703297
sidney 0.038461538461538464 0.00510204081632653 0.00019623233908948193
prescott 0.038461538461538464 0.00510204081632653 0.00019623233908948193
must 0.038461538461538464 0.07653061224489796 0.0029434850863422294
return 0.038461538461538464 0.030612244897959183 0.0011773940345368918
to 0.038461538461538464 0.7806122448979592 0.03002354788069074
uncover 0.038461538461538464 0.00510204081632653 0.00019623233908948193
the 0.07692307692307693 0.9540816326530612 0.07339089481946626
truth 0.038461538461538464 0.04081632653061224 0.0015698587127158554
