a 0.07692307692307693 0.8826530612244898 0.06789638932496075
passionate 0.02564102564102564 0.00510204081632653 0.00013082155939298794
love 0.05128205128205128 0.09183673469387756 0.004709576138147567
story 0.02564102564102564 0.12755102040816327 0.003270538984824699
involving 0.02564102564102564 0.015306122448979591 0.00039246467817896386
two 0.02564102564102564 0.12755102040816327 0.003270538984824699
couples 0.02564102564102564 0.00510204081632653 0.00013082155939298794
highlights 0.02564102564102564 0.01020408163265306 0.0002616431187859759
the 0.05128205128205128 0.9540816326530612 0.048927263212977495
contrast 0.02564102564102564 0.00510204081632653 0.00013082155939298794
a 0.07692307692307693 0.8826530612244898 0.06789638932496075
regular 0.02564102564102564 0.015306122448979591 0.00039246467817896386
mature 0.02564102564102564 0.00510204081632653 0.00013082155939298794
yet 0.02564102564102564 0.025510204081632654 0.0006541077969649398
egoistic 0.02564102564102564 0.00510204081632653 0.00013082155939298794
husband 0.02564102564102564 0.03571428571428571 0.0009157509157509156
and 0.02564102564102564 0.8571428571428571 0.021978021978021976
a 0.07692307692307693 0.8826530612244898 0.06789638932496075
unique 0.02564102564102564 0.01020408163265306 0.0002616431187859759
happy 0.02564102564102564 0.025510204081632654 0.0006541077969649398
go 0.02564102564102564 0.09183673469387756 0.0023547880690737836
lucky 0.02564102564102564 0.00510204081632653 0.00013082155939298794
enamored 0.02564102564102564 0.00510204081632653 0.00013082155939298794
overzealous 0.02564102564102564 0.00510204081632653 0.00013082155939298794
boy 0.02564102564102564 0.030612244897959183 0.0007849293563579277
chasing 0.02564102564102564 0.00510204081632653 0.00013082155939298794
after 0.02564102564102564 0.1989795918367347 0.00510204081632653
the 0.05128205128205128 0.9540816326530612 0.048927263212977495
love 0.05128205128205128 0.09183673469387756 0.004709576138147567
his 0.02564102564102564 0.44387755102040816 0.011381475667189953
life 0.02564102564102564 0.20408163265306123 0.0052328623757195184
