waking 0.008064516129032258 0.00510204081632653 4.114549045424621e-05
inside 0.008064516129032258 0.02040816326530612 0.00016458196181698485
a 0.03225806451612903 0.8826530612244898 0.028472679394338382
laboratory 0.008064516129032258 0.01020408163265306 8.229098090849243e-05
on 0.008064516129032258 0.3520408163265306 0.0028390388413429887
an 0.024193548387096774 0.3622448979591837 0.008763989466754444
airship 0.008064516129032258 0.00510204081632653 4.114549045424621e-05
a 0.03225806451612903 0.8826530612244898 0.028472679394338382
man 0.008064516129032258 0.12755102040816327 0.0010286372613561555
recalls 0.008064516129032258 0.01020408163265306 8.229098090849243e-05
bullies 0.008064516129032258 0.00510204081632653 4.114549045424621e-05
from 0.016129032258064516 0.3520408163265306 0.005678077682685977
his 0.024193548387096774 0.44387755102040816 0.010738973008558262
childhood 0.008064516129032258 0.030612244897959183 0.00024687294272547725
a 0.03225806451612903 0.8826530612244898 0.028472679394338382
scientist 0.008064516129032258 0.01020408163265306 8.229098090849243e-05
estelle 0.04032258064516129 0.00510204081632653 0.00020572745227123105
greets 0.008064516129032258 0.00510204081632653 4.114549045424621e-05
and 0.04032258064516129 0.8571428571428571 0.034562211981566816
tells 0.008064516129032258 0.03571428571428571 0.0002880184331797235
his 0.024193548387096774 0.44387755102040816 0.010738973008558262
name 0.008064516129032258 0.025510204081632654 0.00020572745227123108
is 0.03225806451612903 0.5663265306122449 0.01826859776168532
henry 0.03225806451612903 0.01020408163265306 0.0003291639236339697
she 0.016129032258064516 0.19387755102040816 0.003127057274522712
is 0.03225806451612903 0.5663265306122449 0.01826859776168532
his 0.024193548387096774 0.44387755102040816 0.010738973008558262
wife 0.008064516129032258 0.05612244897959184 0.00045260039499670835
and 0.04032258064516129 0.8571428571428571 0.034562211981566816
that 0.016129032258064516 0.40816326530612246 0.0065832784726793945
he 0.016129032258064516 0.34183673469387754 0.005513495720868992
revived 0.008064516129032258 0.00510204081632653 4.114549045424621e-05
from 0.016129032258064516 0.3520408163265306 0.005678077682685977
an 0.024193548387096774 0.3622448979591837 0.008763989466754444
accident 0.008064516129032258 0.025510204081632654 0.00020572745227123108
that 0.016129032258064516 0.40816326530612246 0.0065832784726793945
left 0.008064516129032258 0.04081632653061224 0.0003291639236339697
amnesiac 0.008064516129032258 0.01020408163265306 8.229098090849243e-05
and 0.04032258064516129 0.8571428571428571 0.034562211981566816
mute 0.008064516129032258 0.00510204081632653 4.114549045424621e-05
after 0.008064516129032258 0.1989795918367347 0.0016046741277156024
she 0.016129032258064516 0.19387755102040816 0.003127057274522712
replaces 0.008064516129032258 0.00510204081632653 4.114549045424621e-05
a 0.03225806451612903 0.8826530612244898 0.028472679394338382
missing 0.008064516129032258 0.02040816326530612 0.00016458196181698485
arm 0.008064516129032258 0.00510204081632653 4.114549045424621e-05
and 0.04032258064516129 0.8571428571428571 0.034562211981566816
leg 0.008064516129032258 0.00510204081632653 4.114549045424621e-05
with 0.008064516129032258 0.4387755102040816 0.0035385121790651743
cybernetic 0.008064516129032258 0.00510204081632653 4.114549045424621e-05
prostheses 0.008064516129032258 0.00510204081632653 4.114549045424621e-05
mercenaries 0.016129032258064516 0.01020408163265306 0.00016458196181698485
led 0.008064516129032258 0.025510204081632654 0.00020572745227123108
by 0.016129032258064516 0.33163265306122447 0.005348913759052007
the 0.024193548387096774 0.9540816326530612 0.023082620144832127
psychokinetic 0.008064516129032258 0.00510204081632653 4.114549045424621e-05
akan 0.016129032258064516 0.00510204081632653 8.229098090849243e-05
raid 0.008064516129032258 0.00510204081632653 4.114549045424621e-05
the 0.024193548387096774 0.9540816326530612 0.023082620144832127
ship 0.008064516129032258 0.02040816326530612 0.00016458196181698485
claiming 0.008064516129032258 0.00510204081632653 4.114549045424621e-05
all 0.008064516129032258 0.17346938775510204 0.0013989466754443713
estelle 0.04032258064516129 0.00510204081632653 0.00020572745227123105
research 0.008064516129032258 0.015306122448979591 0.00012343647136273862
is 0.03225806451612903 0.5663265306122449 0.01826859776168532
akan 0.016129032258064516 0.00510204081632653 8.229098090849243e-05
corporate 0.008064516129032258 0.00510204081632653 4.114549045424621e-05
property 0.008064516129032258 0.01020408163265306 8.229098090849243e-05
he 0.016129032258064516 0.34183673469387754 0.005513495720868992
kills 0.008064516129032258 0.00510204081632653 4.114549045424621e-05
estelle 0.04032258064516129 0.00510204081632653 0.00020572745227123105
scientists 0.008064516129032258 0.01020408163265306 8.229098090849243e-05
attempting 0.008064516129032258 0.00510204081632653 4.114549045424621e-05
to 0.016129032258064516 0.7806122448979592 0.012590520078999343
murder 0.008064516129032258 0.030612244897959183 0.00024687294272547725
henry 0.03225806451612903 0.01020408163265306 0.0003291639236339697
but 0.008064516129032258 0.3112244897959184 0.002509874917709019
henry 0.03225806451612903 0.01020408163265306 0.0003291639236339697
and 0.04032258064516129 0.8571428571428571 0.034562211981566816
estelle 0.04032258064516129 0.00510204081632653 0.00020572745227123105
flee 0.008064516129032258 0.015306122448979591 0.00012343647136273862
in 0.016129032258064516 0.7346938775510204 0.01184990125082291
an 0.024193548387096774 0.3622448979591837 0.008763989466754444
escape 0.008064516129032258 0.04591836734693878 0.00037030941408821595
pod 0.008064516129032258 0.00510204081632653 4.114549045424621e-05
landing 0.008064516129032258 0.00510204081632653 4.114549045424621e-05
in 0.016129032258064516 0.7346938775510204 0.01184990125082291
moscow 0.008064516129032258 0.05102040816326531 0.00041145490454246215
estelle 0.04032258064516129 0.00510204081632653 0.00020572745227123105
is 0.03225806451612903 0.5663265306122449 0.01826859776168532
abducted 0.008064516129032258 0.00510204081632653 4.114549045424621e-05
by 0.016129032258064516 0.33163265306122447 0.005348913759052007
the 0.024193548387096774 0.9540816326530612 0.023082620144832127
mercenaries 0.016129032258064516 0.01020408163265306 0.00016458196181698485
who 0.008064516129032258 0.39285714285714285 0.0031682027649769583
try 0.008064516129032258 0.01020408163265306 8.229098090849243e-05
to 0.016129032258064516 0.7806122448979592 0.012590520078999343
kill 0.008064516129032258 0.030612244897959183 0.00024687294272547725
henry 0.03225806451612903 0.01020408163265306 0.0003291639236339697
