gopan 0.023809523809523808 0.00510204081632653 0.0001214771622934888
a 0.047619047619047616 0.8826530612244898 0.04203109815354713
real 0.047619047619047616 0.030612244897959183 0.0014577259475218659
estate 0.047619047619047616 0.01020408163265306 0.0004859086491739552
tycoon 0.023809523809523808 0.01020408163265306 0.0002429543245869776
buys 0.023809523809523808 0.00510204081632653 0.0001214771622934888
a 0.047619047619047616 0.8826530612244898 0.04203109815354713
large 0.023809523809523808 0.015306122448979591 0.00036443148688046647
piece 0.023809523809523808 0.00510204081632653 0.0001214771622934888
land 0.023809523809523808 0.030612244897959183 0.0007288629737609329
in 0.023809523809523808 0.7346938775510204 0.01749271137026239
chittur 0.023809523809523808 0.00510204081632653 0.0001214771622934888
for 0.023809523809523808 0.3877551020408163 0.00923226433430515
construction 0.023809523809523808 0.00510204081632653 0.0001214771622934888
purpose 0.023809523809523808 0.01020408163265306 0.0002429543245869776
but 0.023809523809523808 0.3112244897959184 0.007410106899902819
on 0.023809523809523808 0.3520408163265306 0.008381924198250729
his 0.023809523809523808 0.44387755102040816 0.010568513119533527
arrival 0.023809523809523808 0.01020408163265306 0.0002429543245869776
he 0.023809523809523808 0.34183673469387754 0.00813896987366375
learns 0.023809523809523808 0.04081632653061224 0.0009718172983479104
that 0.023809523809523808 0.40816326530612246 0.009718172983479106
the 0.023809523809523808 0.9540816326530612 0.02271622934888241
residents 0.023809523809523808 0.01020408163265306 0.0002429543245869776
forcefully 0.023809523809523808 0.015306122448979591 0.00036443148688046647
evicted 0.023809523809523808 0.00510204081632653 0.0001214771622934888
from 0.023809523809523808 0.3520408163265306 0.008381924198250729
their 0.023809523809523808 0.3520408163265306 0.008381924198250729
properties 0.023809523809523808 0.01020408163265306 0.0002429543245869776
by 0.023809523809523808 0.33163265306122447 0.007896015549076773
an 0.023809523809523808 0.3622448979591837 0.008624878522837706
real 0.047619047619047616 0.030612244897959183 0.0014577259475218659
estate 0.047619047619047616 0.01020408163265306 0.0004859086491739552
mafia 0.023809523809523808 0.02040816326530612 0.0004859086491739552
