the 0.13793103448275862 0.9540816326530612 0.13159746657283602
plot 0.034482758620689655 0.025510204081632654 0.0008796622097114708
revolves 0.034482758620689655 0.02040816326530612 0.0007037297677691765
around 0.034482758620689655 0.08673469387755102 0.0029908515130190006
the 0.13793103448275862 0.9540816326530612 0.13159746657283602
life 0.034482758620689655 0.20408163265306123 0.007037297677691766
a 0.034482758620689655 0.8826530612244898 0.03043631245601689
family 0.034482758620689655 0.22448979591836735 0.007741027445460943
man 0.034482758620689655 0.12755102040816327 0.004398311048557354
unexpected 0.034482758620689655 0.025510204081632654 0.0008796622097114708
events 0.034482758620689655 0.05102040816326531 0.0017593244194229415
happen 0.034482758620689655 0.00510204081632653 0.00017593244194229413
in 0.034482758620689655 0.7346938775510204 0.025334271639690358
their 0.034482758620689655 0.3520408163265306 0.012139338494018296
house 0.034482758620689655 0.061224489795918366 0.00211118930330753
the 0.13793103448275862 0.9540816326530612 0.13159746657283602
brother 0.034482758620689655 0.04081632653061224 0.001407459535538353
and 0.034482758620689655 0.8571428571428571 0.029556650246305417
father 0.034482758620689655 0.11734693877551021 0.004046446164672765
decide 0.034482758620689655 0.03571428571428571 0.0012315270935960591
to 0.034482758620689655 0.7806122448979592 0.026917663617171007
take 0.034482758620689655 0.09183673469387756 0.0031667839549612948
on 0.034482758620689655 0.3520408163265306 0.012139338494018296
the 0.13793103448275862 0.9540816326530612 0.13159746657283602
challenges 0.034482758620689655 0.02040816326530612 0.0007037297677691765
