the 0.03488372093023256 0.9540816326530612 0.033281917418130046
akhandanand 0.011627906976744186 0.00510204081632653 5.932605600379686e-05
tripathi 0.011627906976744186 0.00510204081632653 5.932605600379686e-05
is 0.023255813953488372 0.5663265306122449 0.013170384432842904
a 0.03488372093023256 0.8826530612244898 0.030790223065970575
millionaire 0.011627906976744186 0.01020408163265306 0.00011865211200759373
carpet 0.011627906976744186 0.00510204081632653 5.932605600379686e-05
exporter 0.011627906976744186 0.00510204081632653 5.932605600379686e-05
and 0.046511627906976744 0.8571428571428571 0.03986710963455149
the 0.03488372093023256 0.9540816326530612 0.033281917418130046
mafia 0.011627906976744186 0.02040816326530612 0.00023730422401518745
don 0.011627906976744186 0.015306122448979591 0.0001779781680113906
mirzapur 0.011627906976744186 0.00510204081632653 5.932605600379686e-05
his 0.03488372093023256 0.44387755102040816 0.015484100616990982
son 0.011627906976744186 0.08163265306122448 0.0009492168960607498
munna 0.011627906976744186 0.00510204081632653 5.932605600379686e-05
is 0.023255813953488372 0.5663265306122449 0.013170384432842904
an 0.03488372093023256 0.3622448979591837 0.012636449928808732
unworthy 0.011627906976744186 0.00510204081632653 5.932605600379686e-05
heir 0.011627906976744186 0.00510204081632653 5.932605600379686e-05
who 0.011627906976744186 0.39285714285714285 0.004568106312292358
will 0.011627906976744186 0.1989795918367347 0.002313716184148078
stop 0.011627906976744186 0.03571428571428571 0.00041528239202657803
at 0.023255813953488372 0.23469387755102042 0.005457997152349312
nothing 0.011627906976744186 0.030612244897959183 0.0003559563360227812
to 0.023255813953488372 0.7806122448979592 0.018153773137161842
inherit 0.011627906976744186 0.00510204081632653 5.932605600379686e-05
his 0.03488372093023256 0.44387755102040816 0.015484100616990982
father 0.011627906976744186 0.11734693877551021 0.001364499288087328
legacy 0.011627906976744186 0.015306122448979591 0.0001779781680113906
an 0.03488372093023256 0.3622448979591837 0.012636449928808732
incident 0.011627906976744186 0.02040816326530612 0.00023730422401518745
at 0.023255813953488372 0.23469387755102042 0.005457997152349312
a 0.03488372093023256 0.8826530612244898 0.030790223065970575
wedding 0.011627906976744186 0.02040816326530612 0.00023730422401518745
procession 0.011627906976744186 0.00510204081632653 5.932605600379686e-05
forces 0.011627906976744186 0.061224489795918366 0.0007119126720455624
to 0.023255813953488372 0.7806122448979592 0.018153773137161842
cross 0.011627906976744186 0.015306122448979591 0.0001779781680113906
paths 0.011627906976744186 0.02040816326530612 0.00023730422401518745
with 0.011627906976744186 0.4387755102040816 0.00510204081632653
ramakant 0.011627906976744186 0.00510204081632653 5.932605600379686e-05
pandit 0.011627906976744186 0.00510204081632653 5.932605600379686e-05
an 0.03488372093023256 0.3622448979591837 0.012636449928808732
upstanding 0.011627906976744186 0.00510204081632653 5.932605600379686e-05
lawyer 0.011627906976744186 0.01020408163265306 0.00011865211200759373
and 0.046511627906976744 0.8571428571428571 0.03986710963455149
his 0.03488372093023256 0.44387755102040816 0.015484100616990982
sons 0.011627906976744186 0.01020408163265306 0.00011865211200759373
guddu 0.011627906976744186 0.00510204081632653 5.932605600379686e-05
and 0.046511627906976744 0.8571428571428571 0.03986710963455149
bablu 0.011627906976744186 0.00510204081632653 5.932605600379686e-05
it 0.011627906976744186 0.2193877551020408 0.002551020408163265
snowballs 0.011627906976744186 0.00510204081632653 5.932605600379686e-05
a 0.03488372093023256 0.8826530612244898 0.030790223065970575
game 0.011627906976744186 0.02040816326530612 0.00023730422401518745
ambition 0.011627906976744186 0.01020408163265306 0.00011865211200759373
power 0.011627906976744186 0.05102040816326531 0.0005932605600379687
and 0.046511627906976744 0.8571428571428571 0.03986710963455149
greed 0.011627906976744186 0.015306122448979591 0.0001779781680113906
that 0.011627906976744186 0.40816326530612246 0.004746084480303749
threatens 0.011627906976744186 0.01020408163265306 0.00011865211200759373
the 0.03488372093023256 0.9540816326530612 0.033281917418130046
fabric 0.011627906976744186 0.01020408163265306 0.00011865211200759373
this 0.011627906976744186 0.17346938775510204 0.0020170859041290933
lawless 0.011627906976744186 0.00510204081632653 5.932605600379686e-05
city 0.011627906976744186 0.09183673469387756 0.0010678690080683437
