the 0.09333333333333334 0.9540816326530612 0.08904761904761906
series 0.013333333333333334 0.07142857142857142 0.0009523809523809524
follows 0.013333333333333334 0.0663265306122449 0.0008843537414965988
an 0.013333333333333334 0.3622448979591837 0.004829931972789116
anarchist 0.013333333333333334 0.00510204081632653 6.802721088435374e-05
nicknamed 0.013333333333333334 0.00510204081632653 6.802721088435374e-05
karamora 0.02666666666666667 0.00510204081632653 0.00013605442176870748
who 0.013333333333333334 0.39285714285714285 0.005238095238095239
discovers 0.013333333333333334 0.030612244897959183 0.00040816326530612246
that 0.02666666666666667 0.40816326530612246 0.0108843537414966
the 0.09333333333333334 0.9540816326530612 0.08904761904761906
monarchical 0.013333333333333334 0.00510204081632653 6.802721088435374e-05
dynasties 0.013333333333333334 0.00510204081632653 6.802721088435374e-05
and 0.05333333333333334 0.8571428571428571 0.045714285714285714
the 0.09333333333333334 0.9540816326530612 0.08904761904761906
highest 0.013333333333333334 0.00510204081632653 6.802721088435374e-05
ranks 0.013333333333333334 0.00510204081632653 6.802721088435374e-05
nobility 0.013333333333333334 0.01020408163265306 0.00013605442176870748
in 0.02666666666666667 0.7346938775510204 0.01959183673469388
russia 0.013333333333333334 0.02040816326530612 0.00027210884353741496
and 0.05333333333333334 0.8571428571428571 0.045714285714285714
europe 0.013333333333333334 0.025510204081632654 0.00034013605442176874
supernatural 0.013333333333333334 0.015306122448979591 0.00020408163265306123
powers 0.02666666666666667 0.030612244897959183 0.0008163265306122449
upon 0.013333333333333334 0.025510204081632654 0.00034013605442176874
learning 0.013333333333333334 0.01020408163265306 0.00013605442176870748
that 0.02666666666666667 0.40816326530612246 0.0108843537414966
these 0.013333333333333334 0.05102040816326531 0.0006802721088435375
elites 0.013333333333333334 0.00510204081632653 6.802721088435374e-05
discreetly 0.013333333333333334 0.00510204081632653 6.802721088435374e-05
using 0.013333333333333334 0.015306122448979591 0.00020408163265306123
their 0.013333333333333334 0.3520408163265306 0.004693877551020408
powers 0.02666666666666667 0.030612244897959183 0.0008163265306122449
to 0.013333333333333334 0.7806122448979592 0.010408163265306124
rule 0.013333333333333334 0.00510204081632653 6.802721088435374e-05
the 0.09333333333333334 0.9540816326530612 0.08904761904761906
world 0.013333333333333334 0.19387755102040816 0.0025850340136054422
for 0.02666666666666667 0.3877551020408163 0.010340136054421769
great 0.013333333333333334 0.03571428571428571 0.0004761904761904762
periods 0.013333333333333334 0.00510204081632653 6.802721088435374e-05
time 0.013333333333333334 0.14795918367346939 0.0019727891156462586
karamora 0.02666666666666667 0.00510204081632653 0.00013605442176870748
declares 0.013333333333333334 0.00510204081632653 6.802721088435374e-05
war 0.013333333333333334 0.05612244897959184 0.0007482993197278912
on 0.013333333333333334 0.3520408163265306 0.004693877551020408
the 0.09333333333333334 0.9540816326530612 0.08904761904761906
secret 0.013333333333333334 0.061224489795918366 0.0008163265306122449
society 0.013333333333333334 0.03571428571428571 0.0004761904761904762
for 0.02666666666666667 0.3877551020408163 0.010340136054421769
all 0.02666666666666667 0.17346938775510204 0.004625850340136055
the 0.09333333333333334 0.9540816326530612 0.08904761904761906
harm 0.013333333333333334 0.01020408163265306 0.00013605442176870748
they 0.013333333333333334 0.28061224489795916 0.0037414965986394557
caused 0.013333333333333334 0.00510204081632653 6.802721088435374e-05
and 0.05333333333333334 0.8571428571428571 0.045714285714285714
all 0.02666666666666667 0.17346938775510204 0.004625850340136055
the 0.09333333333333334 0.9540816326530612 0.08904761904761906
friends 0.013333333333333334 0.05102040816326531 0.0006802721088435375
and 0.05333333333333334 0.8571428571428571 0.045714285714285714
loved 0.013333333333333334 0.02040816326530612 0.00027210884353741496
ones 0.013333333333333334 0.025510204081632654 0.00034013605442176874
he 0.013333333333333334 0.34183673469387754 0.004557823129251701
lost 0.013333333333333334 0.05102040816326531 0.0006802721088435375
in 0.02666666666666667 0.7346938775510204 0.01959183673469388
battle 0.013333333333333334 0.061224489795918366 0.0008163265306122449
