centers 0.014285714285714285 0.015306122448979591 0.00021865889212827988
around 0.014285714285714285 0.08673469387755102 0.001239067055393586
heartbroken 0.014285714285714285 0.00510204081632653 7.288629737609328e-05
anna 0.02857142857142857 0.015306122448979591 0.00043731778425655976
bell 0.014285714285714285 0.00510204081632653 7.288629737609328e-05
for 0.014285714285714285 0.3877551020408163 0.00553935860058309
whom 0.014285714285714285 0.02040816326530612 0.0002915451895043731
every 0.014285714285714285 0.03571428571428571 0.000510204081632653
day 0.014285714285714285 0.09183673469387756 0.0013119533527696794
is 0.02857142857142857 0.5663265306122449 0.016180758017492712
the 0.07142857142857142 0.9540816326530612 0.06814868804664723
she 0.04285714285714286 0.19387755102040816 0.008309037900874635
sits 0.014285714285714285 0.00510204081632653 7.288629737609328e-05
with 0.014285714285714285 0.4387755102040816 0.006268221574344023
her 0.02857142857142857 0.2755102040816326 0.007871720116618075
wine 0.014285714285714285 0.00510204081632653 7.288629737609328e-05
staring 0.014285714285714285 0.00510204081632653 7.288629737609328e-05
out 0.014285714285714285 0.18877551020408162 0.0026967930029154516
the 0.07142857142857142 0.9540816326530612 0.06814868804664723
window 0.014285714285714285 0.00510204081632653 7.288629737609328e-05
watching 0.014285714285714285 0.00510204081632653 7.288629737609328e-05
life 0.014285714285714285 0.20408163265306123 0.0029154518950437317
go 0.014285714285714285 0.09183673469387756 0.0013119533527696794
by 0.014285714285714285 0.33163265306122447 0.004737609329446064
without 0.014285714285714285 0.04081632653061224 0.0005830903790087462
her 0.02857142857142857 0.2755102040816326 0.007871720116618075
but 0.014285714285714285 0.3112244897959184 0.004446064139941691
when 0.014285714285714285 0.27040816326530615 0.0038629737609329447
a 0.04285714285714286 0.8826530612244898 0.03782798833819242
handsome 0.014285714285714285 0.00510204081632653 7.288629737609328e-05
neighbor 0.014285714285714285 0.00510204081632653 7.288629737609328e-05
moves 0.014285714285714285 0.030612244897959183 0.00043731778425655976
in 0.014285714285714285 0.7346938775510204 0.010495626822157435
across 0.014285714285714285 0.04081632653061224 0.0005830903790087462
the 0.07142857142857142 0.9540816326530612 0.06814868804664723
street 0.014285714285714285 0.01020408163265306 0.00014577259475218656
anna 0.02857142857142857 0.015306122448979591 0.00043731778425655976
starts 0.014285714285714285 0.05102040816326531 0.0007288629737609329
to 0.014285714285714285 0.7806122448979592 0.011151603498542275
see 0.014285714285714285 0.04081632653061224 0.0005830903790087462
a 0.04285714285714286 0.8826530612244898 0.03782798833819242
light 0.014285714285714285 0.02040816326530612 0.0002915451895043731
at 0.014285714285714285 0.23469387755102042 0.0033527696793002916
the 0.07142857142857142 0.9540816326530612 0.06814868804664723
end 0.014285714285714285 0.04591836734693878 0.0006559766763848397
the 0.07142857142857142 0.9540816326530612 0.06814868804664723
tunnel 0.014285714285714285 0.01020408163265306 0.00014577259475218656
that 0.014285714285714285 0.40816326530612246 0.0058309037900874635
is 0.02857142857142857 0.5663265306122449 0.016180758017492712
she 0.04285714285714286 0.19387755102040816 0.008309037900874635
witnesses 0.014285714285714285 0.01020408163265306 0.00014577259475218656
a 0.04285714285714286 0.8826530612244898 0.03782798833819242
gruesome 0.014285714285714285 0.00510204081632653 7.288629737609328e-05
murder 0.014285714285714285 0.030612244897959183 0.00043731778425655976
or 0.014285714285714285 0.09183673469387756 0.0013119533527696794
she 0.04285714285714286 0.19387755102040816 0.008309037900874635
