novocherkassk 0.006622516556291391 0.00510204081632653 3.3788349776996886e-05
ussr 0.013245033112582781 0.00510204081632653 6.757669955399377e-05
lyudmila 0.026490066225165563 0.00510204081632653 0.00013515339910798754
is 0.006622516556291391 0.5663265306122449 0.003750506825246655
a 0.033112582781456956 0.8826530612244898 0.029226922557102315
party 0.006622516556291391 0.015306122448979591 0.00010136504933099067
executive 0.006622516556291391 0.01020408163265306 6.757669955399377e-05
and 0.013245033112582781 0.8571428571428571 0.011352885525070956
devout 0.006622516556291391 0.015306122448979591 0.00010136504933099067
communist 0.013245033112582781 0.00510204081632653 6.757669955399377e-05
who 0.006622516556291391 0.39285714285714285 0.0026017029328287604
fought 0.006622516556291391 0.00510204081632653 3.3788349776996886e-05
in 0.019867549668874173 0.7346938775510204 0.014596567103662658
wwii 0.006622516556291391 0.015306122448979591 0.00010136504933099067
for 0.013245033112582781 0.3877551020408163 0.005135829166103527
stalin 0.006622516556291391 0.00510204081632653 3.3788349776996886e-05
ideology 0.006622516556291391 0.00510204081632653 3.3788349776996886e-05
certain 0.006622516556291391 0.00510204081632653 3.3788349776996886e-05
that 0.019867549668874173 0.40816326530612246 0.008109203946479255
her 0.026490066225165563 0.2755102040816326 0.007298283551831328
work 0.006622516556291391 0.04591836734693878 0.00030409514799297204
will 0.013245033112582781 0.1989795918367347 0.0026354912826057576
create 0.006622516556291391 0.02040816326530612 0.00013515339910798754
a 0.033112582781456956 0.8826530612244898 0.029226922557102315
communist 0.013245033112582781 0.00510204081632653 6.757669955399377e-05
society 0.006622516556291391 0.03571428571428571 0.00023651844843897824
the 0.07947019867549669 0.9540816326530612 0.07582105689958103
woman 0.013245033112582781 0.07142857142857142 0.000946073793755913
detests 0.006622516556291391 0.00510204081632653 3.3788349776996886e-05
sentiment 0.006622516556291391 0.00510204081632653 3.3788349776996886e-05
during 0.006622516556291391 0.04591836734693878 0.00030409514799297204
a 0.033112582781456956 0.8826530612244898 0.029226922557102315
strike 0.006622516556291391 0.00510204081632653 3.3788349776996886e-05
at 0.006622516556291391 0.23469387755102042 0.001554264089741857
the 0.07947019867549669 0.9540816326530612 0.07582105689958103
local 0.006622516556291391 0.025510204081632654 0.00016894174888498447
electromotive 0.006622516556291391 0.00510204081632653 3.3788349776996886e-05
factory 0.006622516556291391 0.01020408163265306 6.757669955399377e-05
lyudmila 0.026490066225165563 0.00510204081632653 0.00013515339910798754
witnesses 0.006622516556291391 0.01020408163265306 6.757669955399377e-05
a 0.033112582781456956 0.8826530612244898 0.029226922557102315
laborers 0.006622516556291391 0.00510204081632653 3.3788349776996886e-05
piquet 0.006622516556291391 0.00510204081632653 3.3788349776996886e-05
gunned 0.006622516556291391 0.00510204081632653 3.3788349776996886e-05
under 0.006622516556291391 0.0663265306122449 0.00043924854710095964
orders 0.006622516556291391 0.00510204081632653 3.3788349776996886e-05
from 0.013245033112582781 0.3520408163265306 0.004662792269225571
the 0.07947019867549669 0.9540816326530612 0.07582105689958103
government 0.006622516556291391 0.02040816326530612 0.00013515339910798754
that 0.019867549668874173 0.40816326530612246 0.008109203946479255
seeks 0.006622516556291391 0.015306122448979591 0.00010136504933099067
to 0.013245033112582781 0.7806122448979592 0.010339235031761049
cover 0.013245033112582781 0.015306122448979591 0.00020273009866198134
mass 0.013245033112582781 0.01020408163265306 0.00013515339910798754
labor 0.006622516556291391 0.01020408163265306 6.757669955399377e-05
strikes 0.006622516556291391 0.00510204081632653 3.3788349776996886e-05
in 0.019867549668874173 0.7346938775510204 0.014596567103662658
ussr 0.013245033112582781 0.00510204081632653 6.757669955399377e-05
after 0.006622516556291391 0.1989795918367347 0.0013177456413028788
the 0.07947019867549669 0.9540816326530612 0.07582105689958103
bloodbath 0.006622516556291391 0.00510204081632653 3.3788349776996886e-05
when 0.006622516556291391 0.27040816326530615 0.0017907825381808355
survivors 0.006622516556291391 0.00510204081632653 3.3788349776996886e-05
flee 0.006622516556291391 0.015306122448979591 0.00010136504933099067
from 0.013245033112582781 0.3520408163265306 0.004662792269225571
the 0.07947019867549669 0.9540816326530612 0.07582105689958103
square 0.006622516556291391 0.00510204081632653 3.3788349776996886e-05
lyudmila 0.026490066225165563 0.00510204081632653 0.00013515339910798754
realizes 0.006622516556291391 0.025510204081632654 0.00016894174888498447
her 0.026490066225165563 0.2755102040816326 0.007298283551831328
daughter 0.013245033112582781 0.05102040816326531 0.0006757669955399379
disappeared 0.006622516556291391 0.00510204081632653 3.3788349776996886e-05
a 0.033112582781456956 0.8826530612244898 0.029226922557102315
gaping 0.006622516556291391 0.00510204081632653 3.3788349776996886e-05
rift 0.006622516556291391 0.00510204081632653 3.3788349776996886e-05
opens 0.006622516556291391 0.01020408163265306 6.757669955399377e-05
in 0.019867549668874173 0.7346938775510204 0.014596567103662658
her 0.026490066225165563 0.2755102040816326 0.007298283551831328
worldview 0.006622516556291391 0.00510204081632653 3.3788349776996886e-05
despite 0.006622516556291391 0.01020408163265306 6.757669955399377e-05
the 0.07947019867549669 0.9540816326530612 0.07582105689958103
blockade 0.006622516556291391 0.00510204081632653 3.3788349776996886e-05
the 0.07947019867549669 0.9540816326530612 0.07582105689958103
city 0.006622516556291391 0.09183673469387756 0.0006081902959859441
mass 0.013245033112582781 0.01020408163265306 0.00013515339910798754
arrests 0.006622516556291391 0.00510204081632653 3.3788349776996886e-05
and 0.013245033112582781 0.8571428571428571 0.011352885525070956
the 0.07947019867549669 0.9540816326530612 0.07582105689958103
authorities 0.006622516556291391 0.015306122448979591 0.00010136504933099067
attempts 0.006622516556291391 0.00510204081632653 3.3788349776996886e-05
to 0.013245033112582781 0.7806122448979592 0.010339235031761049
cover 0.013245033112582781 0.015306122448979591 0.00020273009866198134
the 0.07947019867549669 0.9540816326530612 0.07582105689958103
massacre 0.006622516556291391 0.01020408163265306 6.757669955399377e-05
lyudmila 0.026490066225165563 0.00510204081632653 0.00013515339910798754
searches 0.006622516556291391 0.00510204081632653 3.3788349776996886e-05
for 0.013245033112582781 0.3877551020408163 0.005135829166103527
her 0.026490066225165563 0.2755102040816326 0.007298283551831328
daughter 0.013245033112582781 0.05102040816326531 0.0006757669955399379
we 0.006622516556291391 0.01020408163265306 6.757669955399377e-05
know 0.006622516556291391 0.07142857142857142 0.0004730368968779565
how 0.006622516556291391 0.09183673469387756 0.0006081902959859441
the 0.07947019867549669 0.9540816326530612 0.07582105689958103
search 0.006622516556291391 0.030612244897959183 0.00020273009866198134
will 0.013245033112582781 0.1989795918367347 0.0026354912826057576
end 0.006622516556291391 0.04591836734693878 0.00030409514799297204
but 0.006622516556291391 0.3112244897959184 0.0020610893363968105
realize 0.006622516556291391 0.01020408163265306 6.757669955399377e-05
that 0.019867549668874173 0.40816326530612246 0.008109203946479255
the 0.07947019867549669 0.9540816326530612 0.07582105689958103
woman 0.013245033112582781 0.07142857142857142 0.000946073793755913
life 0.006622516556291391 0.20408163265306123 0.0013515339910798758
wo 0.006622516556291391 0.00510204081632653 3.3788349776996886e-05
ever 0.006622516556291391 0.05102040816326531 0.00033788349776996894
the 0.07947019867549669 0.9540816326530612 0.07582105689958103
