when 0.029411764705882353 0.27040816326530615 0.007953181272509003
the 0.058823529411764705 0.9540816326530612 0.05612244897959184
riddler 0.029411764705882353 0.00510204081632653 0.00015006002400960383
a 0.029411764705882353 0.8826530612244898 0.025960384153661465
sadistic 0.029411764705882353 0.00510204081632653 0.00015006002400960383
serial 0.029411764705882353 0.01020408163265306 0.00030012004801920766
killer 0.029411764705882353 0.01020408163265306 0.00030012004801920766
begins 0.029411764705882353 0.07142857142857142 0.0021008403361344537
murdering 0.029411764705882353 0.015306122448979591 0.0004501800720288115
key 0.029411764705882353 0.015306122448979591 0.0004501800720288115
political 0.029411764705882353 0.015306122448979591 0.0004501800720288115
figures 0.029411764705882353 0.00510204081632653 0.00015006002400960383
in 0.029411764705882353 0.7346938775510204 0.021608643457382955
gotham 0.029411764705882353 0.00510204081632653 0.00015006002400960383
batman 0.029411764705882353 0.00510204081632653 0.00015006002400960383
is 0.029411764705882353 0.5663265306122449 0.016656662665066026
forced 0.029411764705882353 0.04081632653061224 0.0012004801920768306
to 0.029411764705882353 0.7806122448979592 0.02295918367346939
investigate 0.029411764705882353 0.00510204081632653 0.00015006002400960383
the 0.058823529411764705 0.9540816326530612 0.05612244897959184
city 0.029411764705882353 0.09183673469387756 0.0027010804321728693
hidden 0.029411764705882353 0.030612244897959183 0.000900360144057623
corruption 0.029411764705882353 0.00510204081632653 0.00015006002400960383
and 0.029411764705882353 0.8571428571428571 0.025210084033613443
question 0.029411764705882353 0.01020408163265306 0.00030012004801920766
his 0.029411764705882353 0.44387755102040816 0.013055222088835534
family 0.029411764705882353 0.22448979591836735 0.006602641056422569
involvement 0.029411764705882353 0.01020408163265306 0.00030012004801920766
