alexia 0.011904761904761904 0.00510204081632653 6.07385811467444e-05
suffers 0.011904761904761904 0.01020408163265306 0.0001214771622934888
a 0.047619047619047616 0.8826530612244898 0.04203109815354713
terrible 0.011904761904761904 0.015306122448979591 0.00018221574344023323
skull 0.011904761904761904 0.00510204081632653 6.07385811467444e-05
injury 0.011904761904761904 0.00510204081632653 6.07385811467444e-05
and 0.03571428571428571 0.8571428571428571 0.03061224489795918
a 0.047619047619047616 0.8826530612244898 0.04203109815354713
titanium 0.011904761904761904 0.00510204081632653 6.07385811467444e-05
plate 0.011904761904761904 0.00510204081632653 6.07385811467444e-05
fitted 0.011904761904761904 0.00510204081632653 6.07385811467444e-05
her 0.047619047619047616 0.2755102040816326 0.013119533527696792
head 0.011904761904761904 0.015306122448979591 0.00018221574344023323
when 0.011904761904761904 0.27040816326530615 0.003219144800777454
she 0.03571428571428571 0.19387755102040816 0.0069241982507288625
gets 0.011904761904761904 0.04081632653061224 0.0004859086491739552
out 0.011904761904761904 0.18877551020408162 0.0022473275024295428
the 0.03571428571428571 0.9540816326530612 0.03407434402332361
hospital 0.011904761904761904 0.01020408163265306 0.0001214771622934888
she 0.03571428571428571 0.19387755102040816 0.0069241982507288625
rejects 0.011904761904761904 0.00510204081632653 6.07385811467444e-05
her 0.047619047619047616 0.2755102040816326 0.013119533527696792
parents 0.011904761904761904 0.025510204081632654 0.00030369290573372206
and 0.03571428571428571 0.8571428571428571 0.03061224489795918
embraces 0.011904761904761904 0.00510204081632653 6.07385811467444e-05
passionately 0.011904761904761904 0.00510204081632653 6.07385811467444e-05
the 0.03571428571428571 0.9540816326530612 0.03407434402332361
car 0.011904761904761904 0.00510204081632653 6.07385811467444e-05
that 0.011904761904761904 0.40816326530612246 0.004859086491739553
almost 0.011904761904761904 0.01020408163265306 0.0001214771622934888
killed 0.011904761904761904 0.025510204081632654 0.00030369290573372206
her 0.047619047619047616 0.2755102040816326 0.013119533527696792
the 0.03571428571428571 0.9540816326530612 0.03407434402332361
coming 0.011904761904761904 0.01020408163265306 0.0001214771622934888
years 0.011904761904761904 0.12244897959183673 0.0014577259475218659
she 0.03571428571428571 0.19387755102040816 0.0069241982507288625
problems 0.023809523809523808 0.015306122448979591 0.00036443148688046647
with 0.023809523809523808 0.4387755102040816 0.010447035957240038
her 0.047619047619047616 0.2755102040816326 0.013119533527696792
sexuality 0.011904761904761904 0.01020408163265306 0.0001214771622934888
and 0.03571428571428571 0.8571428571428571 0.03061224489795918
meets 0.011904761904761904 0.05102040816326531 0.0006073858114674441
vincent 0.023809523809523808 0.00510204081632653 0.0001214771622934888
vincent 0.023809523809523808 0.00510204081632653 0.0001214771622934888
is 0.011904761904761904 0.5663265306122449 0.006741982507288629
a 0.047619047619047616 0.8826530612244898 0.04203109815354713
tortured 0.011904761904761904 0.00510204081632653 6.07385811467444e-05
man 0.011904761904761904 0.12755102040816327 0.0015184645286686102
who 0.011904761904761904 0.39285714285714285 0.00467687074829932
tries 0.011904761904761904 0.030612244897959183 0.00036443148688046647
to 0.023809523809523808 0.7806122448979592 0.01858600583090379
preserve 0.011904761904761904 0.00510204081632653 6.07385811467444e-05
his 0.023809523809523808 0.44387755102040816 0.010568513119533527
strength 0.011904761904761904 0.015306122448979591 0.00018221574344023323
by 0.011904761904761904 0.33163265306122447 0.0039480077745383865
injecting 0.011904761904761904 0.00510204081632653 6.07385811467444e-05
steroids 0.011904761904761904 0.00510204081632653 6.07385811467444e-05
his 0.023809523809523808 0.44387755102040816 0.010568513119533527
aging 0.011904761904761904 0.00510204081632653 6.07385811467444e-05
body 0.011904761904761904 0.02040816326530612 0.0002429543245869776
will 0.011904761904761904 0.1989795918367347 0.002368804664723032
they 0.011904761904761904 0.28061224489795916 0.0033406219630709422
find 0.011904761904761904 0.08163265306122448 0.0009718172983479104
a 0.047619047619047616 0.8826530612244898 0.04203109815354713
way 0.011904761904761904 0.03571428571428571 0.0004251700680272108
to 0.023809523809523808 0.7806122448979592 0.01858600583090379
deal 0.011904761904761904 0.015306122448979591 0.00018221574344023323
with 0.023809523809523808 0.4387755102040816 0.010447035957240038
their 0.011904761904761904 0.3520408163265306 0.0041909620991253645
emotional 0.011904761904761904 0.03571428571428571 0.0004251700680272108
problems 0.023809523809523808 0.015306122448979591 0.00036443148688046647
liesenborgs 0.011904761904761904 0.00510204081632653 6.07385811467444e-05
