stalingrad 0.014705882352941176 0.00510204081632653 7.503001200480192e-05
become 0.014705882352941176 0.05612244897959184 0.0008253301320528211
hell 0.014705882352941176 0.015306122448979591 0.00022509003601440576
and 0.04411764705882353 0.8571428571428571 0.037815126050420166
paradise 0.014705882352941176 0.01020408163265306 0.00015006002400960383
for 0.014705882352941176 0.3877551020408163 0.005702280912364945
who 0.04411764705882353 0.39285714285714285 0.017331932773109245
worthy 0.014705882352941176 0.01020408163265306 0.00015006002400960383
awards 0.014705882352941176 0.00510204081632653 7.503001200480192e-05
but 0.014705882352941176 0.3112244897959184 0.004576830732292917
the 0.058823529411764705 0.9540816326530612 0.05612244897959184
reward 0.014705882352941176 0.00510204081632653 7.503001200480192e-05
they 0.07352941176470588 0.28061224489795916 0.020633253301320528
managed 0.014705882352941176 0.015306122448979591 0.00022509003601440576
to 0.014705882352941176 0.7806122448979592 0.011479591836734694
get 0.014705882352941176 0.0663265306122449 0.000975390156062425
love 0.014705882352941176 0.09183673469387756 0.0013505402160864347
how 0.029411764705882353 0.09183673469387756 0.0027010804321728693
they 0.07352941176470588 0.28061224489795916 0.020633253301320528
and 0.04411764705882353 0.8571428571428571 0.037815126050420166
how 0.029411764705882353 0.09183673469387756 0.0027010804321728693
they 0.07352941176470588 0.28061224489795916 0.020633253301320528
not 0.014705882352941176 0.14795918367346939 0.0021758703481392556
defeated 0.014705882352941176 0.01020408163265306 0.00015006002400960383
who 0.04411764705882353 0.39285714285714285 0.017331932773109245
they 0.07352941176470588 0.28061224489795916 0.020633253301320528
and 0.04411764705882353 0.8571428571428571 0.037815126050420166
who 0.04411764705882353 0.39285714285714285 0.017331932773109245
on 0.014705882352941176 0.3520408163265306 0.005177070828331332
the 0.058823529411764705 0.9540816326530612 0.05612244897959184
side 0.014705882352941176 0.015306122448979591 0.00022509003601440576
the 0.058823529411764705 0.9540816326530612 0.05612244897959184
street 0.014705882352941176 0.01020408163265306 0.00015006002400960383
what 0.014705882352941176 0.1377551020408163 0.002025810324129652
secret 0.014705882352941176 0.061224489795918366 0.000900360144057623
they 0.07352941176470588 0.28061224489795916 0.020633253301320528
taken 0.014705882352941176 0.02040816326530612 0.00030012004801920766
away 0.014705882352941176 0.04081632653061224 0.0006002400960384153
with 0.014705882352941176 0.4387755102040816 0.006452581032412965
the 0.058823529411764705 0.9540816326530612 0.05612244897959184
movie 0.014705882352941176 0.030612244897959183 0.0004501800720288115
will 0.014705882352941176 0.1989795918367347 0.002926170468187275
tell 0.014705882352941176 0.015306122448979591 0.00022509003601440576
this 0.014705882352941176 0.17346938775510204 0.002551020408163265
story 0.014705882352941176 0.12755102040816327 0.001875750300120048
tilkin 0.014705882352941176 0.00510204081632653 7.503001200480192e-05
