no 0.027777777777777776 0.07142857142857142 0.001984126984126984
meteorites 0.009259259259259259 0.00510204081632653 4.724111866969009e-05
hit 0.009259259259259259 0.015306122448979591 0.00014172335600907027
earth 0.027777777777777776 0.05102040816326531 0.001417233560090703
no 0.027777777777777776 0.07142857142857142 0.001984126984126984
terrorists 0.009259259259259259 0.01020408163265306 9.448223733938019e-05
put 0.009259259259259259 0.03571428571428571 0.00033068783068783067
the 0.037037037037037035 0.9540816326530612 0.03533635676492819
world 0.009259259259259259 0.19387755102040816 0.0017951625094482235
in 0.046296296296296294 0.7346938775510204 0.034013605442176874
danger 0.009259259259259259 0.01020408163265306 9.448223733938019e-05
no 0.027777777777777776 0.07142857142857142 0.001984126984126984
atomic 0.009259259259259259 0.00510204081632653 4.724111866969009e-05
war 0.009259259259259259 0.05612244897959184 0.0005196523053665911
started 0.009259259259259259 0.01020408163265306 9.448223733938019e-05
but 0.009259259259259259 0.3112244897959184 0.0028817082388510958
something 0.009259259259259259 0.025510204081632654 0.00023620559334845047
go 0.009259259259259259 0.09183673469387756 0.0008503401360544217
wrong 0.009259259259259259 0.015306122448979591 0.00014172335600907027
contact 0.009259259259259259 0.015306122448979591 0.00014172335600907027
most 0.009259259259259259 0.07653061224489796 0.0007086167800453515
towns 0.009259259259259259 0.00510204081632653 4.724111866969009e-05
on 0.027777777777777776 0.3520408163265306 0.009778911564625849
earth 0.027777777777777776 0.05102040816326531 0.001417233560090703
severed 0.009259259259259259 0.00510204081632653 4.724111866969009e-05
a 0.009259259259259259 0.8826530612244898 0.008172713529856386
small 0.009259259259259259 0.07653061224489796 0.0007086167800453515
area 0.009259259259259259 0.025510204081632654 0.00023620559334845047
in 0.046296296296296294 0.7346938775510204 0.034013605442176874
eastern 0.009259259259259259 0.01020408163265306 9.448223733938019e-05
europe 0.009259259259259259 0.025510204081632654 0.00023620559334845047
still 0.009259259259259259 0.02040816326530612 0.00018896447467876037
electricity 0.009259259259259259 0.01020408163265306 9.448223733938019e-05
and 0.018518518518518517 0.8571428571428571 0.015873015873015872
maybe 0.009259259259259259 0.01020408163265306 9.448223733938019e-05
even 0.009259259259259259 0.07142857142857142 0.0006613756613756613
life 0.018518518518518517 0.20408163265306123 0.0037792894935752075
is 0.027777777777777776 0.5663265306122449 0.015731292517006803
being 0.009259259259259259 0.07653061224489796 0.0007086167800453515
reported 0.009259259259259259 0.01020408163265306 9.448223733938019e-05
from 0.009259259259259259 0.3520408163265306 0.003259637188208617
the 0.037037037037037035 0.9540816326530612 0.03533635676492819
space 0.009259259259259259 0.02040816326530612 0.00018896447467876037
what 0.018518518518518517 0.1377551020408163 0.002551020408163265
military 0.009259259259259259 0.015306122448979591 0.00014172335600907027
forces 0.009259259259259259 0.061224489795918366 0.0005668934240362811
find 0.009259259259259259 0.08163265306122448 0.0007558578987150415
outside 0.009259259259259259 0.02040816326530612 0.00018896447467876037
the 0.037037037037037035 0.9540816326530612 0.03533635676492819
ring 0.009259259259259259 0.00510204081632653 4.724111866969009e-05
is 0.027777777777777776 0.5663265306122449 0.015731292517006803
shocking 0.009259259259259259 0.015306122448979591 0.00014172335600907027
there 0.009259259259259259 0.08163265306122448 0.0007558578987150415
dead 0.009259259259259259 0.015306122448979591 0.00014172335600907027
corpses 0.009259259259259259 0.015306122448979591 0.00014172335600907027
everywhere 0.009259259259259259 0.01020408163265306 9.448223733938019e-05
in 0.046296296296296294 0.7346938775510204 0.034013605442176874
stores 0.009259259259259259 0.00510204081632653 4.724111866969009e-05
in 0.046296296296296294 0.7346938775510204 0.034013605442176874
cars 0.009259259259259259 0.00510204081632653 4.724111866969009e-05
on 0.027777777777777776 0.3520408163265306 0.009778911564625849
roads 0.009259259259259259 0.01020408163265306 9.448223733938019e-05
in 0.046296296296296294 0.7346938775510204 0.034013605442176874
hospitals 0.009259259259259259 0.00510204081632653 4.724111866969009e-05
and 0.018518518518518517 0.8571428571428571 0.015873015873015872
railway 0.009259259259259259 0.01020408163265306 9.448223733938019e-05
stations 0.009259259259259259 0.00510204081632653 4.724111866969009e-05
who 0.009259259259259259 0.39285714285714285 0.0036375661375661374
or 0.009259259259259259 0.09183673469387756 0.0008503401360544217
what 0.018518518518518517 0.1377551020408163 0.002551020408163265
is 0.027777777777777776 0.5663265306122449 0.015731292517006803
destroying 0.009259259259259259 0.00510204081632653 4.724111866969009e-05
all 0.009259259259259259 0.17346938775510204 0.0016061980347694632
life 0.018518518518518517 0.20408163265306123 0.0037792894935752075
on 0.027777777777777776 0.3520408163265306 0.009778911564625849
earth 0.027777777777777776 0.05102040816326531 0.001417233560090703
how 0.009259259259259259 0.09183673469387756 0.0008503401360544217
long 0.009259259259259259 0.05612244897959184 0.0005196523053665911
will 0.009259259259259259 0.1989795918367347 0.0018424036281179136
the 0.037037037037037035 0.9540816326530612 0.03533635676492819
last 0.009259259259259259 0.04591836734693878 0.00042517006802721087
outpost 0.009259259259259259 0.01020408163265306 9.448223733938019e-05
mankind 0.009259259259259259 0.030612244897959183 0.00028344671201814054
survive 0.009259259259259259 0.02040816326530612 0.00018896447467876037
