after 0.0136986301369863 0.1989795918367347 0.0027257478333799273
her 0.0958904109589041 0.2755102040816326 0.02641878669275929
father 0.0273972602739726 0.11734693877551021 0.003214984623986581
and 0.0136986301369863 0.8571428571428571 0.011741682974559686
little 0.0136986301369863 0.04591836734693878 0.0006290187307799833
brother 0.0273972602739726 0.04081632653061224 0.0011182555213866366
killed 0.0136986301369863 0.025510204081632654 0.000349454850433324
by 0.0273972602739726 0.33163265306122447 0.009085826111266423
her 0.0958904109589041 0.2755102040816326 0.02641878669275929
father 0.0273972602739726 0.11734693877551021 0.003214984623986581
employers 0.0136986301369863 0.00510204081632653 6.989097008666479e-05
the 0.0547945205479452 0.9540816326530612 0.05227844562482527
daughter 0.0136986301369863 0.05102040816326531 0.000698909700866648
an 0.0136986301369863 0.3622448979591837 0.004962258876153201
abject 0.0136986301369863 0.00510204081632653 6.989097008666479e-05
drug 0.0136986301369863 0.04081632653061224 0.0005591277606933183
dealer 0.0136986301369863 0.01020408163265306 0.00013978194017332958
manages 0.0136986301369863 0.025510204081632654 0.000349454850433324
to 0.0136986301369863 0.7806122448979592 0.010693318423259714
take 0.0273972602739726 0.09183673469387756 0.002516074923119933
refuge 0.0136986301369863 0.00510204081632653 6.989097008666479e-05
in 0.0136986301369863 0.7346938775510204 0.010064299692479732
the 0.0547945205479452 0.9540816326530612 0.05227844562482527
apartment 0.0136986301369863 0.02040816326530612 0.00027956388034665916
a 0.0136986301369863 0.8826530612244898 0.012091137824993011
professional 0.0136986301369863 0.015306122448979591 0.00020967291025999438
hitman 0.0136986301369863 0.00510204081632653 6.989097008666479e-05
who 0.0273972602739726 0.39285714285714285 0.010763209393346379
at 0.0136986301369863 0.23469387755102042 0.003214984623986581
her 0.0958904109589041 0.2755102040816326 0.02641878669275929
request 0.0136986301369863 0.01020408163265306 0.00013978194017332958
teaches 0.0136986301369863 0.01020408163265306 0.00013978194017332958
her 0.0958904109589041 0.2755102040816326 0.02641878669275929
the 0.0547945205479452 0.9540816326530612 0.05227844562482527
methods 0.0136986301369863 0.00510204081632653 6.989097008666479e-05
his 0.0136986301369863 0.44387755102040816 0.006080514397539837
job 0.0136986301369863 0.04591836734693878 0.0006290187307799833
so 0.0136986301369863 0.030612244897959183 0.00041934582051998876
she 0.0136986301369863 0.19387755102040816 0.0026558568632932622
can 0.0136986301369863 0.08673469387755102 0.0011881464914733017
take 0.0273972602739726 0.09183673469387756 0.002516074923119933
her 0.0958904109589041 0.2755102040816326 0.02641878669275929
revenge 0.0136986301369863 0.02040816326530612 0.00027956388034665916
on 0.0136986301369863 0.3520408163265306 0.004822476935979871
the 0.0547945205479452 0.9540816326530612 0.05227844562482527
corrupt 0.0136986301369863 0.015306122448979591 0.00020967291025999438
dea 0.0136986301369863 0.00510204081632653 6.989097008666479e-05
agent 0.0136986301369863 0.015306122448979591 0.00020967291025999438
who 0.0273972602739726 0.39285714285714285 0.010763209393346379
ruined 0.0136986301369863 0.00510204081632653 6.989097008666479e-05
her 0.0958904109589041 0.2755102040816326 0.02641878669275929
life 0.0136986301369863 0.20408163265306123 0.002795638803466592
by 0.0273972602739726 0.33163265306122447 0.009085826111266423
killing 0.0136986301369863 0.025510204081632654 0.000349454850433324
her 0.0958904109589041 0.2755102040816326 0.02641878669275929
beloved 0.0136986301369863 0.01020408163265306 0.00013978194017332958
brother 0.0273972602739726 0.04081632653061224 0.0011182555213866366
golden 0.0136986301369863 0.00510204081632653 6.989097008666479e-05
