january 0.004784688995215311 0.00510204081632653 2.441167854701689e-05
soviet 0.004784688995215311 0.030612244897959183 0.00014647007128210134
union 0.004784688995215311 0.00510204081632653 2.441167854701689e-05
in 0.014354066985645933 0.7346938775510204 0.010545845132311299
the 0.06220095693779904 0.9540816326530612 0.059344790547798065
icy 0.004784688995215311 0.00510204081632653 2.441167854701689e-05
ural 0.004784688995215311 0.00510204081632653 2.441167854701689e-05
mountains 0.004784688995215311 0.025510204081632654 0.00012205839273508446
a 0.028708133971291867 0.8826530612244898 0.025339322331803537
group 0.004784688995215311 0.05102040816326531 0.00024411678547016892
nine 0.004784688995215311 0.00510204081632653 2.441167854701689e-05
students 0.009569377990430622 0.02040816326530612 0.00019529342837613513
sets 0.004784688995215311 0.05612244897959184 0.0002685284640171858
out 0.004784688995215311 0.18877551020408162 0.000903232106239625
on 0.009569377990430622 0.3520408163265306 0.003368811639488331
a 0.028708133971291867 0.8826530612244898 0.025339322331803537
ski 0.004784688995215311 0.00510204081632653 2.441167854701689e-05
trek 0.004784688995215311 0.00510204081632653 2.441167854701689e-05
even 0.009569377990430622 0.07142857142857142 0.0006835269993164729
though 0.004784688995215311 0.00510204081632653 2.441167854701689e-05
they 0.023923444976076555 0.28061224489795916 0.006713211600429645
all 0.004784688995215311 0.17346938775510204 0.0008299970705985744
hikers 0.004784688995215311 0.00510204081632653 2.441167854701689e-05
they 0.023923444976076555 0.28061224489795916 0.006713211600429645
never 0.009569377990430622 0.03571428571428571 0.00034176349965823647
reach 0.004784688995215311 0.025510204081632654 0.00012205839273508446
their 0.019138755980861243 0.3520408163265306 0.006737623278976662
destination 0.004784688995215311 0.00510204081632653 2.441167854701689e-05
as 0.014354066985645933 0.3469387755102041 0.004979982423591447
their 0.019138755980861243 0.3520408163265306 0.006737623278976662
bodies 0.004784688995215311 0.00510204081632653 2.441167854701689e-05
turn 0.004784688995215311 0.025510204081632654 0.00012205839273508446
a 0.028708133971291867 0.8826530612244898 0.025339322331803537
month 0.004784688995215311 0.01020408163265306 4.882335709403378e-05
later 0.004784688995215311 0.061224489795918366 0.0002929401425642027
it 0.009569377990430622 0.2193877551020408 0.0020994043550434526
leaves 0.004784688995215311 0.030612244897959183 0.00014647007128210134
local 0.009569377990430622 0.025510204081632654 0.00024411678547016892
investigators 0.004784688995215311 0.00510204081632653 2.441167854701689e-05
puzzled 0.004784688995215311 0.00510204081632653 2.441167854701689e-05
their 0.019138755980861243 0.3520408163265306 0.006737623278976662
tent 0.004784688995215311 0.00510204081632653 2.441167854701689e-05
cut 0.004784688995215311 0.01020408163265306 4.882335709403378e-05
open 0.004784688995215311 0.00510204081632653 2.441167854701689e-05
from 0.009569377990430622 0.3520408163265306 0.003368811639488331
the 0.06220095693779904 0.9540816326530612 0.059344790547798065
inside 0.004784688995215311 0.02040816326530612 9.764671418806757e-05
they 0.023923444976076555 0.28061224489795916 0.006713211600429645
found 0.004784688995215311 0.030612244897959183 0.00014647007128210134
frozen 0.004784688995215311 0.015306122448979591 7.323503564105067e-05
stiff 0.004784688995215311 0.00510204081632653 2.441167854701689e-05
in 0.014354066985645933 0.7346938775510204 0.010545845132311299
their 0.019138755980861243 0.3520408163265306 0.006737623278976662
underwear 0.004784688995215311 0.00510204081632653 2.441167854701689e-05
spread 0.004784688995215311 0.01020408163265306 4.882335709403378e-05
around 0.009569377990430622 0.08673469387755102 0.0008299970705985744
the 0.06220095693779904 0.9540816326530612 0.059344790547798065
camp 0.004784688995215311 0.02040816326530612 9.764671418806757e-05
even 0.009569377990430622 0.07142857142857142 0.0006835269993164729
partially 0.004784688995215311 0.00510204081632653 2.441167854701689e-05
mangled 0.004784688995215311 0.00510204081632653 2.441167854701689e-05
whom 0.004784688995215311 0.02040816326530612 9.764671418806757e-05
or 0.004784688995215311 0.09183673469387756 0.0004394102138463041
what 0.009569377990430622 0.1377551020408163 0.001318230641538912
they 0.023923444976076555 0.28061224489795916 0.006713211600429645
run 0.004784688995215311 0.015306122448979591 7.323503564105067e-05
from 0.009569377990430622 0.3520408163265306 0.003368811639488331
why 0.004784688995215311 0.015306122448979591 7.323503564105067e-05
they 0.023923444976076555 0.28061224489795916 0.006713211600429645
die 0.004784688995215311 0.01020408163265306 4.882335709403378e-05
and 0.009569377990430622 0.8571428571428571 0.008202323991797674
how 0.004784688995215311 0.09183673469387756 0.0004394102138463041
when 0.004784688995215311 0.27040816326530615 0.0012938189629918954
oleg 0.009569377990430622 0.01020408163265306 9.764671418806757e-05
a 0.028708133971291867 0.8826530612244898 0.025339322331803537
kgb 0.004784688995215311 0.00510204081632653 2.441167854701689e-05
major 0.004784688995215311 0.04081632653061224 0.00019529342837613513
arrives 0.004784688995215311 0.02040816326530612 9.764671418806757e-05
in 0.014354066985645933 0.7346938775510204 0.010545845132311299
the 0.06220095693779904 0.9540816326530612 0.059344790547798065
province 0.004784688995215311 0.01020408163265306 4.882335709403378e-05
his 0.009569377990430622 0.44387755102040816 0.004247632067180939
inquiry 0.004784688995215311 0.00510204081632653 2.441167854701689e-05
is 0.009569377990430622 0.5663265306122449 0.0054193926374377505
to 0.009569377990430622 0.7806122448979592 0.0074699736353871695
held 0.004784688995215311 0.015306122448979591 7.323503564105067e-05
strictly 0.004784688995215311 0.00510204081632653 2.441167854701689e-05
confidential 0.004784688995215311 0.00510204081632653 2.441167854701689e-05
troubled 0.004784688995215311 0.01020408163265306 4.882335709403378e-05
by 0.004784688995215311 0.33163265306122447 0.0015867591055560978
his 0.009569377990430622 0.44387755102040816 0.004247632067180939
past 0.004784688995215311 0.04591836734693878 0.00021970510692315205
as 0.014354066985645933 0.3469387755102041 0.004979982423591447
a 0.028708133971291867 0.8826530612244898 0.025339322331803537
wwii 0.004784688995215311 0.015306122448979591 7.323503564105067e-05
veteran 0.004784688995215311 0.00510204081632653 2.441167854701689e-05
he 0.014354066985645933 0.34183673469387754 0.004906747387950395
a 0.028708133971291867 0.8826530612244898 0.025339322331803537
sixth 0.004784688995215311 0.01020408163265306 4.882335709403378e-05
sense 0.004784688995215311 0.01020408163265306 4.882335709403378e-05
and 0.009569377990430622 0.8571428571428571 0.008202323991797674
death 0.004784688995215311 0.04591836734693878 0.00021970510692315205
seems 0.004784688995215311 0.04591836734693878 0.00021970510692315205
to 0.009569377990430622 0.7806122448979592 0.0074699736353871695
follow 0.004784688995215311 0.015306122448979591 7.323503564105067e-05
around 0.009569377990430622 0.08673469387755102 0.0008299970705985744
as 0.014354066985645933 0.3469387755102041 0.004979982423591447
he 0.014354066985645933 0.34183673469387754 0.004906747387950395
digs 0.004784688995215311 0.01020408163265306 4.882335709403378e-05
deeper 0.004784688995215311 0.01020408163265306 4.882335709403378e-05
the 0.06220095693779904 0.9540816326530612 0.059344790547798065
mysterious 0.004784688995215311 0.08673469387755102 0.0004149985352992872
incident 0.004784688995215311 0.02040816326530612 9.764671418806757e-05
with 0.004784688995215311 0.4387755102040816 0.0020994043550434526
the 0.06220095693779904 0.9540816326530612 0.059344790547798065
help 0.004784688995215311 0.10204081632653061 0.00048823357094033784
katya 0.004784688995215311 0.01020408163265306 4.882335709403378e-05
the 0.06220095693779904 0.9540816326530612 0.059344790547798065
local 0.009569377990430622 0.025510204081632654 0.00024411678547016892
medical 0.004784688995215311 0.015306122448979591 7.323503564105067e-05
examiner 0.004784688995215311 0.00510204081632653 2.441167854701689e-05
oleg 0.009569377990430622 0.01020408163265306 9.764671418806757e-05
is 0.009569377990430622 0.5663265306122449 0.0054193926374377505
on 0.009569377990430622 0.3520408163265306 0.003368811639488331
finding 0.004784688995215311 0.02040816326530612 9.764671418806757e-05
the 0.06220095693779904 0.9540816326530612 0.059344790547798065
truth 0.004784688995215311 0.04081632653061224 0.00019529342837613513
but 0.004784688995215311 0.3112244897959184 0.0014891123913680305
the 0.06220095693779904 0.9540816326530612 0.059344790547798065
more 0.009569377990430622 0.08163265306122448 0.0007811737135045405
he 0.014354066985645933 0.34183673469387754 0.004906747387950395
learns 0.004784688995215311 0.04081632653061224 0.00019529342837613513
the 0.06220095693779904 0.9540816326530612 0.059344790547798065
more 0.009569377990430622 0.08163265306122448 0.0007811737135045405
it 0.009569377990430622 0.2193877551020408 0.0020994043550434526
becomes 0.004784688995215311 0.07142857142857142 0.00034176349965823647
clear 0.004784688995215311 0.015306122448979591 7.323503564105067e-05
the 0.06220095693779904 0.9540816326530612 0.059344790547798065
reason 0.004784688995215311 0.00510204081632653 2.441167854701689e-05
the 0.06220095693779904 0.9540816326530612 0.059344790547798065
students 0.009569377990430622 0.02040816326530612 0.00019529342837613513
died 0.004784688995215311 0.02040816326530612 9.764671418806757e-05
will 0.004784688995215311 0.1989795918367347 0.0009520554633336588
never 0.009569377990430622 0.03571428571428571 0.00034176349965823647
see 0.004784688995215311 0.04081632653061224 0.00019529342837613513
the 0.06220095693779904 0.9540816326530612 0.059344790547798065
light 0.004784688995215311 0.02040816326530612 9.764671418806757e-05
day 0.004784688995215311 0.09183673469387756 0.0004394102138463041
no 0.009569377990430622 0.07142857142857142 0.0006835269993164729
one 0.009569377990430622 0.18877551020408162 0.00180646421247925
can 0.004784688995215311 0.08673469387755102 0.0004149985352992872
ever 0.004784688995215311 0.05102040816326531 0.00024411678547016892
know 0.004784688995215311 0.07142857142857142 0.00034176349965823647
what 0.009569377990430622 0.1377551020408163 0.001318230641538912
really 0.004784688995215311 0.01020408163265306 4.882335709403378e-05
happened 0.004784688995215311 0.01020408163265306 4.882335709403378e-05
no 0.009569377990430622 0.07142857142857142 0.0006835269993164729
one 0.009569377990430622 0.18877551020408162 0.00180646421247925
except 0.004784688995215311 0.03571428571428571 0.00017088174982911824
film 0.004784688995215311 0.061224489795918366 0.0002929401425642027
