when 0.007462686567164179 0.27040816326530615 0.0020179713676515385
chemistry 0.007462686567164179 0.00510204081632653 3.807493146512336e-05
teacher 0.007462686567164179 0.030612244897959183 0.00022844958879074016
walter 0.007462686567164179 0.00510204081632653 3.807493146512336e-05
white 0.007462686567164179 0.01020408163265306 7.614986293024671e-05
is 0.007462686567164179 0.5663265306122449 0.004226317392628694
diagnosed 0.007462686567164179 0.00510204081632653 3.807493146512336e-05
with 0.022388059701492536 0.4387755102040816 0.009823332318001827
stage 0.007462686567164179 0.025510204081632654 0.0001903746573256168
iii 0.007462686567164179 0.01020408163265306 7.614986293024671e-05
cancer 0.007462686567164179 0.00510204081632653 3.807493146512336e-05
and 0.04477611940298507 0.8571428571428571 0.038379530916844345
given 0.007462686567164179 0.01020408163265306 7.614986293024671e-05
two 0.007462686567164179 0.12755102040816327 0.0009518732866280841
years 0.007462686567164179 0.12244897959183673 0.0009137983551629606
to 0.029850746268656716 0.7806122448979592 0.023301858056655498
live 0.007462686567164179 0.05612244897959184 0.000418824246116357
he 0.03731343283582089 0.34183673469387754 0.012755102040816325
decides 0.007462686567164179 0.061224489795918366 0.0004568991775814803
he 0.03731343283582089 0.34183673469387754 0.012755102040816325
nothing 0.007462686567164179 0.030612244897959183 0.00022844958879074016
to 0.029850746268656716 0.7806122448979592 0.023301858056655498
lose 0.007462686567164179 0.00510204081632653 3.807493146512336e-05
he 0.03731343283582089 0.34183673469387754 0.012755102040816325
lives 0.007462686567164179 0.12244897959183673 0.0009137983551629606
with 0.022388059701492536 0.4387755102040816 0.009823332318001827
his 0.03731343283582089 0.44387755102040816 0.016562595187328662
teenage 0.007462686567164179 0.025510204081632654 0.0001903746573256168
son 0.007462686567164179 0.08163265306122448 0.0006091989034419737
who 0.007462686567164179 0.39285714285714285 0.0029317697228144987
cerebral 0.007462686567164179 0.00510204081632653 3.807493146512336e-05
palsy 0.007462686567164179 0.00510204081632653 3.807493146512336e-05
and 0.04477611940298507 0.8571428571428571 0.038379530916844345
his 0.03731343283582089 0.44387755102040816 0.016562595187328662
wife 0.007462686567164179 0.05612244897959184 0.000418824246116357
in 0.014925373134328358 0.7346938775510204 0.01096558026195553
new 0.014925373134328358 0.1377551020408163 0.0020560462991166613
mexico 0.007462686567164179 0.015306122448979591 0.00011422479439537008
determined 0.007462686567164179 0.01020408163265306 7.614986293024671e-05
to 0.029850746268656716 0.7806122448979592 0.023301858056655498
ensure 0.007462686567164179 0.01020408163265306 7.614986293024671e-05
that 0.007462686567164179 0.40816326530612246 0.003045994517209869
his 0.03731343283582089 0.44387755102040816 0.016562595187328662
family 0.007462686567164179 0.22448979591836735 0.001675296984465428
will 0.007462686567164179 0.1989795918367347 0.0014849223271398112
a 0.04477611940298507 0.8826530612244898 0.03952177886079805
secure 0.007462686567164179 0.00510204081632653 3.807493146512336e-05
future 0.007462686567164179 0.030612244897959183 0.00022844958879074016
walt 0.007462686567164179 0.00510204081632653 3.807493146512336e-05
embarks 0.007462686567164179 0.015306122448979591 0.00011422479439537008
on 0.014925373134328358 0.3520408163265306 0.005254340542187024
a 0.04477611940298507 0.8826530612244898 0.03952177886079805
career 0.007462686567164179 0.02040816326530612 0.00015229972586049343
drugs 0.007462686567164179 0.01020408163265306 7.614986293024671e-05
and 0.04477611940298507 0.8571428571428571 0.038379530916844345
crime 0.007462686567164179 0.030612244897959183 0.00022844958879074016
he 0.03731343283582089 0.34183673469387754 0.012755102040816325
proves 0.007462686567164179 0.01020408163265306 7.614986293024671e-05
to 0.029850746268656716 0.7806122448979592 0.023301858056655498
remarkably 0.007462686567164179 0.00510204081632653 3.807493146512336e-05
proficient 0.007462686567164179 0.00510204081632653 3.807493146512336e-05
in 0.014925373134328358 0.7346938775510204 0.01096558026195553
this 0.007462686567164179 0.17346938775510204 0.0012945476698141944
new 0.014925373134328358 0.1377551020408163 0.0020560462991166613
world 0.007462686567164179 0.19387755102040816 0.0014468473956746877
as 0.007462686567164179 0.3469387755102041 0.002589095339628389
he 0.03731343283582089 0.34183673469387754 0.012755102040816325
begins 0.007462686567164179 0.07142857142857142 0.0005330490405117271
manufacturing 0.007462686567164179 0.00510204081632653 3.807493146512336e-05
and 0.04477611940298507 0.8571428571428571 0.038379530916844345
selling 0.007462686567164179 0.01020408163265306 7.614986293024671e-05
methamphetamine 0.007462686567164179 0.00510204081632653 3.807493146512336e-05
with 0.022388059701492536 0.4387755102040816 0.009823332318001827
one 0.007462686567164179 0.18877551020408162 0.0014087724642095642
his 0.03731343283582089 0.44387755102040816 0.016562595187328662
former 0.007462686567164179 0.03571428571428571 0.00026652452025586353
students 0.007462686567164179 0.02040816326530612 0.00015229972586049343
the 0.022388059701492536 0.9540816326530612 0.021360036551934206
series 0.007462686567164179 0.07142857142857142 0.0005330490405117271
tracks 0.007462686567164179 0.01020408163265306 7.614986293024671e-05
the 0.022388059701492536 0.9540816326530612 0.021360036551934206
impacts 0.007462686567164179 0.00510204081632653 3.807493146512336e-05
a 0.04477611940298507 0.8826530612244898 0.03952177886079805
fatal 0.014925373134328358 0.00510204081632653 7.614986293024671e-05
diagnosis 0.014925373134328358 0.00510204081632653 7.614986293024671e-05
on 0.014925373134328358 0.3520408163265306 0.005254340542187024
a 0.04477611940298507 0.8826530612244898 0.03952177886079805
regular 0.007462686567164179 0.015306122448979591 0.00011422479439537008
hard 0.007462686567164179 0.01020408163265306 7.614986293024671e-05
working 0.007462686567164179 0.00510204081632653 3.807493146512336e-05
man 0.007462686567164179 0.12755102040816327 0.0009518732866280841
and 0.04477611940298507 0.8571428571428571 0.038379530916844345
explores 0.007462686567164179 0.01020408163265306 7.614986293024671e-05
how 0.007462686567164179 0.09183673469387756 0.0006853487663722206
a 0.04477611940298507 0.8826530612244898 0.03952177886079805
fatal 0.014925373134328358 0.00510204081632653 7.614986293024671e-05
diagnosis 0.014925373134328358 0.00510204081632653 7.614986293024671e-05
affects 0.007462686567164179 0.01020408163265306 7.614986293024671e-05
his 0.03731343283582089 0.44387755102040816 0.016562595187328662
morality 0.007462686567164179 0.00510204081632653 3.807493146512336e-05
and 0.04477611940298507 0.8571428571428571 0.038379530916844345
transforms 0.007462686567164179 0.015306122448979591 0.00011422479439537008
a 0.04477611940298507 0.8826530612244898 0.03952177886079805
major 0.007462686567164179 0.04081632653061224 0.00030459945172098686
player 0.007462686567164179 0.01020408163265306 7.614986293024671e-05
the 0.022388059701492536 0.9540816326530612 0.021360036551934206
drug 0.007462686567164179 0.04081632653061224 0.00030459945172098686
trade 0.007462686567164179 0.00510204081632653 3.807493146512336e-05
jackenyon 0.007462686567164179 0.00510204081632653 3.807493146512336e-05
