a 0.10416666666666667 0.8826530612244898 0.09194302721088436
race 0.020833333333333332 0.03571428571428571 0.000744047619047619
time 0.020833333333333332 0.14795918367346939 0.003082482993197279
and 0.0625 0.8571428571428571 0.05357142857142857
a 0.10416666666666667 0.8826530612244898 0.09194302721088436
girlfriend 0.020833333333333332 0.02040816326530612 0.0004251700680272108
on 0.020833333333333332 0.3520408163265306 0.007334183673469387
a 0.10416666666666667 0.8826530612244898 0.09194302721088436
mission 0.020833333333333332 0.07142857142857142 0.001488095238095238
to 0.020833333333333332 0.7806122448979592 0.016262755102040817
rescue 0.020833333333333332 0.00510204081632653 0.0001062925170068027
her 0.020833333333333332 0.2755102040816326 0.005739795918367346
boyfriend 0.020833333333333332 0.03571428571428571 0.000744047619047619
from 0.020833333333333332 0.3520408163265306 0.007334183673469387
a 0.10416666666666667 0.8826530612244898 0.09194302721088436
sticky 0.020833333333333332 0.00510204081632653 0.0001062925170068027
situation 0.020833333333333332 0.015306122448979591 0.00031887755102040814
looop 0.020833333333333332 0.00510204081632653 0.0001062925170068027
lapeta 0.020833333333333332 0.00510204081632653 0.0001062925170068027
promises 0.020833333333333332 0.025510204081632654 0.0005314625850340135
viewers 0.020833333333333332 0.01020408163265306 0.0002125850340136054
an 0.020833333333333332 0.3622448979591837 0.007546768707482993
adventurous 0.020833333333333332 0.00510204081632653 0.0001062925170068027
ride 0.020833333333333332 0.00510204081632653 0.0001062925170068027
as 0.020833333333333332 0.3469387755102041 0.007227891156462584
the 0.0625 0.9540816326530612 0.05963010204081633
plot 0.020833333333333332 0.025510204081632654 0.0005314625850340135
unfolds 0.020833333333333332 0.00510204081632653 0.0001062925170068027
and 0.0625 0.8571428571428571 0.05357142857142857
the 0.0625 0.9540816326530612 0.05963010204081633
actions 0.020833333333333332 0.00510204081632653 0.0001062925170068027
the 0.0625 0.9540816326530612 0.05963010204081633
lovers 0.020833333333333332 0.015306122448979591 0.00031887755102040814
trigger 0.020833333333333332 0.00510204081632653 0.0001062925170068027
a 0.10416666666666667 0.8826530612244898 0.09194302721088436
series 0.020833333333333332 0.07142857142857142 0.001488095238095238
events 0.020833333333333332 0.05102040816326531 0.001062925170068027
fortunate 0.020833333333333332 0.00510204081632653 0.0001062925170068027
and 0.0625 0.8571428571428571 0.05357142857142857
unfortunate 0.020833333333333332 0.00510204081632653 0.0001062925170068027
