arjun 0.047619047619047616 0.01020408163265306 0.0004859086491739552
an 0.047619047619047616 0.3622448979591837 0.017249757045675412
ips 0.047619047619047616 0.00510204081632653 0.0002429543245869776
officer 0.047619047619047616 0.04591836734693878 0.002186588921282799
sets 0.047619047619047616 0.05612244897959184 0.002672497570456754
out 0.047619047619047616 0.18877551020408162 0.008989310009718171
for 0.047619047619047616 0.3877551020408163 0.0184645286686103
a 0.047619047619047616 0.8826530612244898 0.04203109815354713
mission 0.047619047619047616 0.07142857142857142 0.0034013605442176865
on 0.047619047619047616 0.3520408163265306 0.016763848396501458
hunting 0.047619047619047616 0.015306122448979591 0.0007288629737609329
illegal 0.047619047619047616 0.00510204081632653 0.0002429543245869776
bikers 0.047619047619047616 0.00510204081632653 0.0002429543245869776
involving 0.047619047619047616 0.015306122448979591 0.0007288629737609329
in 0.047619047619047616 0.7346938775510204 0.03498542274052478
theft 0.047619047619047616 0.01020408163265306 0.0004859086491739552
and 0.047619047619047616 0.8571428571428571 0.04081632653061224
murder 0.047619047619047616 0.030612244897959183 0.0014577259475218659
