peter 0.0392156862745098 0.02040816326530612 0.0008003201280512204
parker 0.0196078431372549 0.01020408163265306 0.0002000800320128051
secret 0.0196078431372549 0.061224489795918366 0.0012004801920768306
identity 0.0196078431372549 0.00510204081632653 0.00010004001600640255
is 0.0392156862745098 0.5663265306122449 0.02220888355342137
revealed 0.0196078431372549 0.00510204081632653 0.00010004001600640255
to 0.058823529411764705 0.7806122448979592 0.04591836734693878
the 0.09803921568627451 0.9540816326530612 0.09353741496598639
entire 0.0196078431372549 0.01020408163265306 0.0002000800320128051
world 0.058823529411764705 0.19387755102040816 0.01140456182472989
desperate 0.0196078431372549 0.01020408163265306 0.0002000800320128051
for 0.0196078431372549 0.3877551020408163 0.007603041216486594
help 0.0196078431372549 0.10204081632653061 0.0020008003201280513
peter 0.0392156862745098 0.02040816326530612 0.0008003201280512204
turns 0.0196078431372549 0.030612244897959183 0.0006002400960384153
to 0.058823529411764705 0.7806122448979592 0.04591836734693878
doctor 0.0196078431372549 0.01020408163265306 0.0002000800320128051
strange 0.0196078431372549 0.03571428571428571 0.0007002801120448178
to 0.058823529411764705 0.7806122448979592 0.04591836734693878
make 0.0196078431372549 0.061224489795918366 0.0012004801920768306
the 0.09803921568627451 0.9540816326530612 0.09353741496598639
world 0.058823529411764705 0.19387755102040816 0.01140456182472989
forget 0.0196078431372549 0.00510204081632653 0.00010004001600640255
that 0.0392156862745098 0.40816326530612246 0.01600640256102441
he 0.0196078431372549 0.34183673469387754 0.006702681072428971
is 0.0392156862745098 0.5663265306122449 0.02220888355342137
the 0.09803921568627451 0.9540816326530612 0.09353741496598639
spell 0.0196078431372549 0.00510204081632653 0.00010004001600640255
goes 0.0196078431372549 0.04591836734693878 0.000900360144057623
horribly 0.0196078431372549 0.00510204081632653 0.00010004001600640255
wrong 0.0196078431372549 0.015306122448979591 0.00030012004801920766
and 0.0196078431372549 0.8571428571428571 0.01680672268907563
shatters 0.0196078431372549 0.00510204081632653 0.00010004001600640255
the 0.09803921568627451 0.9540816326530612 0.09353741496598639
multiverse 0.0196078431372549 0.00510204081632653 0.00010004001600640255
bringing 0.0196078431372549 0.01020408163265306 0.0002000800320128051
in 0.0196078431372549 0.7346938775510204 0.014405762304921969
monstrous 0.0196078431372549 0.00510204081632653 0.00010004001600640255
villains 0.0196078431372549 0.00510204081632653 0.00010004001600640255
that 0.0392156862745098 0.40816326530612246 0.01600640256102441
could 0.0196078431372549 0.030612244897959183 0.0006002400960384153
destroy 0.0196078431372549 0.01020408163265306 0.0002000800320128051
the 0.09803921568627451 0.9540816326530612 0.09353741496598639
world 0.058823529411764705 0.19387755102040816 0.01140456182472989
