a 0.0625 0.8826530612244898 0.055165816326530615
look 0.0625 0.025510204081632654 0.0015943877551020409
at 0.0625 0.23469387755102042 0.014668367346938776
the 0.125 0.9540816326530612 0.11926020408163265
life 0.0625 0.20408163265306123 0.012755102040816327
the 0.125 0.9540816326530612 0.11926020408163265
legendary 0.0625 0.025510204081632654 0.0015943877551020409
rock 0.0625 0.01020408163265306 0.0006377551020408163
and 0.0625 0.8571428571428571 0.05357142857142857
roll 0.0625 0.00510204081632653 0.00031887755102040814
star 0.0625 0.00510204081632653 0.00031887755102040814
elvis 0.0625 0.00510204081632653 0.00031887755102040814
presley 0.0625 0.00510204081632653 0.00031887755102040814
