set 0.012048192771084338 0.05102040816326531 0.0006147037128104255
in 0.012048192771084338 0.7346938775510204 0.008851733464470126
america 0.012048192771084338 0.02040816326530612 0.00024588148512417015
peacock 0.012048192771084338 0.00510204081632653 6.147037128104254e-05
new 0.024096385542168676 0.1377551020408163 0.003319400049176297
drama 0.012048192771084338 0.05102040816326531 0.0006147037128104255
series 0.012048192771084338 0.07142857142857142 0.0008605851979345956
imagines 0.012048192771084338 0.00510204081632653 6.147037128104254e-05
the 0.08433734939759036 0.9540816326530612 0.08046471600688468
beloved 0.012048192771084338 0.01020408163265306 0.00012294074256208508
sitcom 0.012048192771084338 0.00510204081632653 6.147037128104254e-05
the 0.08433734939759036 0.9540816326530612 0.08046471600688468
fresh 0.012048192771084338 0.01020408163265306 0.00012294074256208508
prince 0.012048192771084338 0.015306122448979591 0.00018441111384312763
through 0.012048192771084338 0.08163265306122448 0.0009835259404966806
a 0.024096385542168676 0.8826530612244898 0.02126874846324072
new 0.024096385542168676 0.1377551020408163 0.003319400049176297
dramatic 0.012048192771084338 0.00510204081632653 6.147037128104254e-05
take 0.012048192771084338 0.09183673469387756 0.0011064666830587658
on 0.012048192771084338 0.3520408163265306 0.004241455618391936
will 0.024096385542168676 0.1989795918367347 0.004794688959921318
complicated 0.012048192771084338 0.01020408163265306 0.00012294074256208508
journey 0.012048192771084338 0.08163265306122448 0.0009835259404966806
from 0.024096385542168676 0.3520408163265306 0.008482911236783871
the 0.08433734939759036 0.9540816326530612 0.08046471600688468
streets 0.012048192771084338 0.01020408163265306 0.00012294074256208508
west 0.012048192771084338 0.02040816326530612 0.00024588148512417015
philadelphia 0.012048192771084338 0.00510204081632653 6.147037128104254e-05
to 0.012048192771084338 0.7806122448979592 0.00940496680599951
the 0.08433734939759036 0.9540816326530612 0.08046471600688468
gated 0.012048192771084338 0.00510204081632653 6.147037128104254e-05
mansions 0.012048192771084338 0.00510204081632653 6.147037128104254e-05
as 0.012048192771084338 0.3469387755102041 0.004179985247110893
these 0.012048192771084338 0.05102040816326531 0.0006147037128104255
two 0.012048192771084338 0.12755102040816327 0.0015367592820260635
worlds 0.012048192771084338 0.015306122448979591 0.00018441111384312763
collide 0.012048192771084338 0.00510204081632653 6.147037128104254e-05
will 0.024096385542168676 0.1989795918367347 0.004794688959921318
reckons 0.012048192771084338 0.00510204081632653 6.147037128104254e-05
with 0.012048192771084338 0.4387755102040816 0.0052864519301696585
the 0.08433734939759036 0.9540816326530612 0.08046471600688468
power 0.012048192771084338 0.05102040816326531 0.0006147037128104255
second 0.012048192771084338 0.02040816326530612 0.00024588148512417015
chances 0.012048192771084338 0.00510204081632653 6.147037128104254e-05
while 0.012048192771084338 0.12244897959183673 0.001475288910745021
navigating 0.012048192771084338 0.00510204081632653 6.147037128104254e-05
the 0.08433734939759036 0.9540816326530612 0.08046471600688468
conflicts 0.012048192771084338 0.00510204081632653 6.147037128104254e-05
emotions 0.012048192771084338 0.015306122448979591 0.00018441111384312763
and 0.012048192771084338 0.8571428571428571 0.010327022375215147
biases 0.012048192771084338 0.00510204081632653 6.147037128104254e-05
a 0.024096385542168676 0.8826530612244898 0.02126874846324072
world 0.012048192771084338 0.19387755102040816 0.0023358741086796165
far 0.012048192771084338 0.030612244897959183 0.00036882222768625525
different 0.012048192771084338 0.03571428571428571 0.0004302925989672978
from 0.024096385542168676 0.3520408163265306 0.008482911236783871
the 0.08433734939759036 0.9540816326530612 0.08046471600688468
one 0.012048192771084338 0.18877551020408162 0.002274403737398574
he 0.012048192771084338 0.34183673469387754 0.00411851487582985
ever 0.012048192771084338 0.05102040816326531 0.0006147037128104255
known 0.012048192771084338 0.05612244897959184 0.0006761740840914679
