los 0.015873015873015872 0.00510204081632653 8.098477486232587e-05
angeles 0.015873015873015872 0.00510204081632653 8.098477486232587e-05
nowadays 0.015873015873015872 0.00510204081632653 8.098477486232587e-05
henry 0.015873015873015872 0.01020408163265306 0.00016196954972465174
is 0.015873015873015872 0.5663265306122449 0.008989310009718173
a 0.06349206349206349 0.8826530612244898 0.05604146420472951
comedian 0.015873015873015872 0.00510204081632653 8.098477486232587e-05
with 0.031746031746031744 0.4387755102040816 0.013929381276320051
a 0.06349206349206349 0.8826530612244898 0.05604146420472951
fierce 0.015873015873015872 0.00510204081632653 8.098477486232587e-05
humor 0.015873015873015872 0.00510204081632653 8.098477486232587e-05
ann 0.015873015873015872 0.00510204081632653 8.098477486232587e-05
an 0.031746031746031744 0.3622448979591837 0.011499838030450274
internationally 0.015873015873015872 0.00510204081632653 8.098477486232587e-05
renowned 0.015873015873015872 0.01020408163265306 0.00016196954972465174
opera 0.015873015873015872 0.01020408163265306 0.00016196954972465174
singer 0.015873015873015872 0.00510204081632653 8.098477486232587e-05
together 0.015873015873015872 0.05612244897959184 0.0008908325234855847
under 0.015873015873015872 0.0663265306122449 0.0010528020732102365
the 0.031746031746031744 0.9540816326530612 0.030288305798509878
spotlight 0.015873015873015872 0.00510204081632653 8.098477486232587e-05
they 0.015873015873015872 0.28061224489795916 0.004454162617427923
form 0.015873015873015872 0.01020408163265306 0.00016196954972465174
a 0.06349206349206349 0.8826530612244898 0.05604146420472951
happy 0.015873015873015872 0.025510204081632654 0.0004049238743116294
and 0.015873015873015872 0.8571428571428571 0.013605442176870746
glamorous 0.015873015873015872 0.00510204081632653 8.098477486232587e-05
couple 0.015873015873015872 0.03571428571428571 0.0005668934240362811
the 0.031746031746031744 0.9540816326530612 0.030288305798509878
birth 0.015873015873015872 0.025510204081632654 0.0004049238743116294
their 0.031746031746031744 0.3520408163265306 0.01117589893100097
first 0.015873015873015872 0.08163265306122448 0.001295756397797214
child 0.015873015873015872 0.04081632653061224 0.000647878198898607
annette 0.015873015873015872 0.00510204081632653 8.098477486232587e-05
a 0.06349206349206349 0.8826530612244898 0.05604146420472951
mysterious 0.015873015873015872 0.08673469387755102 0.00137674117265954
girl 0.015873015873015872 0.08673469387755102 0.00137674117265954
with 0.031746031746031744 0.4387755102040816 0.013929381276320051
an 0.031746031746031744 0.3622448979591837 0.011499838030450274
exceptional 0.015873015873015872 0.01020408163265306 0.00016196954972465174
destiny 0.015873015873015872 0.01020408163265306 0.00016196954972465174
will 0.015873015873015872 0.1989795918367347 0.0031584062196307093
turn 0.015873015873015872 0.025510204081632654 0.0004049238743116294
their 0.031746031746031744 0.3520408163265306 0.01117589893100097
lives 0.015873015873015872 0.12244897959183673 0.001943634596695821
upside 0.015873015873015872 0.015306122448979591 0.00024295432458697764
distribution 0.015873015873015872 0.00510204081632653 8.098477486232587e-05
