rajakannu 0.010810810810810811 0.00510204081632653 5.515719801434087e-05
and 0.04864864864864865 0.8571428571428571 0.0416988416988417
his 0.021621621621621623 0.44387755102040816 0.009597352454495313
wife 0.005405405405405406 0.05612244897959184 0.0003033645890788748
sengeni 0.021621621621621623 0.00510204081632653 0.00011031439602868175
belong 0.005405405405405406 0.01020408163265306 5.515719801434087e-05
to 0.032432432432432434 0.7806122448979592 0.025317153888582463
a 0.03783783783783784 0.8826530612244898 0.0333976833976834
lower 0.005405405405405406 0.00510204081632653 2.7578599007170437e-05
cast 0.005405405405405406 0.01020408163265306 5.515719801434087e-05
and 0.04864864864864865 0.8571428571428571 0.0416988416988417
works 0.005405405405405406 0.04081632653061224 0.0002206287920573635
as 0.010810810810810811 0.3469387755102041 0.0037506894649751796
labors 0.005405405405405406 0.01020408163265306 5.515719801434087e-05
in 0.021621621621621623 0.7346938775510204 0.015885273028130174
the 0.04864864864864865 0.9540816326530612 0.04641478212906785
field 0.005405405405405406 0.00510204081632653 2.7578599007170437e-05
to 0.032432432432432434 0.7806122448979592 0.025317153888582463
protect 0.005405405405405406 0.02040816326530612 0.00011031439602868175
it 0.005405405405405406 0.2193877551020408 0.0011858797573083288
from 0.010810810810810811 0.3520408163265306 0.0038058466629895204
rats 0.005405405405405406 0.00510204081632653 2.7578599007170437e-05
thou 0.005405405405405406 0.01020408163265306 5.515719801434087e-05
they 0.016216216216216217 0.28061224489795916 0.004550468836183122
live 0.005405405405405406 0.05612244897959184 0.0003033645890788748
life 0.005405405405405406 0.20408163265306123 0.0011031439602868175
poverty 0.005405405405405406 0.01020408163265306 5.515719801434087e-05
but 0.010810810810810811 0.3112244897959184 0.0033645890788747933
happy 0.005405405405405406 0.025510204081632654 0.0001378929950358522
with 0.005405405405405406 0.4387755102040816 0.0023717595146166576
what 0.005405405405405406 0.1377551020408163 0.0007446221731936017
they 0.016216216216216217 0.28061224489795916 0.004550468836183122
rajakannu 0.010810810810810811 0.00510204081632653 5.515719801434087e-05
and 0.04864864864864865 0.8571428571428571 0.0416988416988417
sengeni 0.021621621621621623 0.00510204081632653 0.00011031439602868175
plan 0.005405405405405406 0.02040816326530612 0.00011031439602868175
a 0.03783783783783784 0.8826530612244898 0.0333976833976834
second 0.005405405405405406 0.02040816326530612 0.00011031439602868175
child 0.005405405405405406 0.04081632653061224 0.0002206287920573635
and 0.04864864864864865 0.8571428571428571 0.0416988416988417
soon 0.005405405405405406 0.04081632653061224 0.0002206287920573635
sengeni 0.021621621621621623 0.00510204081632653 0.00011031439602868175
gives 0.005405405405405406 0.015306122448979591 8.273579702151132e-05
the 0.04864864864864865 0.9540816326530612 0.04641478212906785
good 0.005405405405405406 0.025510204081632654 0.0001378929950358522
news 0.005405405405405406 0.015306122448979591 8.273579702151132e-05
once 0.005405405405405406 0.061224489795918366 0.00033094318808604527
rajkannu 0.02702702702702703 0.00510204081632653 0.00013789299503585216
is 0.010810810810810811 0.5663265306122449 0.006122448979591837
called 0.005405405405405406 0.04591836734693878 0.00024820739106453396
to 0.032432432432432434 0.7806122448979592 0.025317153888582463
the 0.04864864864864865 0.9540816326530612 0.04641478212906785
house 0.010810810810810811 0.061224489795918366 0.0006618863761720905
a 0.03783783783783784 0.8826530612244898 0.0333976833976834
upper 0.005405405405405406 0.01020408163265306 5.515719801434087e-05
caste 0.005405405405405406 0.01020408163265306 5.515719801434087e-05
man 0.005405405405405406 0.12755102040816327 0.0006894649751792609
as 0.010810810810810811 0.3469387755102041 0.0037506894649751796
a 0.03783783783783784 0.8826530612244898 0.0333976833976834
snake 0.005405405405405406 0.00510204081632653 2.7578599007170437e-05
sneaked 0.005405405405405406 0.00510204081632653 2.7578599007170437e-05
inside 0.005405405405405406 0.02040816326530612 0.00011031439602868175
his 0.021621621621621623 0.44387755102040816 0.009597352454495313
next 0.005405405405405406 0.015306122448979591 8.273579702151132e-05
day 0.005405405405405406 0.09183673469387756 0.0004964147821290679
theft 0.005405405405405406 0.01020408163265306 5.515719801434087e-05
jewelry 0.005405405405405406 0.00510204081632653 2.7578599007170437e-05
is 0.010810810810810811 0.5663265306122449 0.006122448979591837
reported 0.005405405405405406 0.01020408163265306 5.515719801434087e-05
in 0.021621621621621623 0.7346938775510204 0.015885273028130174
the 0.04864864864864865 0.9540816326530612 0.04641478212906785
house 0.010810810810810811 0.061224489795918366 0.0006618863761720905
suspicious 0.005405405405405406 0.00510204081632653 2.7578599007170437e-05
raising 0.005405405405405406 0.00510204081632653 2.7578599007170437e-05
towards 0.005405405405405406 0.015306122448979591 8.273579702151132e-05
rajkannu 0.02702702702702703 0.00510204081632653 0.00013789299503585216
cops 0.016216216216216217 0.01020408163265306 0.0001654715940430226
got 0.005405405405405406 0.02040816326530612 0.00011031439602868175
to 0.032432432432432434 0.7806122448979592 0.025317153888582463
arrest 0.005405405405405406 0.00510204081632653 2.7578599007170437e-05
rajkannu 0.02702702702702703 0.00510204081632653 0.00013789299503585216
but 0.010810810810810811 0.3112244897959184 0.0033645890788747933
he 0.005405405405405406 0.34183673469387754 0.0018477661334804192
leaves 0.005405405405405406 0.030612244897959183 0.00016547159404302263
the 0.04864864864864865 0.9540816326530612 0.04641478212906785
town 0.005405405405405406 0.05102040816326531 0.0002757859900717044
for 0.010810810810810811 0.3877551020408163 0.004191947049089906
work 0.005405405405405406 0.04591836734693878 0.00024820739106453396
following 0.005405405405405406 0.025510204081632654 0.0001378929950358522
the 0.04864864864864865 0.9540816326530612 0.04641478212906785
cops 0.016216216216216217 0.01020408163265306 0.0001654715940430226
detain 0.005405405405405406 0.00510204081632653 2.7578599007170437e-05
a 0.03783783783783784 0.8826530612244898 0.0333976833976834
pregnant 0.005405405405405406 0.01020408163265306 5.515719801434087e-05
sengani 0.005405405405405406 0.00510204081632653 2.7578599007170437e-05
and 0.04864864864864865 0.8571428571428571 0.0416988416988417
rest 0.005405405405405406 0.025510204081632654 0.0001378929950358522
family 0.005405405405405406 0.22448979591836735 0.0012134583563154992
members 0.005405405405405406 0.02040816326530612 0.00011031439602868175
asking 0.010810810810810811 0.015306122448979591 0.00016547159404302263
details 0.005405405405405406 0.00510204081632653 2.7578599007170437e-05
the 0.04864864864864865 0.9540816326530612 0.04641478212906785
cops 0.016216216216216217 0.01020408163265306 0.0001654715940430226
trace 0.005405405405405406 0.015306122448979591 8.273579702151132e-05
rajkannu 0.02702702702702703 0.00510204081632653 0.00013789299503585216
and 0.04864864864864865 0.8571428571428571 0.0416988416988417
torture 0.005405405405405406 0.01020408163265306 5.515719801434087e-05
and 0.04864864864864865 0.8571428571428571 0.0416988416988417
his 0.021621621621621623 0.44387755102040816 0.009597352454495313
brothers 0.005405405405405406 0.02040816326530612 0.00011031439602868175
in 0.021621621621621623 0.7346938775510204 0.015885273028130174
jail 0.005405405405405406 0.00510204081632653 2.7578599007170437e-05
asking 0.010810810810810811 0.015306122448979591 0.00016547159404302263
to 0.032432432432432434 0.7806122448979592 0.025317153888582463
confess 0.005405405405405406 0.00510204081632653 2.7578599007170437e-05
the 0.04864864864864865 0.9540816326530612 0.04641478212906785
crime 0.005405405405405406 0.030612244897959183 0.00016547159404302263
they 0.016216216216216217 0.28061224489795916 0.004550468836183122
not 0.005405405405405406 0.14795918367346939 0.0007997793712079427
commit 0.005405405405405406 0.01020408163265306 5.515719801434087e-05
later 0.005405405405405406 0.061224489795918366 0.00033094318808604527
sengeni 0.021621621621621623 0.00510204081632653 0.00011031439602868175
finds 0.005405405405405406 0.0663265306122449 0.0003585217870932157
that 0.005405405405405406 0.40816326530612246 0.002206287920573635
rajkannu 0.02702702702702703 0.00510204081632653 0.00013789299503585216
and 0.04864864864864865 0.8571428571428571 0.0416988416988417
his 0.021621621621621623 0.44387755102040816 0.009597352454495313
brother 0.005405405405405406 0.04081632653061224 0.0002206287920573635
eloped 0.005405405405405406 0.01020408163265306 5.515719801434087e-05
from 0.010810810810810811 0.3520408163265306 0.0038058466629895204
the 0.04864864864864865 0.9540816326530612 0.04641478212906785
prison 0.005405405405405406 0.015306122448979591 8.273579702151132e-05
to 0.032432432432432434 0.7806122448979592 0.025317153888582463
escape 0.005405405405405406 0.04591836734693878 0.00024820739106453396
who 0.010810810810810811 0.39285714285714285 0.0042471042471042475
teaches 0.005405405405405406 0.01020408163265306 5.515719801434087e-05
tribal 0.010810810810810811 0.00510204081632653 5.515719801434087e-05
village 0.005405405405405406 0.025510204081632654 0.0001378929950358522
comes 0.005405405405405406 0.04081632653061224 0.0002206287920573635
across 0.005405405405405406 0.04081632653061224 0.0002206287920573635
a 0.03783783783783784 0.8826530612244898 0.0333976833976834
lawyer 0.005405405405405406 0.01020408163265306 5.515719801434087e-05
chandru 0.005405405405405406 0.00510204081632653 2.7578599007170437e-05
who 0.010810810810810811 0.39285714285714285 0.0042471042471042475
fights 0.005405405405405406 0.015306122448979591 8.273579702151132e-05
for 0.010810810810810811 0.3877551020408163 0.004191947049089906
tribal 0.010810810810810811 0.00510204081632653 5.515719801434087e-05
people 0.005405405405405406 0.11734693877551021 0.0006343077771649201
and 0.04864864864864865 0.8571428571428571 0.0416988416988417
after 0.005405405405405406 0.1989795918367347 0.0010755653612796472
hearing 0.005405405405405406 0.00510204081632653 2.7578599007170437e-05
story 0.005405405405405406 0.12755102040816327 0.0006894649751792609
senegeni 0.005405405405405406 0.00510204081632653 2.7578599007170437e-05
files 0.005405405405405406 0.00510204081632653 2.7578599007170437e-05
a 0.03783783783783784 0.8826530612244898 0.0333976833976834
habeas 0.005405405405405406 0.00510204081632653 2.7578599007170437e-05
corpus 0.005405405405405406 0.00510204081632653 2.7578599007170437e-05
case 0.005405405405405406 0.030612244897959183 0.00016547159404302263
in 0.021621621621621623 0.7346938775510204 0.015885273028130174
court 0.005405405405405406 0.015306122448979591 8.273579702151132e-05
