set 0.004878048780487805 0.05102040816326531 0.00024888003982080636
in 0.014634146341463415 0.7346938775510204 0.010751617720258837
manhattan 0.004878048780487805 0.00510204081632653 2.4888003982080636e-05
the 0.03414634146341464 0.9540816326530612 0.032578397212543554
marvelous 0.004878048780487805 0.00510204081632653 2.4888003982080636e-05
maisel 0.00975609756097561 0.00510204081632653 4.977600796416127e-05
is 0.01951219512195122 0.5663265306122449 0.011050273768043803
a 0.04390243902439024 0.8826530612244898 0.03875062220009955
dramedy 0.004878048780487805 0.00510204081632653 2.4888003982080636e-05
that 0.004878048780487805 0.40816326530612246 0.001991040318566451
centers 0.004878048780487805 0.015306122448979591 7.46640119462419e-05
on 0.00975609756097561 0.3520408163265306 0.003434544549527128
miriam 0.004878048780487805 0.00510204081632653 2.4888003982080636e-05
midge 0.01951219512195122 0.00510204081632653 9.955201592832254e-05
maisel 0.00975609756097561 0.00510204081632653 4.977600796416127e-05
a 0.04390243902439024 0.8826530612244898 0.03875062220009955
sunny 0.004878048780487805 0.00510204081632653 2.4888003982080636e-05
energetic 0.004878048780487805 0.00510204081632653 2.4888003982080636e-05
sharp 0.004878048780487805 0.01020408163265306 4.977600796416127e-05
jewish 0.004878048780487805 0.015306122448979591 7.46640119462419e-05
woman 0.014634146341463415 0.07142857142857142 0.0010452961672473868
who 0.00975609756097561 0.39285714285714285 0.003832752613240418
her 0.04878048780487805 0.2755102040816326 0.013439522150323542
life 0.01951219512195122 0.20408163265306123 0.003982080637132902
mapped 0.004878048780487805 0.00510204081632653 2.4888003982080636e-05
out 0.004878048780487805 0.18877551020408162 0.0009208561473369835
go 0.004878048780487805 0.09183673469387756 0.0004479840716774515
to 0.02926829268292683 0.7806122448979592 0.02284718765555003
college 0.004878048780487805 0.02040816326530612 9.955201592832254e-05
find 0.004878048780487805 0.08163265306122448 0.00039820806371329017
a 0.04390243902439024 0.8826530612244898 0.03875062220009955
husband 0.014634146341463415 0.03571428571428571 0.0005226480836236934
kids 0.004878048780487805 0.02040816326530612 9.955201592832254e-05
and 0.01951219512195122 0.8571428571428571 0.016724738675958188
throw 0.004878048780487805 0.00510204081632653 2.4888003982080636e-05
the 0.03414634146341464 0.9540816326530612 0.032578397212543554
best 0.004878048780487805 0.03571428571428571 0.00017421602787456446
yom 0.004878048780487805 0.00510204081632653 2.4888003982080636e-05
kippur 0.004878048780487805 0.00510204081632653 2.4888003982080636e-05
breakfasts 0.004878048780487805 0.00510204081632653 2.4888003982080636e-05
in 0.014634146341463415 0.7346938775510204 0.010751617720258837
town 0.004878048780487805 0.05102040816326531 0.00024888003982080636
soon 0.004878048780487805 0.04081632653061224 0.00019910403185664509
enough 0.004878048780487805 0.00510204081632653 2.4888003982080636e-05
she 0.024390243902439025 0.19387755102040816 0.004728720756595321
finds 0.004878048780487805 0.0663265306122449 0.0003235440517670483
exactly 0.004878048780487805 0.00510204081632653 2.4888003982080636e-05
where 0.004878048780487805 0.11224489795918367 0.000547536087605774
she 0.024390243902439025 0.19387755102040816 0.004728720756595321
hoped 0.004878048780487805 0.00510204081632653 2.4888003982080636e-05
to 0.02926829268292683 0.7806122448979592 0.02284718765555003
living 0.004878048780487805 0.05612244897959184 0.000273768043802887
happily 0.004878048780487805 0.00510204081632653 2.4888003982080636e-05
with 0.00975609756097561 0.4387755102040816 0.004280736684917869
her 0.04878048780487805 0.2755102040816326 0.013439522150323542
husband 0.014634146341463415 0.03571428571428571 0.0005226480836236934
and 0.01951219512195122 0.8571428571428571 0.016724738675958188
two 0.004878048780487805 0.12755102040816327 0.000622200099552016
children 0.004878048780487805 0.025510204081632654 0.00012444001991040318
on 0.00975609756097561 0.3520408163265306 0.003434544549527128
the 0.03414634146341464 0.9540816326530612 0.032578397212543554
upper 0.004878048780487805 0.01020408163265306 4.977600796416127e-05
west 0.004878048780487805 0.02040816326530612 9.955201592832254e-05
side 0.004878048780487805 0.015306122448979591 7.46640119462419e-05
a 0.04390243902439024 0.8826530612244898 0.03875062220009955
woman 0.014634146341463415 0.07142857142857142 0.0010452961672473868
her 0.04878048780487805 0.2755102040816326 0.013439522150323542
time 0.004878048780487805 0.14795918367346939 0.0007217521154803385
midge 0.01951219512195122 0.00510204081632653 9.955201592832254e-05
is 0.01951219512195122 0.5663265306122449 0.011050273768043803
a 0.04390243902439024 0.8826530612244898 0.03875062220009955
cheerleader 0.004878048780487805 0.00510204081632653 2.4888003982080636e-05
wife 0.004878048780487805 0.05612244897959184 0.000273768043802887
a 0.04390243902439024 0.8826530612244898 0.03875062220009955
man 0.004878048780487805 0.12755102040816327 0.000622200099552016
who 0.00975609756097561 0.39285714285714285 0.003832752613240418
dreams 0.004878048780487805 0.04081632653061224 0.00019910403185664509
a 0.04390243902439024 0.8826530612244898 0.03875062220009955
comedy 0.00975609756097561 0.00510204081632653 4.977600796416127e-05
career 0.00975609756097561 0.02040816326530612 0.00019910403185664509
but 0.00975609756097561 0.3112244897959184 0.0030363364858138377
her 0.04878048780487805 0.2755102040816326 0.013439522150323542
perfect 0.004878048780487805 0.01020408163265306 4.977600796416127e-05
life 0.01951219512195122 0.20408163265306123 0.003982080637132902
is 0.01951219512195122 0.5663265306122449 0.011050273768043803
upended 0.004878048780487805 0.00510204081632653 2.4888003982080636e-05
when 0.00975609756097561 0.27040816326530615 0.0026381284221005477
her 0.04878048780487805 0.2755102040816326 0.013439522150323542
husband 0.014634146341463415 0.03571428571428571 0.0005226480836236934
suddenly 0.004878048780487805 0.030612244897959183 0.0001493280238924838
leaves 0.004878048780487805 0.030612244897959183 0.0001493280238924838
her 0.04878048780487805 0.2755102040816326 0.013439522150323542
for 0.004878048780487805 0.3877551020408163 0.0018914883026381283
another 0.004878048780487805 0.030612244897959183 0.0001493280238924838
woman 0.014634146341463415 0.07142857142857142 0.0010452961672473868
utterly 0.004878048780487805 0.00510204081632653 2.4888003982080636e-05
unprepared 0.004878048780487805 0.00510204081632653 2.4888003982080636e-05
midge 0.01951219512195122 0.00510204081632653 9.955201592832254e-05
is 0.01951219512195122 0.5663265306122449 0.011050273768043803
left 0.004878048780487805 0.04081632653061224 0.00019910403185664509
with 0.00975609756097561 0.4387755102040816 0.004280736684917869
no 0.004878048780487805 0.07142857142857142 0.0003484320557491289
choice 0.004878048780487805 0.01020408163265306 4.977600796416127e-05
but 0.00975609756097561 0.3112244897959184 0.0030363364858138377
to 0.02926829268292683 0.7806122448979592 0.02284718765555003
reevaluate 0.004878048780487805 0.00510204081632653 2.4888003982080636e-05
her 0.04878048780487805 0.2755102040816326 0.013439522150323542
life 0.01951219512195122 0.20408163265306123 0.003982080637132902
when 0.00975609756097561 0.27040816326530615 0.0026381284221005477
she 0.024390243902439025 0.19387755102040816 0.004728720756595321
accidentally 0.004878048780487805 0.01020408163265306 4.977600796416127e-05
stumbles 0.004878048780487805 0.01020408163265306 4.977600796416127e-05
onto 0.004878048780487805 0.01020408163265306 4.977600796416127e-05
the 0.03414634146341464 0.9540816326530612 0.032578397212543554
stage 0.004878048780487805 0.025510204081632654 0.00012444001991040318
at 0.004878048780487805 0.23469387755102042 0.0011448481831757094
a 0.04390243902439024 0.8826530612244898 0.03875062220009955
nightclub 0.004878048780487805 0.00510204081632653 2.4888003982080636e-05
she 0.024390243902439025 0.19387755102040816 0.004728720756595321
discovers 0.004878048780487805 0.030612244897959183 0.0001493280238924838
her 0.04878048780487805 0.2755102040816326 0.013439522150323542
comedic 0.004878048780487805 0.00510204081632653 2.4888003982080636e-05
skills 0.004878048780487805 0.015306122448979591 7.46640119462419e-05
and 0.01951219512195122 0.8571428571428571 0.016724738675958188
decides 0.004878048780487805 0.061224489795918366 0.0002986560477849676
to 0.02926829268292683 0.7806122448979592 0.02284718765555003
use 0.004878048780487805 0.02040816326530612 9.955201592832254e-05
this 0.004878048780487805 0.17346938775510204 0.0008461921353907416
newfound 0.004878048780487805 0.00510204081632653 2.4888003982080636e-05
talent 0.004878048780487805 0.01020408163265306 4.977600796416127e-05
to 0.02926829268292683 0.7806122448979592 0.02284718765555003
help 0.004878048780487805 0.10204081632653061 0.0004977600796416127
her 0.04878048780487805 0.2755102040816326 0.013439522150323542
reinvent 0.004878048780487805 0.00510204081632653 2.4888003982080636e-05
her 0.04878048780487805 0.2755102040816326 0.013439522150323542
life 0.01951219512195122 0.20408163265306123 0.003982080637132902
the 0.03414634146341464 0.9540816326530612 0.032578397212543554
series 0.004878048780487805 0.07142857142857142 0.0003484320557491289
follows 0.004878048780487805 0.0663265306122449 0.0003235440517670483
the 0.03414634146341464 0.9540816326530612 0.032578397212543554
trajectory 0.004878048780487805 0.00510204081632653 2.4888003982080636e-05
midge 0.01951219512195122 0.00510204081632653 9.955201592832254e-05
journey 0.004878048780487805 0.08163265306122448 0.00039820806371329017
as 0.004878048780487805 0.3469387755102041 0.0016923842707814833
she 0.024390243902439025 0.19387755102040816 0.004728720756595321
pursues 0.004878048780487805 0.00510204081632653 2.4888003982080636e-05
a 0.04390243902439024 0.8826530612244898 0.03875062220009955
career 0.00975609756097561 0.02040816326530612 0.00019910403185664509
in 0.014634146341463415 0.7346938775510204 0.010751617720258837
the 0.03414634146341464 0.9540816326530612 0.032578397212543554
comedy 0.00975609756097561 0.00510204081632653 4.977600796416127e-05
profession 0.004878048780487805 0.00510204081632653 2.4888003982080636e-05
and 0.01951219512195122 0.8571428571428571 0.016724738675958188
it 0.004878048780487805 0.2193877551020408 0.0010701841712294673
transforms 0.004878048780487805 0.015306122448979591 7.46640119462419e-05
from 0.004878048780487805 0.3520408163265306 0.001717272274763564
uptown 0.004878048780487805 0.00510204081632653 2.4888003982080636e-05
society 0.004878048780487805 0.03571428571428571 0.00017421602787456446
matron 0.004878048780487805 0.00510204081632653 2.4888003982080636e-05
to 0.02926829268292683 0.7806122448979592 0.02284718765555003
east 0.004878048780487805 0.015306122448979591 7.46640119462419e-05
village 0.004878048780487805 0.025510204081632654 0.00012444001991040318
club 0.004878048780487805 0.01020408163265306 4.977600796416127e-05
performer 0.004878048780487805 0.01020408163265306 4.977600796416127e-05
