director 0.008620689655172414 0.015306122448979591 0.00013194933145672062
pavel 0.008620689655172414 0.00510204081632653 4.398311048557353e-05
ruminov 0.008620689655172414 0.00510204081632653 4.398311048557353e-05
films 0.008620689655172414 0.00510204081632653 4.398311048557353e-05
his 0.02586206896551724 0.44387755102040816 0.011479591836734693
relationship 0.008620689655172414 0.05612244897959184 0.0004838142153413089
with 0.02586206896551724 0.4387755102040816 0.011347642505277972
the 0.05172413793103448 0.9540816326530612 0.04934904996481351
actress 0.008620689655172414 0.025510204081632654 0.0002199155524278677
nataliia 0.008620689655172414 0.00510204081632653 4.398311048557353e-05
anisimova 0.008620689655172414 0.00510204081632653 4.398311048557353e-05
his 0.02586206896551724 0.44387755102040816 0.011479591836734693
when 0.008620689655172414 0.27040816326530615 0.002331104855735398
he 0.04310344827586207 0.34183673469387754 0.014734342012667136
decides 0.017241379310344827 0.061224489795918366 0.001055594651653765
to 0.034482758620689655 0.7806122448979592 0.026917663617171007
break 0.008620689655172414 0.01020408163265306 8.796622097114707e-05
with 0.02586206896551724 0.4387755102040816 0.011347642505277972
her 0.017241379310344827 0.2755102040816326 0.004750175932441942
and 0.017241379310344827 0.8571428571428571 0.014778325123152709
wants 0.008620689655172414 0.04591836734693878 0.00039584799437016185
her 0.017241379310344827 0.2755102040816326 0.004750175932441942
to 0.034482758620689655 0.7806122448979592 0.026917663617171007
move 0.008620689655172414 0.025510204081632654 0.0002199155524278677
out 0.008620689655172414 0.18877551020408162 0.0016273750879662208
the 0.05172413793103448 0.9540816326530612 0.04934904996481351
apartment 0.008620689655172414 0.02040816326530612 0.00017593244194229413
natalia 0.008620689655172414 0.00510204081632653 4.398311048557353e-05
not 0.017241379310344827 0.14795918367346939 0.002551020408163265
agree 0.008620689655172414 0.015306122448979591 0.00013194933145672062
to 0.034482758620689655 0.7806122448979592 0.026917663617171007
end 0.008620689655172414 0.04591836734693878 0.00039584799437016185
their 0.017241379310344827 0.3520408163265306 0.006069669247009148
affair 0.008620689655172414 0.00510204081632653 4.398311048557353e-05
although 0.008620689655172414 0.02040816326530612 0.00017593244194229413
he 0.04310344827586207 0.34183673469387754 0.014734342012667136
says 0.008620689655172414 0.01020408163265306 8.796622097114707e-05
he 0.04310344827586207 0.34183673469387754 0.014734342012667136
a 0.02586206896551724 0.8826530612244898 0.022827234342012667
new 0.008620689655172414 0.1377551020408163 0.0011875439831104855
girlfriend 0.008620689655172414 0.02040816326530612 0.00017593244194229413
masha 0.008620689655172414 0.01020408163265306 8.796622097114707e-05
she 0.008620689655172414 0.19387755102040816 0.0016713581984517945
claims 0.008620689655172414 0.00510204081632653 4.398311048557353e-05
that 0.008620689655172414 0.40816326530612246 0.003518648838845883
their 0.017241379310344827 0.3520408163265306 0.006069669247009148
story 0.017241379310344827 0.12755102040816327 0.002199155524278677
not 0.017241379310344827 0.14795918367346939 0.002551020408163265
yet 0.008620689655172414 0.025510204081632654 0.0002199155524278677
a 0.02586206896551724 0.8826530612244898 0.022827234342012667
year 0.008620689655172414 0.01020408163265306 8.796622097114707e-05
later 0.008620689655172414 0.061224489795918366 0.0005277973258268825
the 0.05172413793103448 0.9540816326530612 0.04934904996481351
couple 0.008620689655172414 0.03571428571428571 0.0003078817733990148
decides 0.017241379310344827 0.061224489795918366 0.001055594651653765
to 0.034482758620689655 0.7806122448979592 0.026917663617171007
reconstruct 0.008620689655172414 0.00510204081632653 4.398311048557353e-05
this 0.008620689655172414 0.17346938775510204 0.0014954257565095003
story 0.017241379310344827 0.12755102040816327 0.002199155524278677
and 0.017241379310344827 0.8571428571428571 0.014778325123152709
make 0.008620689655172414 0.061224489795918366 0.0005277973258268825
a 0.02586206896551724 0.8826530612244898 0.022827234342012667
film 0.008620689655172414 0.061224489795918366 0.0005277973258268825
in 0.017241379310344827 0.7346938775510204 0.012667135819845179
the 0.05172413793103448 0.9540816326530612 0.04934904996481351
style 0.008620689655172414 0.01020408163265306 8.796622097114707e-05
the 0.05172413793103448 0.9540816326530612 0.04934904996481351
french 0.008620689655172414 0.03571428571428571 0.0003078817733990148
wave 0.008620689655172414 0.00510204081632653 4.398311048557353e-05
but 0.008620689655172414 0.3112244897959184 0.002682969739619986
in 0.017241379310344827 0.7346938775510204 0.012667135819845179
the 0.05172413793103448 0.9540816326530612 0.04934904996481351
process 0.008620689655172414 0.015306122448979591 0.00013194933145672062
he 0.04310344827586207 0.34183673469387754 0.014734342012667136
turns 0.008620689655172414 0.030612244897959183 0.00026389866291344125
gerald 0.017241379310344827 0.00510204081632653 8.796622097114707e-05
his 0.02586206896551724 0.44387755102040816 0.011479591836734693
alter 0.008620689655172414 0.01020408163265306 8.796622097114707e-05
ego 0.008620689655172414 0.00510204081632653 4.398311048557353e-05
gerald 0.017241379310344827 0.00510204081632653 8.796622097114707e-05
dissatisfied 0.008620689655172414 0.00510204081632653 4.398311048557353e-05
with 0.02586206896551724 0.4387755102040816 0.011347642505277972
what 0.008620689655172414 0.1377551020408163 0.0011875439831104855
he 0.04310344827586207 0.34183673469387754 0.014734342012667136
is 0.008620689655172414 0.5663265306122449 0.004882125263898663
for 0.008620689655172414 0.3877551020408163 0.003342716396903589
many 0.008620689655172414 0.02040816326530612 0.00017593244194229413
years 0.008620689655172414 0.12244897959183673 0.001055594651653765
