a 0.0847457627118644 0.8826530612244898 0.07480110688343133
compelling 0.01694915254237288 0.00510204081632653 8.647526807333102e-05
story 0.01694915254237288 0.12755102040816327 0.0021618817018332756
a 0.0847457627118644 0.8826530612244898 0.07480110688343133
family 0.01694915254237288 0.22448979591836735 0.0038049117952265654
friends 0.01694915254237288 0.05102040816326531 0.0008647526807333103
foes 0.01694915254237288 0.00510204081632653 8.647526807333102e-05
and 0.01694915254237288 0.8571428571428571 0.014527845036319612
police 0.01694915254237288 0.08163265306122448 0.0013836042891732963
in 0.03389830508474576 0.7346938775510204 0.024904877205119337
indian 0.01694915254237288 0.030612244897959183 0.0005188516084399862
drug 0.01694915254237288 0.04081632653061224 0.0006918021445866481
industry 0.01694915254237288 0.015306122448979591 0.0002594258042199931
while 0.01694915254237288 0.12244897959183673 0.0020754064337599448
one 0.01694915254237288 0.18877551020408162 0.003199584918713248
partner 0.01694915254237288 0.01020408163265306 0.00017295053614666204
wants 0.01694915254237288 0.04591836734693878 0.0007782774126599793
to 0.05084745762711865 0.7806122448979592 0.039692148045658945
get 0.01694915254237288 0.0663265306122449 0.0011241784849533034
out 0.03389830508474576 0.18877551020408162 0.006399169837426496
the 0.05084745762711865 0.9540816326530612 0.04851262538913871
others 0.01694915254237288 0.01020408163265306 0.00017295053614666204
want 0.01694915254237288 0.01020408163265306 0.00017295053614666204
a 0.0847457627118644 0.8826530612244898 0.07480110688343133
bigger 0.01694915254237288 0.01020408163265306 0.00017295053614666204
slice 0.01694915254237288 0.00510204081632653 8.647526807333102e-05
pie 0.01694915254237288 0.00510204081632653 8.647526807333102e-05
in 0.03389830508474576 0.7346938775510204 0.024904877205119337
the 0.05084745762711865 0.9540816326530612 0.04851262538913871
chaos 0.01694915254237288 0.01020408163265306 0.00017295053614666204
that 0.01694915254237288 0.40816326530612246 0.0069180214458664825
ensues 0.01694915254237288 0.00510204081632653 8.647526807333102e-05
difficult 0.01694915254237288 0.02040816326530612 0.00034590107229332407
to 0.05084745762711865 0.7806122448979592 0.039692148045658945
make 0.01694915254237288 0.061224489795918366 0.0010377032168799724
out 0.03389830508474576 0.18877551020408162 0.006399169837426496
a 0.0847457627118644 0.8826530612244898 0.07480110688343133
friend 0.01694915254237288 0.0663265306122449 0.0011241784849533034
from 0.01694915254237288 0.3520408163265306 0.005966793497059841
a 0.0847457627118644 0.8826530612244898 0.07480110688343133
foe 0.01694915254237288 0.00510204081632653 8.647526807333102e-05
can 0.01694915254237288 0.08673469387755102 0.0014700795572466275
aarya 0.01694915254237288 0.00510204081632653 8.647526807333102e-05
rise 0.01694915254237288 0.02040816326530612 0.00034590107229332407
to 0.05084745762711865 0.7806122448979592 0.039692148045658945
the 0.05084745762711865 0.9540816326530612 0.04851262538913871
occasion 0.01694915254237288 0.00510204081632653 8.647526807333102e-05
