a 0.04 0.8826530612244898 0.03530612244897959
look 0.02 0.025510204081632654 0.0005102040816326531
at 0.02 0.23469387755102042 0.004693877551020408
life 0.02 0.20408163265306123 0.004081632653061225
for 0.02 0.3877551020408163 0.007755102040816327
a 0.04 0.8826530612244898 0.03530612244897959
group 0.02 0.05102040816326531 0.0010204081632653062
high 0.02 0.015306122448979591 0.0003061224489795918
school 0.02 0.05102040816326531 0.0010204081632653062
students 0.02 0.02040816326530612 0.0004081632653061224
as 0.02 0.3469387755102041 0.0069387755102040816
they 0.02 0.28061224489795916 0.005612244897959183
grapple 0.02 0.00510204081632653 0.0001020408163265306
with 0.02 0.4387755102040816 0.008775510204081632
issues 0.02 0.01020408163265306 0.0002040816326530612
drugs 0.02 0.01020408163265306 0.0002040816326530612
sex 0.02 0.03571428571428571 0.0007142857142857143
and 0.04 0.8571428571428571 0.03428571428571429
violence 0.02 0.01020408163265306 0.0002040816326530612
the 0.06 0.9540816326530612 0.05724489795918367
series 0.02 0.07142857142857142 0.0014285714285714286
focuses 0.02 0.00510204081632653 0.0001020408163265306
on 0.02 0.3520408163265306 0.0070408163265306125
the 0.06 0.9540816326530612 0.05724489795918367
relationship 0.02 0.05612244897959184 0.0011224489795918367
two 0.02 0.12755102040816327 0.0025510204081632655
young 0.02 0.15816326530612246 0.003163265306122449
girls 0.02 0.02040816326530612 0.0004081632653061224
trying 0.02 0.030612244897959183 0.0006122448979591836
to 0.02 0.7806122448979592 0.015612244897959185
find 0.02 0.08163265306122448 0.0016326530612244896
their 0.02 0.3520408163265306 0.0070408163265306125
place 0.02 0.05612244897959184 0.0011224489795918367
in 0.02 0.7346938775510204 0.01469387755102041
the 0.06 0.9540816326530612 0.05724489795918367
world 0.02 0.19387755102040816 0.0038775510204081634
recovering 0.02 0.01020408163265306 0.0002040816326530612
addict 0.02 0.00510204081632653 0.0001020408163265306
rue 0.02 0.00510204081632653 0.0001020408163265306
and 0.04 0.8571428571428571 0.03428571428571429
jules 0.02 0.00510204081632653 0.0001020408163265306
