after 0.013422818791946308 0.1989795918367347 0.0026708670045199286
a 0.026845637583892617 0.8826530612244898 0.023695384193946036
colossal 0.006711409395973154 0.00510204081632653 3.4241884673332414e-05
and 0.040268456375838924 0.8571428571428571 0.03451581975071907
mysterious 0.006711409395973154 0.08673469387755102 0.0005821120394466511
accident 0.006711409395973154 0.025510204081632654 0.0001712094233666621
a 0.026845637583892617 0.8826530612244898 0.023695384193946036
young 0.006711409395973154 0.15816326530612246 0.001061498424873305
talented 0.006711409395973154 0.00510204081632653 3.4241884673332414e-05
architect 0.013422818791946308 0.01020408163265306 0.00013696753869332965
comes 0.006711409395973154 0.04081632653061224 0.0002739350773866593
back 0.006711409395973154 0.08673469387755102 0.0005821120394466511
to 0.020134228187919462 0.7806122448979592 0.015717025065059582
his 0.020134228187919462 0.44387755102040816 0.008937131899739761
senses 0.006711409395973154 0.00510204081632653 3.4241884673332414e-05
in 0.026845637583892617 0.7346938775510204 0.019723325571839475
a 0.026845637583892617 0.8826530612244898 0.023695384193946036
odd 0.013422818791946308 0.01020408163265306 0.00013696753869332965
world 0.020134228187919462 0.19387755102040816 0.0039035748527598956
that 0.006711409395973154 0.40816326530612246 0.0027393507738665934
resembles 0.006711409395973154 0.00510204081632653 3.4241884673332414e-05
the 0.08053691275167785 0.9540816326530612 0.07683878920695794
reality 0.006711409395973154 0.015306122448979591 0.00010272565401999726
this 0.006711409395973154 0.17346938775510204 0.0011642240788933022
world 0.020134228187919462 0.19387755102040816 0.0039035748527598956
is 0.020134228187919462 0.5663265306122449 0.011402547596219696
based 0.006711409395973154 0.025510204081632654 0.0001712094233666621
on 0.013422818791946308 0.3520408163265306 0.004725380084919874
the 0.08053691275167785 0.9540816326530612 0.07683878920695794
memories 0.013422818791946308 0.015306122448979591 0.00020545130803999452
the 0.08053691275167785 0.9540816326530612 0.07683878920695794
ones 0.006711409395973154 0.025510204081632654 0.0001712094233666621
who 0.013422818791946308 0.39285714285714285 0.0052732502396931925
live 0.006711409395973154 0.05612244897959184 0.0003766607314066566
in 0.026845637583892617 0.7346938775510204 0.019723325571839475
it 0.006711409395973154 0.2193877551020408 0.001472401040953294
people 0.006711409395973154 0.11734693877551021 0.0007875633474866457
who 0.013422818791946308 0.39285714285714285 0.0052732502396931925
currently 0.006711409395973154 0.00510204081632653 3.4241884673332414e-05
finding 0.006711409395973154 0.02040816326530612 0.00013696753869332965
in 0.026845637583892617 0.7346938775510204 0.019723325571839475
a 0.026845637583892617 0.8826530612244898 0.023695384193946036
deep 0.006711409395973154 0.015306122448979591 0.00010272565401999726
coma 0.026845637583892617 0.01020408163265306 0.0002739350773866593
human 0.006711409395973154 0.05612244897959184 0.0003766607314066566
memory 0.006711409395973154 0.01020408163265306 6.848376934666483e-05
is 0.020134228187919462 0.5663265306122449 0.011402547596219696
spotty 0.006711409395973154 0.00510204081632653 3.4241884673332414e-05
chaotic 0.006711409395973154 0.00510204081632653 3.4241884673332414e-05
and 0.040268456375838924 0.8571428571428571 0.03451581975071907
unstable 0.006711409395973154 0.00510204081632653 3.4241884673332414e-05
the 0.08053691275167785 0.9540816326530612 0.07683878920695794
is 0.020134228187919462 0.5663265306122449 0.011402547596219696
the 0.08053691275167785 0.9540816326530612 0.07683878920695794
coma 0.026845637583892617 0.01020408163265306 0.0002739350773866593
odd 0.013422818791946308 0.01020408163265306 0.00013696753869332965
collection 0.006711409395973154 0.00510204081632653 3.4241884673332414e-05
memories 0.013422818791946308 0.015306122448979591 0.00020545130803999452
and 0.040268456375838924 0.8571428571428571 0.03451581975071907
recollections 0.006711409395973154 0.00510204081632653 3.4241884673332414e-05
cities 0.006711409395973154 0.00510204081632653 3.4241884673332414e-05
glaciers 0.006711409395973154 0.00510204081632653 3.4241884673332414e-05
and 0.040268456375838924 0.8571428571428571 0.03451581975071907
rivers 0.006711409395973154 0.01020408163265306 6.848376934666483e-05
can 0.013422818791946308 0.08673469387755102 0.0011642240788933022
all 0.020134228187919462 0.17346938775510204 0.0034926722366799066
found 0.006711409395973154 0.030612244897959183 0.00020545130803999452
in 0.026845637583892617 0.7346938775510204 0.019723325571839475
one 0.006711409395973154 0.18877551020408162 0.0012669497329132993
room 0.006711409395973154 0.00510204081632653 3.4241884673332414e-05
all 0.020134228187919462 0.17346938775510204 0.0034926722366799066
the 0.08053691275167785 0.9540816326530612 0.07683878920695794
laws 0.013422818791946308 0.015306122448979591 0.00020545130803999452
physics 0.006711409395973154 0.00510204081632653 3.4241884673332414e-05
can 0.013422818791946308 0.08673469387755102 0.0011642240788933022
broken 0.006711409395973154 0.00510204081632653 3.4241884673332414e-05
the 0.08053691275167785 0.9540816326530612 0.07683878920695794
architect 0.013422818791946308 0.01020408163265306 0.00013696753869332965
must 0.006711409395973154 0.07653061224489796 0.0005136282700999863
find 0.006711409395973154 0.08163265306122448 0.0005478701547733186
out 0.006711409395973154 0.18877551020408162 0.0012669497329132993
the 0.08053691275167785 0.9540816326530612 0.07683878920695794
exact 0.006711409395973154 0.00510204081632653 3.4241884673332414e-05
laws 0.013422818791946308 0.015306122448979591 0.00020545130803999452
and 0.040268456375838924 0.8571428571428571 0.03451581975071907
regulations 0.006711409395973154 0.00510204081632653 3.4241884673332414e-05
coma 0.026845637583892617 0.01020408163265306 0.0002739350773866593
as 0.006711409395973154 0.3469387755102041 0.0023284481577866044
he 0.013422818791946308 0.34183673469387754 0.004588412546226544
fights 0.006711409395973154 0.015306122448979591 0.00010272565401999726
for 0.013422818791946308 0.3877551020408163 0.005204766470346528
his 0.020134228187919462 0.44387755102040816 0.008937131899739761
life 0.013422818791946308 0.20408163265306123 0.0027393507738665934
meets 0.006711409395973154 0.05102040816326531 0.0003424188467333242
the 0.08053691275167785 0.9540816326530612 0.07683878920695794
love 0.006711409395973154 0.09183673469387756 0.0006163539241199836
his 0.020134228187919462 0.44387755102040816 0.008937131899739761
life 0.013422818791946308 0.20408163265306123 0.0027393507738665934
and 0.040268456375838924 0.8571428571428571 0.03451581975071907
keeps 0.006711409395973154 0.01020408163265306 6.848376934666483e-05
on 0.013422818791946308 0.3520408163265306 0.004725380084919874
looking 0.006711409395973154 0.02040816326530612 0.00013696753869332965
for 0.013422818791946308 0.3877551020408163 0.005204766470346528
the 0.08053691275167785 0.9540816326530612 0.07683878920695794
exit 0.006711409395973154 0.00510204081632653 3.4241884673332414e-05
to 0.020134228187919462 0.7806122448979592 0.015717025065059582
the 0.08053691275167785 0.9540816326530612 0.07683878920695794
real 0.006711409395973154 0.030612244897959183 0.00020545130803999452
world 0.020134228187919462 0.19387755102040816 0.0039035748527598956
he 0.013422818791946308 0.34183673469387754 0.004588412546226544
will 0.006711409395973154 0.1989795918367347 0.0013354335022599643
to 0.020134228187919462 0.7806122448979592 0.015717025065059582
get 0.006711409395973154 0.0663265306122449 0.0004451445007533215
acquainted 0.006711409395973154 0.00510204081632653 3.4241884673332414e-05
with 0.006711409395973154 0.4387755102040816 0.002944802081906588
all 0.020134228187919462 0.17346938775510204 0.0034926722366799066
after 0.013422818791946308 0.1989795918367347 0.0026708670045199286
the 0.08053691275167785 0.9540816326530612 0.07683878920695794
experience 0.006711409395973154 0.02040816326530612 0.00013696753869332965
coma 0.026845637583892617 0.01020408163265306 0.0002739350773866593
