in 0.017543859649122806 0.7346938775510204 0.01288936627282492
the 0.07017543859649122 0.9540816326530612 0.06695309702828499
extremely 0.017543859649122806 0.00510204081632653 8.95094880057286e-05
popular 0.017543859649122806 0.00510204081632653 8.95094880057286e-05
video 0.017543859649122806 0.01020408163265306 0.0001790189760114572
game 0.03508771929824561 0.02040816326530612 0.0007160759040458288
free 0.017543859649122806 0.025510204081632654 0.00044754744002864304
city 0.017543859649122806 0.09183673469387756 0.001611170784103115
a 0.03508771929824561 0.8826530612244898 0.030970282849982097
npc 0.017543859649122806 0.00510204081632653 8.95094880057286e-05
named 0.017543859649122806 0.03571428571428571 0.0006265664160401002
guy 0.03508771929824561 0.015306122448979591 0.0005370569280343716
learns 0.017543859649122806 0.04081632653061224 0.0007160759040458288
the 0.07017543859649122 0.9540816326530612 0.06695309702828499
true 0.017543859649122806 0.02040816326530612 0.0003580379520229144
nature 0.017543859649122806 0.01020408163265306 0.0001790189760114572
his 0.03508771929824561 0.44387755102040816 0.015574650912996776
existence 0.017543859649122806 0.00510204081632653 8.95094880057286e-05
when 0.017543859649122806 0.27040816326530615 0.004744002864303616
he 0.017543859649122806 0.34183673469387754 0.005997135696383816
meets 0.017543859649122806 0.05102040816326531 0.0008950948800572861
the 0.07017543859649122 0.9540816326530612 0.06695309702828499
girl 0.017543859649122806 0.08673469387755102 0.0015216612960973863
his 0.03508771929824561 0.44387755102040816 0.015574650912996776
dreams 0.017543859649122806 0.04081632653061224 0.0007160759040458288
a 0.03508771929824561 0.8826530612244898 0.030970282849982097
human 0.017543859649122806 0.05612244897959184 0.0009846043680630146
player 0.03508771929824561 0.01020408163265306 0.0003580379520229144
this 0.017543859649122806 0.17346938775510204 0.0030433225921947726
player 0.03508771929824561 0.01020408163265306 0.0003580379520229144
interactions 0.017543859649122806 0.00510204081632653 8.95094880057286e-05
with 0.017543859649122806 0.4387755102040816 0.0076978159684926595
guy 0.03508771929824561 0.015306122448979591 0.0005370569280343716
massive 0.017543859649122806 0.00510204081632653 8.95094880057286e-05
affects 0.017543859649122806 0.01020408163265306 0.0001790189760114572
on 0.017543859649122806 0.3520408163265306 0.006176154672395274
the 0.07017543859649122 0.9540816326530612 0.06695309702828499
game 0.03508771929824561 0.02040816326530612 0.0007160759040458288
and 0.017543859649122806 0.8571428571428571 0.015037593984962405
real 0.017543859649122806 0.030612244897959183 0.0005370569280343716
world 0.017543859649122806 0.19387755102040816 0.003401360544217687
as 0.017543859649122806 0.3469387755102041 0.006086645184389545
they 0.017543859649122806 0.28061224489795916 0.004923021840315072
play 0.017543859649122806 0.00510204081632653 8.95094880057286e-05
it 0.017543859649122806 0.2193877551020408 0.0038489079842463298
