amélie 0.02242152466367713 0.00510204081632653 0.00011439553399835269
is 0.013452914798206279 0.5663265306122449 0.007618742564290291
a 0.053811659192825115 0.8826530612244898 0.04749702571611605
story 0.004484304932735426 0.12755102040816327 0.0005719776699917636
a 0.053811659192825115 0.8826530612244898 0.04749702571611605
girl 0.004484304932735426 0.08673469387755102 0.0003889448155943992
named 0.004484304932735426 0.03571428571428571 0.00016015374759769378
amélie 0.02242152466367713 0.00510204081632653 0.00011439553399835269
whose 0.008968609865470852 0.04591836734693878 0.0004118239223940697
childhood 0.004484304932735426 0.030612244897959183 0.00013727464079802323
suppressed 0.008968609865470852 0.00510204081632653 4.575821359934108e-05
by 0.004484304932735426 0.33163265306122447 0.001487141941978585
her 0.04484304932735426 0.2755102040816326 0.01235471767182209
father 0.008968609865470852 0.11734693877551021 0.0010524389127848448
mistaken 0.004484304932735426 0.00510204081632653 2.287910679967054e-05
concerns 0.008968609865470852 0.01020408163265306 9.151642719868216e-05
a 0.053811659192825115 0.8826530612244898 0.04749702571611605
heart 0.004484304932735426 0.030612244897959183 0.00013727464079802323
defect 0.004484304932735426 0.00510204081632653 2.287910679967054e-05
with 0.017937219730941704 0.4387755102040816 0.007870412739086665
these 0.008968609865470852 0.05102040816326531 0.0004575821359934108
concerns 0.008968609865470852 0.01020408163265306 9.151642719868216e-05
amélie 0.02242152466367713 0.00510204081632653 0.00011439553399835269
gets 0.004484304932735426 0.04081632653061224 0.00018303285439736432
hardly 0.004484304932735426 0.00510204081632653 2.287910679967054e-05
contact 0.004484304932735426 0.015306122448979591 6.863732039901162e-05
with 0.017937219730941704 0.4387755102040816 0.007870412739086665
people 0.008968609865470852 0.11734693877551021 0.0010524389127848448
this 0.004484304932735426 0.17346938775510204 0.0007778896311887984
leads 0.004484304932735426 0.030612244897959183 0.00013727464079802323
amélie 0.02242152466367713 0.00510204081632653 0.00011439553399835269
to 0.03587443946188341 0.7806122448979592 0.028004026722796744
resort 0.004484304932735426 0.00510204081632653 2.287910679967054e-05
to 0.03587443946188341 0.7806122448979592 0.028004026722796744
her 0.04484304932735426 0.2755102040816326 0.01235471767182209
fantastical 0.004484304932735426 0.00510204081632653 2.287910679967054e-05
world 0.004484304932735426 0.19387755102040816 0.0008694060583874805
and 0.03587443946188341 0.8571428571428571 0.030749519538757205
dreams 0.004484304932735426 0.04081632653061224 0.00018303285439736432
love 0.017937219730941704 0.09183673469387756 0.001647295689576279
and 0.03587443946188341 0.8571428571428571 0.030749519538757205
beauty 0.008968609865470852 0.01020408163265306 9.151642719868216e-05
she 0.03139013452914798 0.19387755102040816 0.006085842408712364
later 0.004484304932735426 0.061224489795918366 0.00027454928159604647
on 0.004484304932735426 0.3520408163265306 0.0015786583691772672
becomes 0.004484304932735426 0.07142857142857142 0.00032030749519538755
a 0.053811659192825115 0.8826530612244898 0.04749702571611605
young 0.008968609865470852 0.15816326530612246 0.0014185046215795735
woman 0.004484304932735426 0.07142857142857142 0.00032030749519538755
and 0.03587443946188341 0.8571428571428571 0.030749519538757205
moves 0.004484304932735426 0.030612244897959183 0.00013727464079802323
to 0.03587443946188341 0.7806122448979592 0.028004026722796744
the 0.026905829596412557 0.9540816326530612 0.02567035782923035
central 0.004484304932735426 0.02040816326530612 9.151642719868216e-05
part 0.004484304932735426 0.04081632653061224 0.00018303285439736432
paris 0.004484304932735426 0.04591836734693878 0.00020591196119703486
as 0.017937219730941704 0.3469387755102041 0.006223117049510387
a 0.053811659192825115 0.8826530612244898 0.04749702571611605
waitress 0.004484304932735426 0.00510204081632653 2.287910679967054e-05
after 0.013452914798206279 0.1989795918367347 0.0026768554955614535
finding 0.004484304932735426 0.02040816326530612 9.151642719868216e-05
a 0.053811659192825115 0.8826530612244898 0.04749702571611605
lost 0.004484304932735426 0.05102040816326531 0.0002287910679967054
treasure 0.004484304932735426 0.015306122448979591 6.863732039901162e-05
belonging 0.004484304932735426 0.00510204081632653 2.287910679967054e-05
to 0.03587443946188341 0.7806122448979592 0.028004026722796744
the 0.026905829596412557 0.9540816326530612 0.02567035782923035
former 0.004484304932735426 0.03571428571428571 0.00016015374759769378
occupant 0.004484304932735426 0.00510204081632653 2.287910679967054e-05
her 0.04484304932735426 0.2755102040816326 0.01235471767182209
apartment 0.004484304932735426 0.02040816326530612 9.151642719868216e-05
she 0.03139013452914798 0.19387755102040816 0.006085842408712364
decides 0.008968609865470852 0.061224489795918366 0.0005490985631920929
to 0.03587443946188341 0.7806122448979592 0.028004026722796744
return 0.004484304932735426 0.030612244897959183 0.00013727464079802323
it 0.004484304932735426 0.2193877551020408 0.0009838015923858332
to 0.03587443946188341 0.7806122448979592 0.028004026722796744
after 0.013452914798206279 0.1989795918367347 0.0026768554955614535
seeing 0.004484304932735426 0.00510204081632653 2.287910679967054e-05
his 0.017937219730941704 0.44387755102040816 0.007961929166285348
reaction 0.004484304932735426 0.01020408163265306 4.575821359934108e-05
and 0.03587443946188341 0.8571428571428571 0.030749519538757205
his 0.017937219730941704 0.44387755102040816 0.007961929166285348
new 0.004484304932735426 0.1377551020408163 0.0006177358835911045
found 0.004484304932735426 0.030612244897959183 0.00013727464079802323
perspective 0.004484304932735426 0.00510204081632653 2.287910679967054e-05
she 0.03139013452914798 0.19387755102040816 0.006085842408712364
decides 0.008968609865470852 0.061224489795918366 0.0005490985631920929
to 0.03587443946188341 0.7806122448979592 0.028004026722796744
devote 0.004484304932735426 0.00510204081632653 2.287910679967054e-05
her 0.04484304932735426 0.2755102040816326 0.01235471767182209
life 0.017937219730941704 0.20408163265306123 0.0036606570879472865
to 0.03587443946188341 0.7806122448979592 0.028004026722796744
the 0.026905829596412557 0.9540816326530612 0.02567035782923035
people 0.008968609865470852 0.11734693877551021 0.0010524389127848448
around 0.004484304932735426 0.08673469387755102 0.0003889448155943992
her 0.04484304932735426 0.2755102040816326 0.01235471767182209
such 0.004484304932735426 0.025510204081632654 0.0001143955339983527
as 0.017937219730941704 0.3469387755102041 0.006223117049510387
her 0.04484304932735426 0.2755102040816326 0.01235471767182209
father 0.008968609865470852 0.11734693877551021 0.0010524389127848448
who 0.008968609865470852 0.39285714285714285 0.003523382447149263
is 0.013452914798206279 0.5663265306122449 0.007618742564290291
obsessed 0.004484304932735426 0.01020408163265306 4.575821359934108e-05
with 0.017937219730941704 0.4387755102040816 0.007870412739086665
his 0.017937219730941704 0.44387755102040816 0.007961929166285348
a 0.053811659192825115 0.8826530612244898 0.04749702571611605
failed 0.004484304932735426 0.00510204081632653 2.287910679967054e-05
writer 0.004484304932735426 0.00510204081632653 2.287910679967054e-05
a 0.053811659192825115 0.8826530612244898 0.04749702571611605
hypochondriac 0.004484304932735426 0.00510204081632653 2.287910679967054e-05
a 0.053811659192825115 0.8826530612244898 0.04749702571611605
man 0.008968609865470852 0.12755102040816327 0.0011439553399835271
who 0.008968609865470852 0.39285714285714285 0.003523382447149263
stalks 0.004484304932735426 0.00510204081632653 2.287910679967054e-05
his 0.017937219730941704 0.44387755102040816 0.007961929166285348
ex 0.004484304932735426 0.00510204081632653 2.287910679967054e-05
girlfriends 0.004484304932735426 0.00510204081632653 2.287910679967054e-05
the 0.026905829596412557 0.9540816326530612 0.02567035782923035
ghost 0.004484304932735426 0.01020408163265306 4.575821359934108e-05
a 0.053811659192825115 0.8826530612244898 0.04749702571611605
suppressed 0.008968609865470852 0.00510204081632653 4.575821359934108e-05
young 0.008968609865470852 0.15816326530612246 0.0014185046215795735
soul 0.004484304932735426 0.01020408163265306 4.575821359934108e-05
the 0.026905829596412557 0.9540816326530612 0.02567035782923035
love 0.017937219730941704 0.09183673469387756 0.001647295689576279
her 0.04484304932735426 0.2755102040816326 0.01235471767182209
life 0.017937219730941704 0.20408163265306123 0.0036606570879472865
and 0.03587443946188341 0.8571428571428571 0.030749519538757205
a 0.053811659192825115 0.8826530612244898 0.04749702571611605
man 0.008968609865470852 0.12755102040816327 0.0011439553399835271
whose 0.008968609865470852 0.04591836734693878 0.0004118239223940697
bones 0.004484304932735426 0.00510204081632653 2.287910679967054e-05
as 0.017937219730941704 0.3469387755102041 0.006223117049510387
brittle 0.004484304932735426 0.00510204081632653 2.287910679967054e-05
as 0.017937219730941704 0.3469387755102041 0.006223117049510387
glass 0.004484304932735426 0.00510204081632653 2.287910679967054e-05
but 0.004484304932735426 0.3112244897959184 0.0013956255147799031
after 0.013452914798206279 0.1989795918367347 0.0026768554955614535
consuming 0.004484304932735426 0.00510204081632653 2.287910679967054e-05
with 0.017937219730941704 0.4387755102040816 0.007870412739086665
these 0.008968609865470852 0.05102040816326531 0.0004575821359934108
escapades 0.004484304932735426 0.00510204081632653 2.287910679967054e-05
she 0.03139013452914798 0.19387755102040816 0.006085842408712364
finds 0.004484304932735426 0.0663265306122449 0.00029742838839571704
out 0.004484304932735426 0.18877551020408162 0.00084652695158781
that 0.004484304932735426 0.40816326530612246 0.0018303285439736432
she 0.03139013452914798 0.19387755102040816 0.006085842408712364
is 0.013452914798206279 0.5663265306122449 0.007618742564290291
disregarding 0.004484304932735426 0.00510204081632653 2.287910679967054e-05
her 0.04484304932735426 0.2755102040816326 0.01235471767182209
life 0.017937219730941704 0.20408163265306123 0.0036606570879472865
and 0.03587443946188341 0.8571428571428571 0.030749519538757205
damaging 0.004484304932735426 0.00510204081632653 2.287910679967054e-05
her 0.04484304932735426 0.2755102040816326 0.01235471767182209
quest 0.004484304932735426 0.01020408163265306 4.575821359934108e-05
for 0.004484304932735426 0.3877551020408163 0.001738812116774961
love 0.017937219730941704 0.09183673469387756 0.001647295689576279
amélie 0.02242152466367713 0.00510204081632653 0.00011439553399835269
then 0.004484304932735426 0.05612244897959184 0.00025167017479637595
discovers 0.004484304932735426 0.030612244897959183 0.00013727464079802323
she 0.03139013452914798 0.19387755102040816 0.006085842408712364
must 0.004484304932735426 0.07653061224489796 0.0003431866019950581
become 0.004484304932735426 0.05612244897959184 0.00025167017479637595
more 0.004484304932735426 0.08163265306122448 0.00036606570879472864
aggressive 0.004484304932735426 0.00510204081632653 2.287910679967054e-05
and 0.03587443946188341 0.8571428571428571 0.030749519538757205
take 0.004484304932735426 0.09183673469387756 0.0004118239223940697
a 0.053811659192825115 0.8826530612244898 0.04749702571611605
hold 0.004484304932735426 0.01020408163265306 4.575821359934108e-05
her 0.04484304932735426 0.2755102040816326 0.01235471767182209
life 0.017937219730941704 0.20408163265306123 0.0036606570879472865
and 0.03587443946188341 0.8571428571428571 0.030749519538757205
capture 0.004484304932735426 0.00510204081632653 2.287910679967054e-05
the 0.026905829596412557 0.9540816326530612 0.02567035782923035
beauty 0.008968609865470852 0.01020408163265306 9.151642719868216e-05
love 0.017937219730941704 0.09183673469387756 0.001647295689576279
she 0.03139013452914798 0.19387755102040816 0.006085842408712364
always 0.004484304932735426 0.02040816326530612 9.151642719868216e-05
dreamed 0.004484304932735426 0.00510204081632653 2.287910679967054e-05
