shardul 0.0111731843575419 0.00510204081632653 5.7006042640519895e-05
thakur 0.00558659217877095 0.00510204081632653 2.8503021320259948e-05
a 0.027932960893854747 0.8826530612244898 0.024655113442024854
police 0.0111731843575419 0.08163265306122448 0.0009120966822483183
officer 0.00558659217877095 0.04591836734693878 0.00025652719188233955
posted 0.00558659217877095 0.00510204081632653 2.8503021320259948e-05
in 0.0111731843575419 0.7346938775510204 0.008208870140234865
dehradhun 0.00558659217877095 0.00510204081632653 2.8503021320259948e-05
police 0.0111731843575419 0.08163265306122448 0.0009120966822483183
station 0.00558659217877095 0.025510204081632654 0.00014251510660129974
designated 0.00558659217877095 0.00510204081632653 2.8503021320259948e-05
for 0.027932960893854747 0.3877551020408163 0.010831148101698778
women 0.0111731843575419 0.061224489795918366 0.0006840725116862387
and 0.0335195530726257 0.8571428571428571 0.028731045490822026
is 0.0223463687150838 0.5663265306122449 0.012655341466195418
pressurized 0.00558659217877095 0.00510204081632653 2.8503021320259948e-05
by 0.00558659217877095 0.33163265306122447 0.0018526963858168965
his 0.0111731843575419 0.44387755102040816 0.004959525709725231
family 0.01675977653631285 0.22448979591836735 0.003762398814274313
for 0.027932960893854747 0.3877551020408163 0.010831148101698778
marriage 0.0111731843575419 0.02040816326530612 0.00022802417056207958
but 0.0111731843575419 0.3112244897959184 0.003477368601071714
he 0.0223463687150838 0.34183673469387754 0.007638809713829666
is 0.0223463687150838 0.5663265306122449 0.012655341466195418
suman 0.00558659217877095 0.00510204081632653 2.8503021320259948e-05
works 0.00558659217877095 0.04081632653061224 0.00022802417056207958
as 0.0111731843575419 0.3469387755102041 0.003876410899555353
a 0.027932960893854747 0.8826530612244898 0.024655113442024854
pt 0.00558659217877095 0.00510204081632653 2.8503021320259948e-05
teacher 0.00558659217877095 0.030612244897959183 0.00017101812792155968
in 0.0111731843575419 0.7346938775510204 0.008208870140234865
school 0.00558659217877095 0.05102040816326531 0.0002850302132025995
she 0.0335195530726257 0.19387755102040816 0.006498688861019268
pressure 0.00558659217877095 0.00510204081632653 2.8503021320259948e-05
marriage 0.0111731843575419 0.02040816326530612 0.00022802417056207958
from 0.00558659217877095 0.3520408163265306 0.0019667084710979364
her 0.03910614525139665 0.2755102040816326 0.010774142059058259
sumi 0.0335195530726257 0.00510204081632653 0.00017101812792155968
is 0.0223463687150838 0.5663265306122449 0.012655341466195418
keen 0.00558659217877095 0.00510204081632653 2.8503021320259948e-05
as 0.0111731843575419 0.3469387755102041 0.003876410899555353
she 0.0335195530726257 0.19387755102040816 0.006498688861019268
loves 0.0111731843575419 0.02040816326530612 0.00022802417056207958
women 0.0111731843575419 0.061224489795918366 0.0006840725116862387
she 0.0335195530726257 0.19387755102040816 0.006498688861019268
registers 0.00558659217877095 0.00510204081632653 2.8503021320259948e-05
on 0.00558659217877095 0.3520408163265306 0.0019667084710979364
a 0.027932960893854747 0.8826530612244898 0.024655113442024854
dating 0.00558659217877095 0.00510204081632653 2.8503021320259948e-05
app 0.00558659217877095 0.00510204081632653 2.8503021320259948e-05
and 0.0335195530726257 0.8571428571428571 0.028731045490822026
meets 0.00558659217877095 0.05102040816326531 0.0002850302132025995
a 0.027932960893854747 0.8826530612244898 0.024655113442024854
female 0.00558659217877095 0.02040816326530612 0.00011401208528103979
upon 0.00558659217877095 0.025510204081632654 0.00014251510660129974
meeting 0.00558659217877095 0.01020408163265306 5.7006042640519895e-05
she 0.0335195530726257 0.19387755102040816 0.006498688861019268
finds 0.00558659217877095 0.0663265306122449 0.00037053927716337935
the 0.0111731843575419 0.9540816326530612 0.010660129973777221
person 0.00558659217877095 0.030612244897959183 0.00017101812792155968
is 0.0223463687150838 0.5663265306122449 0.012655341466195418
actual 0.00558659217877095 0.00510204081632653 2.8503021320259948e-05
a 0.027932960893854747 0.8826530612244898 0.024655113442024854
male 0.00558659217877095 0.00510204081632653 2.8503021320259948e-05
with 0.01675977653631285 0.4387755102040816 0.007353779500627066
fake 0.00558659217877095 0.00510204081632653 2.8503021320259948e-05
tries 0.00558659217877095 0.030612244897959183 0.00017101812792155968
to 0.027932960893854747 0.7806122448979592 0.02180481130999886
blackmail 0.00558659217877095 0.00510204081632653 2.8503021320259948e-05
sumi 0.0335195530726257 0.00510204081632653 0.00017101812792155968
telling 0.00558659217877095 0.015306122448979591 8.550906396077984e-05
her 0.03910614525139665 0.2755102040816326 0.010774142059058259
he 0.0223463687150838 0.34183673469387754 0.007638809713829666
will 0.00558659217877095 0.1989795918367347 0.0011116178314901379
expose 0.00558659217877095 0.015306122448979591 8.550906396077984e-05
her 0.03910614525139665 0.2755102040816326 0.010774142059058259
truth 0.00558659217877095 0.04081632653061224 0.00022802417056207958
to 0.027932960893854747 0.7806122448979592 0.02180481130999886
her 0.03910614525139665 0.2755102040816326 0.010774142059058259
family 0.01675977653631285 0.22448979591836735 0.003762398814274313
if 0.00558659217877095 0.03571428571428571 0.00019952114924181962
she 0.0335195530726257 0.19387755102040816 0.006498688861019268
spend 0.00558659217877095 0.00510204081632653 2.8503021320259948e-05
night 0.00558659217877095 0.025510204081632654 0.00014251510660129974
with 0.01675977653631285 0.4387755102040816 0.007353779500627066
her 0.03910614525139665 0.2755102040816326 0.010774142059058259
finally 0.00558659217877095 0.03571428571428571 0.00019952114924181962
she 0.0335195530726257 0.19387755102040816 0.006498688861019268
takes 0.00558659217877095 0.05612244897959184 0.0003135332345228594
help 0.00558659217877095 0.10204081632653061 0.000570060426405199
helps 0.00558659217877095 0.015306122448979591 8.550906396077984e-05
sumi 0.0335195530726257 0.00510204081632653 0.00017101812792155968
but 0.0111731843575419 0.3112244897959184 0.003477368601071714
frequently 0.00558659217877095 0.00510204081632653 2.8503021320259948e-05
starts 0.00558659217877095 0.05102040816326531 0.0002850302132025995
to 0.027932960893854747 0.7806122448979592 0.02180481130999886
follow 0.00558659217877095 0.015306122448979591 8.550906396077984e-05
her 0.03910614525139665 0.2755102040816326 0.010774142059058259
and 0.0335195530726257 0.8571428571428571 0.028731045490822026
revels 0.00558659217877095 0.00510204081632653 2.8503021320259948e-05
that 0.01675977653631285 0.40816326530612246 0.006840725116862388
he 0.0223463687150838 0.34183673469387754 0.007638809713829666
knows 0.00558659217877095 0.02040816326530612 0.00011401208528103979
her 0.03910614525139665 0.2755102040816326 0.010774142059058259
love 0.00558659217877095 0.09183673469387756 0.0005130543837646791
for 0.027932960893854747 0.3877551020408163 0.010831148101698778
sex 0.00558659217877095 0.03571428571428571 0.00019952114924181962
and 0.0335195530726257 0.8571428571428571 0.028731045490822026
that 0.01675977653631285 0.40816326530612246 0.006840725116862388
he 0.0223463687150838 0.34183673469387754 0.007638809713829666
to 0.027932960893854747 0.7806122448979592 0.02180481130999886
loves 0.0111731843575419 0.02040816326530612 0.00022802417056207958
convinces 0.00558659217877095 0.01020408163265306 5.7006042640519895e-05
sumi 0.0335195530726257 0.00510204081632653 0.00017101812792155968
that 0.01675977653631285 0.40816326530612246 0.006840725116862388
they 0.00558659217877095 0.28061224489795916 0.001567666172614297
marry 0.00558659217877095 0.03571428571428571 0.00019952114924181962
for 0.027932960893854747 0.3877551020408163 0.010831148101698778
their 0.01675977653631285 0.3520408163265306 0.005900125413293809
family 0.01675977653631285 0.22448979591836735 0.003762398814274313
sake 0.00558659217877095 0.015306122448979591 8.550906396077984e-05
and 0.0335195530726257 0.8571428571428571 0.028731045490822026
live 0.00558659217877095 0.05612244897959184 0.0003135332345228594
their 0.01675977653631285 0.3520408163265306 0.005900125413293809
individual 0.00558659217877095 0.00510204081632653 2.8503021320259948e-05
and 0.0335195530726257 0.8571428571428571 0.028731045490822026
sumi 0.0335195530726257 0.00510204081632653 0.00017101812792155968
get 0.00558659217877095 0.0663265306122449 0.00037053927716337935
married 0.00558659217877095 0.015306122448979591 8.550906396077984e-05
where 0.00558659217877095 0.11224489795918367 0.0006270664690457188
shardul 0.0111731843575419 0.00510204081632653 5.7006042640519895e-05
spends 0.00558659217877095 0.00510204081632653 2.8503021320259948e-05
time 0.00558659217877095 0.14795918367346939 0.0008265876182875385
with 0.01675977653631285 0.4387755102040816 0.007353779500627066
his 0.0111731843575419 0.44387755102040816 0.004959525709725231
boyfriend 0.00558659217877095 0.03571428571428571 0.00019952114924181962
kabir 0.00558659217877095 0.00510204081632653 2.8503021320259948e-05
while 0.00558659217877095 0.12244897959183673 0.0006840725116862387
sumi 0.0335195530726257 0.00510204081632653 0.00017101812792155968
falls 0.00558659217877095 0.03571428571428571 0.00019952114924181962
for 0.027932960893854747 0.3877551020408163 0.010831148101698778
the 0.0111731843575419 0.9540816326530612 0.010660129973777221
problem 0.00558659217877095 0.02040816326530612 0.00011401208528103979
arises 0.00558659217877095 0.01020408163265306 5.7006042640519895e-05
when 0.00558659217877095 0.27040816326530615 0.0015106601299737774
their 0.01675977653631285 0.3520408163265306 0.005900125413293809
families 0.00558659217877095 0.01020408163265306 5.7006042640519895e-05
force 0.00558659217877095 0.025510204081632654 0.00014251510660129974
to 0.027932960893854747 0.7806122448979592 0.02180481130999886
kids 0.00558659217877095 0.02040816326530612 0.00011401208528103979
