still 0.006802721088435374 0.02040816326530612 0.00013883104262113008
living 0.006802721088435374 0.05612244897959184 0.0003817853672081077
under 0.013605442176870748 0.0663265306122449 0.0009024017770373455
the 0.04081632653061224 0.9540816326530612 0.038942107455226985
roof 0.006802721088435374 0.01020408163265306 6.941552131056504e-05
the 0.04081632653061224 0.9540816326530612 0.038942107455226985
moscow 0.006802721088435374 0.05102040816326531 0.0003470776065528252
couple 0.006802721088435374 0.03571428571428571 0.00024295432458697764
boris 0.013605442176870748 0.01020408163265306 0.00013883104262113008
and 0.034013605442176874 0.8571428571428571 0.02915451895043732
zhenya 0.013605442176870748 0.00510204081632653 6.941552131056504e-05
is 0.034013605442176874 0.5663265306122449 0.0192628071636818
in 0.013605442176870748 0.7346938775510204 0.009995835068721367
the 0.04081632653061224 0.9540816326530612 0.038942107455226985
terrible 0.006802721088435374 0.015306122448979591 0.00010412328196584755
final 0.006802721088435374 0.02040816326530612 0.00013883104262113008
stages 0.006802721088435374 0.00510204081632653 3.470776065528252e-05
a 0.027210884353741496 0.8826530612244898 0.024017770373455503
bitter 0.006802721088435374 0.01020408163265306 6.941552131056504e-05
divorce 0.006802721088435374 0.01020408163265306 6.941552131056504e-05
under 0.013605442176870748 0.0663265306122449 0.0009024017770373455
circumstances 0.006802721088435374 0.01020408163265306 6.941552131056504e-05
as 0.013605442176870748 0.3469387755102041 0.004720255449118423
already 0.013605442176870748 0.01020408163265306 0.00013883104262113008
found 0.006802721088435374 0.030612244897959183 0.0002082465639316951
new 0.006802721088435374 0.1377551020408163 0.0009371095376926279
partners 0.006802721088435374 0.01020408163265306 6.941552131056504e-05
the 0.04081632653061224 0.9540816326530612 0.038942107455226985
insults 0.006802721088435374 0.00510204081632653 3.470776065528252e-05
pour 0.006802721088435374 0.00510204081632653 3.470776065528252e-05
like 0.006802721088435374 0.03571428571428571 0.00024295432458697764
rain 0.006802721088435374 0.00510204081632653 3.470776065528252e-05
in 0.013605442176870748 0.7346938775510204 0.009995835068721367
this 0.013605442176870748 0.17346938775510204 0.0023601277245592113
toxic 0.006802721088435374 0.00510204081632653 3.470776065528252e-05
familial 0.006802721088435374 0.00510204081632653 3.470776065528252e-05
battle 0.006802721088435374 0.061224489795918366 0.0004164931278633902
zone 0.006802721088435374 0.01020408163265306 6.941552131056504e-05
always 0.006802721088435374 0.02040816326530612 0.00013883104262113008
pivoting 0.006802721088435374 0.00510204081632653 3.470776065528252e-05
around 0.006802721088435374 0.08673469387755102 0.0005900319311398028
the 0.04081632653061224 0.9540816326530612 0.038942107455226985
irresolvable 0.006802721088435374 0.00510204081632653 3.470776065528252e-05
and 0.034013605442176874 0.8571428571428571 0.02915451895043732
urgent 0.006802721088435374 0.00510204081632653 3.470776065528252e-05
matter 0.006802721088435374 0.00510204081632653 3.470776065528252e-05
alyosha 0.013605442176870748 0.00510204081632653 6.941552131056504e-05
custody 0.006802721088435374 0.00510204081632653 3.470776065528252e-05
their 0.006802721088435374 0.3520408163265306 0.0023948354852144937
son 0.006802721088435374 0.08163265306122448 0.0005553241704845203
unheard 0.006802721088435374 0.00510204081632653 3.470776065528252e-05
unloved 0.006802721088435374 0.00510204081632653 3.470776065528252e-05
and 0.034013605442176874 0.8571428571428571 0.02915451895043732
all 0.006802721088435374 0.17346938775510204 0.0011800638622796056
unwanted 0.006802721088435374 0.00510204081632653 3.470776065528252e-05
the 0.04081632653061224 0.9540816326530612 0.038942107455226985
introverted 0.006802721088435374 0.00510204081632653 3.470776065528252e-05
and 0.034013605442176874 0.8571428571428571 0.02915451895043732
unhappy 0.006802721088435374 0.01020408163265306 6.941552131056504e-05
boy 0.006802721088435374 0.030612244897959183 0.0002082465639316951
feels 0.006802721088435374 0.01020408163265306 6.941552131056504e-05
that 0.02040816326530612 0.40816326530612246 0.008329862557267805
he 0.013605442176870748 0.34183673469387754 0.004650839927807858
is 0.034013605442176874 0.5663265306122449 0.0192628071636818
an 0.006802721088435374 0.3622448979591837 0.002464251006525059
intolerable 0.006802721088435374 0.00510204081632653 3.470776065528252e-05
burden 0.006802721088435374 0.00510204081632653 3.470776065528252e-05
however 0.006802721088435374 0.04081632653061224 0.00027766208524226016
what 0.006802721088435374 0.1377551020408163 0.0009371095376926279
his 0.006802721088435374 0.44387755102040816 0.0030195751770095793
parents 0.006802721088435374 0.025510204081632654 0.0001735388032764126
know 0.006802721088435374 0.07142857142857142 0.00048590864917395527
is 0.034013605442176874 0.5663265306122449 0.0192628071636818
that 0.02040816326530612 0.40816326530612246 0.008329862557267805
he 0.013605442176870748 0.34183673469387754 0.004650839927807858
can 0.006802721088435374 0.08673469387755102 0.0005900319311398028
hear 0.006802721088435374 0.00510204081632653 3.470776065528252e-05
every 0.006802721088435374 0.03571428571428571 0.00024295432458697764
single 0.006802721088435374 0.030612244897959183 0.0002082465639316951
word 0.006802721088435374 0.01020408163265306 6.941552131056504e-05
as 0.013605442176870748 0.3469387755102041 0.004720255449118423
a 0.027210884353741496 0.8826530612244898 0.024017770373455503
result 0.006802721088435374 0.01020408163265306 6.941552131056504e-05
when 0.006802721088435374 0.27040816326530615 0.0018395113147299737
boris 0.013605442176870748 0.01020408163265306 0.00013883104262113008
and 0.034013605442176874 0.8571428571428571 0.02915451895043732
zhenya 0.013605442176870748 0.00510204081632653 6.941552131056504e-05
finally 0.006802721088435374 0.03571428571428571 0.00024295432458697764
realize 0.006802721088435374 0.01020408163265306 6.941552131056504e-05
that 0.02040816326530612 0.40816326530612246 0.008329862557267805
alyosha 0.013605442176870748 0.00510204081632653 6.941552131056504e-05
missing 0.006802721088435374 0.02040816326530612 0.00013883104262113008
for 0.006802721088435374 0.3877551020408163 0.0026377898098014713
nearly 0.006802721088435374 0.01020408163265306 6.941552131056504e-05
two 0.006802721088435374 0.12755102040816327 0.000867694016382063
days 0.006802721088435374 0.025510204081632654 0.0001735388032764126
it 0.006802721088435374 0.2193877551020408 0.0014924337081771483
is 0.034013605442176874 0.5663265306122449 0.0192628071636818
already 0.013605442176870748 0.01020408163265306 0.00013883104262113008
late 0.006802721088435374 0.02040816326530612 0.00013883104262113008
but 0.006802721088435374 0.3112244897959184 0.0021171733999722337
is 0.034013605442176874 0.5663265306122449 0.0192628071636818
this 0.013605442176870748 0.17346938775510204 0.0023601277245592113
a 0.027210884353741496 0.8826530612244898 0.024017770373455503
simple 0.006802721088435374 0.025510204081632654 0.0001735388032764126
case 0.006802721088435374 0.030612244897959183 0.0002082465639316951
a 0.027210884353741496 0.8826530612244898 0.024017770373455503
runaway 0.006802721088435374 0.00510204081632653 3.470776065528252e-05
teenager 0.006802721088435374 0.01020408163265306 6.941552131056504e-05
riganas 0.006802721088435374 0.02040816326530612 0.00013883104262113008
