after 0.034482758620689655 0.1989795918367347 0.006861365235749472
going 0.034482758620689655 0.03571428571428571 0.0012315270935960591
to 0.06896551724137931 0.7806122448979592 0.05383532723434201
extremes 0.034482758620689655 0.00510204081632653 0.00017593244194229413
to 0.06896551724137931 0.7806122448979592 0.05383532723434201
cover 0.034482758620689655 0.015306122448979591 0.0005277973258268825
an 0.034482758620689655 0.3622448979591837 0.012491203377902885
accident 0.034482758620689655 0.025510204081632654 0.0008796622097114708
a 0.06896551724137931 0.8826530612244898 0.06087262491203378
corrupt 0.034482758620689655 0.015306122448979591 0.0005277973258268825
cop 0.034482758620689655 0.03571428571428571 0.0012315270935960591
life 0.034482758620689655 0.20408163265306123 0.007037297677691766
spirals 0.034482758620689655 0.01020408163265306 0.00035186488388458826
out 0.034482758620689655 0.18877551020408162 0.006509500351864883
control 0.034482758620689655 0.04591836734693878 0.0015833919774806474
when 0.034482758620689655 0.27040816326530615 0.009324419422941592
he 0.034482758620689655 0.34183673469387754 0.011787473610133709
starts 0.034482758620689655 0.05102040816326531 0.0017593244194229415
receiving 0.034482758620689655 0.00510204081632653 0.00017593244194229413
threats 0.034482758620689655 0.01020408163265306 0.00035186488388458826
from 0.034482758620689655 0.3520408163265306 0.012139338494018296
a 0.06896551724137931 0.8826530612244898 0.06087262491203378
mysterious 0.034482758620689655 0.08673469387755102 0.0029908515130190006
witness 0.034482758620689655 0.00510204081632653 0.00017593244194229413
