on 0.01694915254237288 0.3520408163265306 0.005966793497059841
the 0.0423728813559322 0.9540816326530612 0.04042718782428226
outskirts 0.00847457627118644 0.00510204081632653 4.323763403666551e-05
a 0.03389830508474576 0.8826530612244898 0.029920442753372536
small 0.01694915254237288 0.07653061224489796 0.0012971290210999655
coastal 0.00847457627118644 0.00510204081632653 4.323763403666551e-05
town 0.00847457627118644 0.05102040816326531 0.00043237634036665516
in 0.01694915254237288 0.7346938775510204 0.012452438602559669
the 0.0423728813559322 0.9540816326530612 0.04042718782428226
barents 0.00847457627118644 0.00510204081632653 4.323763403666551e-05
sea 0.00847457627118644 0.015306122448979591 0.00012971290210999655
where 0.00847457627118644 0.11224489795918367 0.0009512279488066413
whales 0.00847457627118644 0.00510204081632653 4.323763403666551e-05
sometimes 0.00847457627118644 0.01020408163265306 8.647526807333102e-05
come 0.00847457627118644 0.025510204081632654 0.00021618817018332758
to 0.03389830508474576 0.7806122448979592 0.026461432030439297
bay 0.00847457627118644 0.00510204081632653 4.323763403666551e-05
lives 0.00847457627118644 0.12244897959183673 0.0010377032168799724
an 0.01694915254237288 0.3622448979591837 0.0061397440332065034
ordinary 0.00847457627118644 0.03571428571428571 0.00030266343825665856
family 0.01694915254237288 0.22448979591836735 0.0038049117952265654
kolya 0.025423728813559324 0.00510204081632653 0.00012971290210999655
aleksey 0.00847457627118644 0.00510204081632653 4.323763403666551e-05
serebryakov 0.00847457627118644 0.00510204081632653 4.323763403666551e-05
his 0.01694915254237288 0.44387755102040816 0.007523348322379799
wife 0.00847457627118644 0.05612244897959184 0.0004756139744033207
lilya 0.00847457627118644 0.00510204081632653 4.323763403666551e-05
elena 0.00847457627118644 0.01020408163265306 8.647526807333102e-05
lyadova 0.00847457627118644 0.00510204081632653 4.323763403666551e-05
and 0.025423728813559324 0.8571428571428571 0.02179176755447942
their 0.01694915254237288 0.3520408163265306 0.005966793497059841
teenage 0.00847457627118644 0.025510204081632654 0.00021618817018332758
son 0.00847457627118644 0.08163265306122448 0.0006918021445866481
romka 0.00847457627118644 0.00510204081632653 4.323763403666551e-05
the 0.0423728813559322 0.9540816326530612 0.04042718782428226
family 0.01694915254237288 0.22448979591836735 0.0038049117952265654
is 0.01694915254237288 0.5663265306122449 0.009598754756139744
haunted 0.00847457627118644 0.00510204081632653 4.323763403666551e-05
by 0.00847457627118644 0.33163265306122447 0.0028104462123832584
a 0.03389830508474576 0.8826530612244898 0.029920442753372536
local 0.00847457627118644 0.025510204081632654 0.00021618817018332758
corrupted 0.00847457627118644 0.00510204081632653 4.323763403666551e-05
mayor 0.01694915254237288 0.01020408163265306 0.00017295053614666204
roman 0.00847457627118644 0.00510204081632653 4.323763403666551e-05
madyanov 0.00847457627118644 0.00510204081632653 4.323763403666551e-05
who 0.01694915254237288 0.39285714285714285 0.006658595641646489
is 0.01694915254237288 0.5663265306122449 0.009598754756139744
trying 0.00847457627118644 0.030612244897959183 0.0002594258042199931
to 0.03389830508474576 0.7806122448979592 0.026461432030439297
take 0.00847457627118644 0.09183673469387756 0.0007782774126599793
away 0.00847457627118644 0.04081632653061224 0.00034590107229332407
the 0.0423728813559322 0.9540816326530612 0.04042718782428226
land 0.00847457627118644 0.030612244897959183 0.0002594258042199931
a 0.03389830508474576 0.8826530612244898 0.029920442753372536
house 0.00847457627118644 0.061224489795918366 0.0005188516084399862
and 0.025423728813559324 0.8571428571428571 0.02179176755447942
a 0.03389830508474576 0.8826530612244898 0.029920442753372536
small 0.01694915254237288 0.07653061224489796 0.0012971290210999655
auto 0.00847457627118644 0.015306122448979591 0.00012971290210999655
repair 0.00847457627118644 0.00510204081632653 4.323763403666551e-05
shop 0.00847457627118644 0.00510204081632653 4.323763403666551e-05
from 0.00847457627118644 0.3520408163265306 0.0029833967485299205
kolya 0.025423728813559324 0.00510204081632653 0.00012971290210999655
to 0.03389830508474576 0.7806122448979592 0.026461432030439297
save 0.00847457627118644 0.030612244897959183 0.0002594258042199931
their 0.01694915254237288 0.3520408163265306 0.005966793497059841
homes 0.00847457627118644 0.00510204081632653 4.323763403666551e-05
kolya 0.025423728813559324 0.00510204081632653 0.00012971290210999655
calls 0.00847457627118644 0.01020408163265306 8.647526807333102e-05
his 0.01694915254237288 0.44387755102040816 0.007523348322379799
old 0.00847457627118644 0.05612244897959184 0.0004756139744033207
army 0.00847457627118644 0.025510204081632654 0.00021618817018332758
friend 0.00847457627118644 0.0663265306122449 0.0005620892424766517
in 0.01694915254237288 0.7346938775510204 0.012452438602559669
moscow 0.00847457627118644 0.05102040816326531 0.00043237634036665516
vladimir 0.00847457627118644 0.01020408163265306 8.647526807333102e-05
vdovichenkov 0.00847457627118644 0.00510204081632653 4.323763403666551e-05
who 0.01694915254237288 0.39285714285714285 0.006658595641646489
now 0.00847457627118644 0.07653061224489796 0.0006485645105499827
become 0.00847457627118644 0.05612244897959184 0.0004756139744033207
an 0.01694915254237288 0.3622448979591837 0.0061397440332065034
authoritative 0.00847457627118644 0.00510204081632653 4.323763403666551e-05
attorney 0.00847457627118644 0.00510204081632653 4.323763403666551e-05
together 0.00847457627118644 0.05612244897959184 0.0004756139744033207
they 0.00847457627118644 0.28061224489795916 0.002378069872016603
decide 0.00847457627118644 0.03571428571428571 0.00030266343825665856
to 0.03389830508474576 0.7806122448979592 0.026461432030439297
fight 0.00847457627118644 0.03571428571428571 0.00030266343825665856
back 0.00847457627118644 0.08673469387755102 0.0007350397786233138
and 0.025423728813559324 0.8571428571428571 0.02179176755447942
collect 0.00847457627118644 0.00510204081632653 4.323763403666551e-05
dirt 0.00847457627118644 0.00510204081632653 4.323763403666551e-05
on 0.01694915254237288 0.3520408163265306 0.005966793497059841
the 0.0423728813559322 0.9540816326530612 0.04042718782428226
mayor 0.01694915254237288 0.01020408163265306 0.00017295053614666204
