chernobyl 0.011627906976744186 0.00510204081632653 5.932605600379686e-05
the 0.10465116279069768 0.9540816326530612 0.09984575225439013
abyss 0.005813953488372093 0.00510204081632653 2.966302800189843e-05
is 0.023255813953488372 0.5663265306122449 0.013170384432842904
the 0.10465116279069768 0.9540816326530612 0.09984575225439013
first 0.005813953488372093 0.08163265306122448 0.0004746084480303749
major 0.005813953488372093 0.04081632653061224 0.00023730422401518745
russian 0.005813953488372093 0.04081632653061224 0.00023730422401518745
feature 0.005813953488372093 0.00510204081632653 2.966302800189843e-05
film 0.011627906976744186 0.061224489795918366 0.0007119126720455624
the 0.10465116279069768 0.9540816326530612 0.09984575225439013
aftermath 0.005813953488372093 0.01020408163265306 5.932605600379686e-05
the 0.10465116279069768 0.9540816326530612 0.09984575225439013
explosion 0.005813953488372093 0.00510204081632653 2.966302800189843e-05
at 0.011627906976744186 0.23469387755102042 0.002728998576174656
the 0.10465116279069768 0.9540816326530612 0.09984575225439013
chernobyl 0.011627906976744186 0.00510204081632653 5.932605600379686e-05
nuclear 0.005813953488372093 0.00510204081632653 2.966302800189843e-05
power 0.011627906976744186 0.05102040816326531 0.0005932605600379687
station 0.011627906976744186 0.025510204081632654 0.00029663028001898433
when 0.005813953488372093 0.27040816326530615 0.001572140484100617
hundreds 0.005813953488372093 0.00510204081632653 2.966302800189843e-05
people 0.005813953488372093 0.11734693877551021 0.000682249644043664
sacrificed 0.005813953488372093 0.00510204081632653 2.966302800189843e-05
their 0.011627906976744186 0.3520408163265306 0.004093497864261984
lives 0.011627906976744186 0.12244897959183673 0.0014238253440911248
to 0.03488372093023256 0.7806122448979592 0.027230659705742764
clean 0.005813953488372093 0.01020408163265306 5.932605600379686e-05
the 0.10465116279069768 0.9540816326530612 0.09984575225439013
site 0.005813953488372093 0.00510204081632653 2.966302800189843e-05
the 0.10465116279069768 0.9540816326530612 0.09984575225439013
catastrophe 0.011627906976744186 0.00510204081632653 5.932605600379686e-05
and 0.011627906976744186 0.8571428571428571 0.009966777408637873
to 0.03488372093023256 0.7806122448979592 0.027230659705742764
successfully 0.005813953488372093 0.00510204081632653 2.966302800189843e-05
prevent 0.011627906976744186 0.00510204081632653 5.932605600379686e-05
an 0.023255813953488372 0.3622448979591837 0.008424299952539155
even 0.011627906976744186 0.07142857142857142 0.0008305647840531561
bigger 0.005813953488372093 0.01020408163265306 5.932605600379686e-05
disaster 0.005813953488372093 0.01020408163265306 5.932605600379686e-05
that 0.005813953488372093 0.40816326530612246 0.0023730422401518746
could 0.005813953488372093 0.030612244897959183 0.0001779781680113906
turned 0.005813953488372093 0.04081632653061224 0.00023730422401518745
a 0.029069767441860465 0.8826530612244898 0.025658519221642147
large 0.005813953488372093 0.015306122448979591 8.89890840056953e-05
part 0.005813953488372093 0.04081632653061224 0.00023730422401518745
the 0.10465116279069768 0.9540816326530612 0.09984575225439013
european 0.005813953488372093 0.01020408163265306 5.932605600379686e-05
continent 0.005813953488372093 0.01020408163265306 5.932605600379686e-05
an 0.023255813953488372 0.3622448979591837 0.008424299952539155
uninhabitable 0.005813953488372093 0.00510204081632653 2.966302800189843e-05
exclusion 0.005813953488372093 0.00510204081632653 2.966302800189843e-05
zone 0.005813953488372093 0.01020408163265306 5.932605600379686e-05
the 0.10465116279069768 0.9540816326530612 0.09984575225439013
unlikely 0.005813953488372093 0.01020408163265306 5.932605600379686e-05
hero 0.005813953488372093 0.025510204081632654 0.00014831514000949216
the 0.10465116279069768 0.9540816326530612 0.09984575225439013
film 0.011627906976744186 0.061224489795918366 0.0007119126720455624
is 0.023255813953488372 0.5663265306122449 0.013170384432842904
alexey 0.005813953488372093 0.00510204081632653 2.966302800189843e-05
a 0.029069767441860465 0.8826530612244898 0.025658519221642147
fireman 0.005813953488372093 0.00510204081632653 2.966302800189843e-05
at 0.011627906976744186 0.23469387755102042 0.002728998576174656
the 0.10465116279069768 0.9540816326530612 0.09984575225439013
power 0.011627906976744186 0.05102040816326531 0.0005932605600379687
station 0.011627906976744186 0.025510204081632654 0.00029663028001898433
he 0.005813953488372093 0.34183673469387754 0.001987422876127195
is 0.023255813953488372 0.5663265306122449 0.013170384432842904
accompanied 0.005813953488372093 0.01020408163265306 5.932605600379686e-05
by 0.011627906976744186 0.33163265306122447 0.003856193640246796
valery 0.005813953488372093 0.00510204081632653 2.966302800189843e-05
an 0.023255813953488372 0.3622448979591837 0.008424299952539155
engineer 0.005813953488372093 0.00510204081632653 2.966302800189843e-05
and 0.011627906976744186 0.8571428571428571 0.009966777408637873
boris 0.005813953488372093 0.01020408163265306 5.932605600379686e-05
a 0.029069767441860465 0.8826530612244898 0.025658519221642147
military 0.005813953488372093 0.015306122448979591 8.89890840056953e-05
diver 0.005813953488372093 0.00510204081632653 2.966302800189843e-05
on 0.005813953488372093 0.3520408163265306 0.002046748932130992
a 0.029069767441860465 0.8826530612244898 0.025658519221642147
perilous 0.005813953488372093 0.00510204081632653 2.966302800189843e-05
mission 0.005813953488372093 0.07142857142857142 0.00041528239202657803
to 0.03488372093023256 0.7806122448979592 0.027230659705742764
drain 0.005813953488372093 0.00510204081632653 2.966302800189843e-05
water 0.011627906976744186 0.015306122448979591 0.0001779781680113906
from 0.005813953488372093 0.3520408163265306 0.002046748932130992
a 0.029069767441860465 0.8826530612244898 0.025658519221642147
reservoir 0.005813953488372093 0.00510204081632653 2.966302800189843e-05
under 0.005813953488372093 0.0663265306122449 0.00038561936402467967
the 0.10465116279069768 0.9540816326530612 0.09984575225439013
burning 0.005813953488372093 0.01020408163265306 5.932605600379686e-05
reactor 0.01744186046511628 0.00510204081632653 8.898908400569529e-05
they 0.011627906976744186 0.28061224489795916 0.0032629330802088274
no 0.005813953488372093 0.07142857142857142 0.00041528239202657803
time 0.005813953488372093 0.14795918367346939 0.0008602278120550546
for 0.005813953488372093 0.3877551020408163 0.002254390128144281
proper 0.005813953488372093 0.00510204081632653 2.966302800189843e-05
planning 0.005813953488372093 0.01020408163265306 5.932605600379686e-05
water 0.011627906976744186 0.015306122448979591 0.0001779781680113906
in 0.011627906976744186 0.7346938775510204 0.00854295206454675
the 0.10465116279069768 0.9540816326530612 0.09984575225439013
flooded 0.005813953488372093 0.00510204081632653 2.966302800189843e-05
corridors 0.005813953488372093 0.00510204081632653 2.966302800189843e-05
they 0.011627906976744186 0.28061224489795916 0.0032629330802088274
will 0.005813953488372093 0.1989795918367347 0.001156858092074039
to 0.03488372093023256 0.7806122448979592 0.027230659705742764
traverse 0.005813953488372093 0.00510204081632653 2.966302800189843e-05
is 0.023255813953488372 0.5663265306122449 0.013170384432842904
getting 0.005813953488372093 0.02040816326530612 0.00011865211200759373
hotter 0.005813953488372093 0.00510204081632653 2.966302800189843e-05
by 0.011627906976744186 0.33163265306122447 0.003856193640246796
the 0.10465116279069768 0.9540816326530612 0.09984575225439013
hour 0.005813953488372093 0.00510204081632653 2.966302800189843e-05
as 0.005813953488372093 0.3469387755102041 0.0020170859041290933
the 0.10465116279069768 0.9540816326530612 0.09984575225439013
molten 0.005813953488372093 0.00510204081632653 2.966302800189843e-05
reactor 0.01744186046511628 0.00510204081632653 8.898908400569529e-05
core 0.005813953488372093 0.01020408163265306 5.932605600379686e-05
seeps 0.005813953488372093 0.00510204081632653 2.966302800189843e-05
ever 0.005813953488372093 0.05102040816326531 0.00029663028001898433
closer 0.005813953488372093 0.025510204081632654 0.00014831514000949216
prepared 0.005813953488372093 0.00510204081632653 2.966302800189843e-05
to 0.03488372093023256 0.7806122448979592 0.027230659705742764
sacrifice 0.005813953488372093 0.00510204081632653 2.966302800189843e-05
their 0.011627906976744186 0.3520408163265306 0.004093497864261984
lives 0.011627906976744186 0.12244897959183673 0.0014238253440911248
in 0.011627906976744186 0.7346938775510204 0.00854295206454675
order 0.005813953488372093 0.04081632653061224 0.00023730422401518745
to 0.03488372093023256 0.7806122448979592 0.027230659705742764
prevent 0.011627906976744186 0.00510204081632653 5.932605600379686e-05
an 0.023255813953488372 0.3622448979591837 0.008424299952539155
even 0.011627906976744186 0.07142857142857142 0.0008305647840531561
greater 0.005813953488372093 0.00510204081632653 2.966302800189843e-05
catastrophe 0.011627906976744186 0.00510204081632653 5.932605600379686e-05
the 0.10465116279069768 0.9540816326530612 0.09984575225439013
three 0.005813953488372093 0.030612244897959183 0.0001779781680113906
men 0.005813953488372093 0.04591836734693878 0.0002669672520170859
descend 0.005813953488372093 0.00510204081632653 2.966302800189843e-05
the 0.10465116279069768 0.9540816326530612 0.09984575225439013
depths 0.005813953488372093 0.01020408163265306 5.932605600379686e-05
the 0.10465116279069768 0.9540816326530612 0.09984575225439013
reactor 0.01744186046511628 0.00510204081632653 8.898908400569529e-05
building 0.005813953488372093 0.015306122448979591 8.89890840056953e-05
