the 0.041666666666666664 0.9540816326530612 0.03975340136054421
emotional 0.041666666666666664 0.03571428571428571 0.001488095238095238
journey 0.041666666666666664 0.08163265306122448 0.0034013605442176865
arun 0.041666666666666664 0.015306122448979591 0.0006377551020408163
his 0.041666666666666664 0.44387755102040816 0.018494897959183673
carefree 0.041666666666666664 0.00510204081632653 0.0002125850340136054
bachelor 0.041666666666666664 0.00510204081632653 0.0002125850340136054
days 0.041666666666666664 0.025510204081632654 0.001062925170068027
in 0.041666666666666664 0.7346938775510204 0.030612244897959183
engineering 0.041666666666666664 0.01020408163265306 0.0004251700680272108
college 0.041666666666666664 0.02040816326530612 0.0008503401360544216
and 0.041666666666666664 0.8571428571428571 0.03571428571428571
how 0.041666666666666664 0.09183673469387756 0.003826530612244898
he 0.041666666666666664 0.34183673469387754 0.014243197278911563
matures 0.041666666666666664 0.00510204081632653 0.0002125850340136054
through 0.041666666666666664 0.08163265306122448 0.0034013605442176865
various 0.041666666666666664 0.025510204081632654 0.001062925170068027
phases 0.041666666666666664 0.01020408163265306 0.0004251700680272108
life 0.041666666666666664 0.20408163265306123 0.008503401360544217
