sartaj 0.017543859649122806 0.00510204081632653 8.95094880057286e-05
singh 0.017543859649122806 0.015306122448979591 0.0002685284640171858
a 0.08771929824561403 0.8826530612244898 0.07742570712495525
mumbai 0.017543859649122806 0.01020408163265306 0.0001790189760114572
police 0.017543859649122806 0.08163265306122448 0.0014321518080916576
officer 0.017543859649122806 0.04591836734693878 0.0008055853920515575
receives 0.017543859649122806 0.015306122448979591 0.0002685284640171858
an 0.017543859649122806 0.3622448979591837 0.006355173648406731
anonymous 0.017543859649122806 0.01020408163265306 0.0001790189760114572
phone 0.017543859649122806 0.01020408163265306 0.0001790189760114572
call 0.017543859649122806 0.01020408163265306 0.0001790189760114572
from 0.017543859649122806 0.3520408163265306 0.006176154672395274
a 0.08771929824561403 0.8826530612244898 0.07742570712495525
gangster 0.03508771929824561 0.02040816326530612 0.0007160759040458288
who 0.03508771929824561 0.39285714285714285 0.013784461152882205
threatens 0.017543859649122806 0.01020408163265306 0.0001790189760114572
to 0.03508771929824561 0.7806122448979592 0.027389903329752954
blow 0.017543859649122806 0.00510204081632653 8.95094880057286e-05
the 0.03508771929824561 0.9540816326530612 0.033476548514142494
entire 0.017543859649122806 0.01020408163265306 0.0001790189760114572
city 0.017543859649122806 0.09183673469387756 0.001611170784103115
amid 0.017543859649122806 0.00510204081632653 8.95094880057286e-05
the 0.03508771929824561 0.9540816326530612 0.033476548514142494
corrupt 0.017543859649122806 0.015306122448979591 0.0002685284640171858
standards 0.017543859649122806 0.00510204081632653 8.95094880057286e-05
indian 0.017543859649122806 0.030612244897959183 0.0005370569280343716
law 0.017543859649122806 0.01020408163265306 0.0001790189760114572
enforcement 0.017543859649122806 0.00510204081632653 8.95094880057286e-05
begins 0.017543859649122806 0.07142857142857142 0.0012531328320802004
a 0.08771929824561403 0.8826530612244898 0.07742570712495525
battle 0.017543859649122806 0.061224489795918366 0.0010741138560687433
a 0.08771929824561403 0.8826530612244898 0.07742570712495525
cop 0.017543859649122806 0.03571428571428571 0.0006265664160401002
and 0.017543859649122806 0.8571428571428571 0.015037593984962405
ruthless 0.017543859649122806 0.025510204081632654 0.00044754744002864304
gangster 0.03508771929824561 0.02040816326530612 0.0007160759040458288
who 0.03508771929824561 0.39285714285714285 0.013784461152882205
perceives 0.017543859649122806 0.00510204081632653 8.95094880057286e-05
sometimes 0.017543859649122806 0.01020408163265306 0.0001790189760114572
to 0.03508771929824561 0.7806122448979592 0.027389903329752954
a 0.08771929824561403 0.8826530612244898 0.07742570712495525
god 0.017543859649122806 0.01020408163265306 0.0001790189760114572
theories 0.017543859649122806 0.00510204081632653 8.95094880057286e-05
