indian 0.015873015873015872 0.030612244897959183 0.00048590864917395527
revolutionary 0.015873015873015872 0.00510204081632653 8.098477486232587e-05
udham 0.031746031746031744 0.00510204081632653 0.00016196954972465174
singh 0.031746031746031744 0.015306122448979591 0.00048590864917395527
who 0.047619047619047616 0.39285714285714285 0.01870748299319728
better 0.015873015873015872 0.01020408163265306 0.00016196954972465174
known 0.015873015873015872 0.05612244897959184 0.0008908325234855847
for 0.015873015873015872 0.3877551020408163 0.006154842889536767
the 0.06349206349206349 0.9540816326530612 0.060576611597019756
assassination 0.015873015873015872 0.00510204081632653 8.098477486232587e-05
michael 0.015873015873015872 0.015306122448979591 0.00024295432458697764
o 0.015873015873015872 0.00510204081632653 8.098477486232587e-05
dwyer 0.015873015873015872 0.00510204081632653 8.098477486232587e-05
in 0.015873015873015872 0.7346938775510204 0.011661807580174927
london 0.015873015873015872 0.01020408163265306 0.00016196954972465174
who 0.047619047619047616 0.39285714285714285 0.01870748299319728
behind 0.015873015873015872 0.05612244897959184 0.0008908325234855847
the 0.06349206349206349 0.9540816326530612 0.060576611597019756
jallianwala 0.015873015873015872 0.00510204081632653 8.098477486232587e-05
bagh 0.015873015873015872 0.00510204081632653 8.098477486232587e-05
massacre 0.031746031746031744 0.01020408163265306 0.0003239390994493035
on 0.031746031746031744 0.3520408163265306 0.01117589893100097
april 0.015873015873015872 0.00510204081632653 8.098477486232587e-05
the 0.06349206349206349 0.9540816326530612 0.060576611597019756
story 0.015873015873015872 0.12755102040816327 0.002024619371558147
sets 0.015873015873015872 0.05612244897959184 0.0008908325234855847
out 0.015873015873015872 0.18877551020408162 0.002996436669906057
how 0.015873015873015872 0.09183673469387756 0.0014577259475218659
udham 0.031746031746031744 0.00510204081632653 0.00016196954972465174
singh 0.031746031746031744 0.015306122448979591 0.00048590864917395527
survived 0.015873015873015872 0.00510204081632653 8.098477486232587e-05
the 0.06349206349206349 0.9540816326530612 0.060576611597019756
massacre 0.031746031746031744 0.01020408163265306 0.0003239390994493035
on 0.031746031746031744 0.3520408163265306 0.01117589893100097
day 0.015873015873015872 0.09183673469387756 0.0014577259475218659
baisakhi 0.015873015873015872 0.00510204081632653 8.098477486232587e-05
killed 0.015873015873015872 0.025510204081632654 0.0004049238743116294
around 0.031746031746031744 0.08673469387755102 0.00275348234531908
people 0.015873015873015872 0.11734693877551021 0.0018626498218334952
and 0.031746031746031744 0.8571428571428571 0.027210884353741492
injured 0.015873015873015872 0.00510204081632653 8.098477486232587e-05
around 0.031746031746031744 0.08673469387755102 0.00275348234531908
and 0.031746031746031744 0.8571428571428571 0.027210884353741492
avenges 0.015873015873015872 0.00510204081632653 8.098477486232587e-05
who 0.047619047619047616 0.39285714285714285 0.01870748299319728
died 0.015873015873015872 0.02040816326530612 0.0003239390994493035
