takes 0.06666666666666667 0.05612244897959184 0.0037414965986394557
on 0.06666666666666667 0.3520408163265306 0.02346938775510204
a 0.06666666666666667 0.8826530612244898 0.058843537414965986
journey 0.06666666666666667 0.08163265306122448 0.005442176870748299
the 0.06666666666666667 0.9540816326530612 0.06360544217687075
deep 0.06666666666666667 0.015306122448979591 0.001020408163265306
rooted 0.06666666666666667 0.00510204081632653 0.0003401360544217687
intricacies 0.06666666666666667 0.00510204081632653 0.0003401360544217687
modern 0.06666666666666667 0.015306122448979591 0.001020408163265306
human 0.06666666666666667 0.05612244897959184 0.0037414965986394557
relationships 0.06666666666666667 0.00510204081632653 0.0003401360544217687
