biographical 0.012987012987012988 0.00510204081632653 6.626027034190299e-05
film 0.012987012987012988 0.061224489795918366 0.0007951232441028359
the 0.05194805194805195 0.9540816326530612 0.04956268221574344
inventor 0.012987012987012988 0.00510204081632653 6.626027034190299e-05
and 0.025974025974025976 0.8571428571428571 0.022263450834879406
designer 0.012987012987012988 0.00510204081632653 6.626027034190299e-05
small 0.012987012987012988 0.07653061224489796 0.000993904055128545
arms 0.012987012987012988 0.015306122448979591 0.00019878081102570898
mikhail 0.012987012987012988 0.00510204081632653 6.626027034190299e-05
timofeevich 0.012987012987012988 0.00510204081632653 6.626027034190299e-05
kalashnikov 0.012987012987012988 0.00510204081632653 6.626027034190299e-05
today 0.012987012987012988 0.00510204081632653 6.626027034190299e-05
it 0.012987012987012988 0.2193877551020408 0.002849191624701829
is 0.025974025974025976 0.5663265306122449 0.014709780015902466
difficult 0.012987012987012988 0.02040816326530612 0.00026504108136761196
to 0.03896103896103896 0.7806122448979592 0.030413464086933475
find 0.012987012987012988 0.08163265306122448 0.0010601643254704478
a 0.05194805194805195 0.8826530612244898 0.04585210707659688
person 0.012987012987012988 0.030612244897959183 0.00039756162205141797
who 0.012987012987012988 0.39285714285714285 0.005102040816326531
not 0.025974025974025976 0.14795918367346939 0.003843095679830374
know 0.012987012987012988 0.07142857142857142 0.0009276437847866419
this 0.025974025974025976 0.17346938775510204 0.004505698383249404
name 0.012987012987012988 0.025510204081632654 0.000331301351709515
however 0.012987012987012988 0.04081632653061224 0.0005300821627352239
not 0.025974025974025976 0.14795918367346939 0.003843095679830374
everyone 0.012987012987012988 0.03571428571428571 0.00046382189239332097
knows 0.012987012987012988 0.02040816326530612 0.00026504108136761196
what 0.012987012987012988 0.1377551020408163 0.0017890272992313809
a 0.05194805194805195 0.8826530612244898 0.04585210707659688
long 0.012987012987012988 0.05612244897959184 0.000728862973760933
and 0.025974025974025976 0.8571428571428571 0.022263450834879406
thorny 0.012987012987012988 0.00510204081632653 6.626027034190299e-05
path 0.012987012987012988 0.025510204081632654 0.000331301351709515
traveled 0.012987012987012988 0.00510204081632653 6.626027034190299e-05
a 0.05194805194805195 0.8826530612244898 0.04585210707659688
guy 0.012987012987012988 0.015306122448979591 0.00019878081102570898
to 0.03896103896103896 0.7806122448979592 0.030413464086933475
create 0.012987012987012988 0.02040816326530612 0.00026504108136761196
the 0.05194805194805195 0.9540816326530612 0.04956268221574344
legendary 0.012987012987012988 0.025510204081632654 0.000331301351709515
weapon 0.012987012987012988 0.00510204081632653 6.626027034190299e-05
at 0.012987012987012988 0.23469387755102042 0.003047972435727538
the 0.05194805194805195 0.9540816326530612 0.04956268221574344
age 0.012987012987012988 0.025510204081632654 0.000331301351709515
to 0.03896103896103896 0.7806122448979592 0.030413464086933475
this 0.025974025974025976 0.17346938775510204 0.004505698383249404
day 0.012987012987012988 0.09183673469387756 0.001192684866154254
is 0.025974025974025976 0.5663265306122449 0.014709780015902466
a 0.05194805194805195 0.8826530612244898 0.04585210707659688
symbol 0.012987012987012988 0.00510204081632653 6.626027034190299e-05
the 0.05194805194805195 0.9540816326530612 0.04956268221574344
weapons 0.012987012987012988 0.00510204081632653 6.626027034190299e-05
thought 0.012987012987012988 0.01020408163265306 0.00013252054068380598
time 0.012987012987012988 0.14795918367346939 0.001921547839915187
