farhan 0.008333333333333333 0.00510204081632653 4.2517006802721085e-05
qureshi 0.008333333333333333 0.00510204081632653 4.2517006802721085e-05
and 0.016666666666666666 0.8571428571428571 0.014285714285714285
raju 0.008333333333333333 0.00510204081632653 4.2517006802721085e-05
rastogi 0.008333333333333333 0.00510204081632653 4.2517006802721085e-05
want 0.008333333333333333 0.01020408163265306 8.503401360544217e-05
to 0.016666666666666666 0.7806122448979592 0.013010204081632653
with 0.016666666666666666 0.4387755102040816 0.007312925170068027
their 0.016666666666666666 0.3520408163265306 0.00586734693877551
fellow 0.008333333333333333 0.025510204081632654 0.00021258503401360543
collegian 0.008333333333333333 0.00510204081632653 4.2517006802721085e-05
rancho 0.016666666666666666 0.00510204081632653 8.503401360544217e-05
after 0.008333333333333333 0.1989795918367347 0.0016581632653061224
faking 0.008333333333333333 0.00510204081632653 4.2517006802721085e-05
a 0.025 0.8826530612244898 0.022066326530612246
stroke 0.008333333333333333 0.00510204081632653 4.2517006802721085e-05
aboard 0.008333333333333333 0.00510204081632653 4.2517006802721085e-05
an 0.008333333333333333 0.3622448979591837 0.0030187074829931973
air 0.008333333333333333 0.01020408163265306 8.503401360544217e-05
india 0.008333333333333333 0.04081632653061224 0.0003401360544217687
plane 0.008333333333333333 0.01020408163265306 8.503401360544217e-05
and 0.016666666666666666 0.8571428571428571 0.014285714285714285
excusing 0.008333333333333333 0.00510204081632653 4.2517006802721085e-05
from 0.016666666666666666 0.3520408163265306 0.00586734693877551
his 0.016666666666666666 0.44387755102040816 0.007397959183673469
wife 0.008333333333333333 0.05612244897959184 0.00046768707482993196
trouser 0.008333333333333333 0.00510204081632653 4.2517006802721085e-05
less 0.008333333333333333 0.00510204081632653 4.2517006802721085e-05
respectively 0.008333333333333333 0.00510204081632653 4.2517006802721085e-05
enroute 0.008333333333333333 0.00510204081632653 4.2517006802721085e-05
they 0.016666666666666666 0.28061224489795916 0.00467687074829932
encounter 0.008333333333333333 0.02040816326530612 0.00017006802721088434
another 0.008333333333333333 0.030612244897959183 0.0002551020408163265
student 0.008333333333333333 0.025510204081632654 0.00021258503401360543
chatur 0.008333333333333333 0.00510204081632653 4.2517006802721085e-05
ramalingam 0.008333333333333333 0.00510204081632653 4.2517006802721085e-05
now 0.008333333333333333 0.07653061224489796 0.0006377551020408164
a 0.025 0.8826530612244898 0.022066326530612246
successful 0.008333333333333333 0.00510204081632653 4.2517006802721085e-05
businessman 0.008333333333333333 0.01020408163265306 8.503401360544217e-05
who 0.008333333333333333 0.39285714285714285 0.003273809523809524
reminds 0.008333333333333333 0.00510204081632653 4.2517006802721085e-05
a 0.025 0.8826530612244898 0.022066326530612246
bet 0.008333333333333333 0.00510204081632653 4.2517006802721085e-05
they 0.016666666666666666 0.28061224489795916 0.00467687074829932
undertaken 0.008333333333333333 0.00510204081632653 4.2517006802721085e-05
years 0.008333333333333333 0.12244897959183673 0.001020408163265306
ago 0.008333333333333333 0.025510204081632654 0.00021258503401360543
the 0.025 0.9540816326530612 0.023852040816326532
trio 0.008333333333333333 0.00510204081632653 4.2517006802721085e-05
while 0.008333333333333333 0.12244897959183673 0.001020408163265306
recollecting 0.008333333333333333 0.00510204081632653 4.2517006802721085e-05
hilarious 0.008333333333333333 0.00510204081632653 4.2517006802721085e-05
antics 0.008333333333333333 0.00510204081632653 4.2517006802721085e-05
including 0.008333333333333333 0.025510204081632654 0.00021258503401360543
their 0.016666666666666666 0.3520408163265306 0.00586734693877551
with 0.016666666666666666 0.4387755102040816 0.007312925170068027
the 0.025 0.9540816326530612 0.023852040816326532
dean 0.008333333333333333 0.00510204081632653 4.2517006802721085e-05
delhi 0.008333333333333333 0.015306122448979591 0.00012755102040816325
imperial 0.008333333333333333 0.00510204081632653 4.2517006802721085e-05
college 0.008333333333333333 0.02040816326530612 0.00017006802721088434
engineering 0.008333333333333333 0.01020408163265306 8.503401360544217e-05
viru 0.008333333333333333 0.00510204081632653 4.2517006802721085e-05
sahastrabudhe 0.008333333333333333 0.00510204081632653 4.2517006802721085e-05
race 0.008333333333333333 0.03571428571428571 0.0002976190476190476
to 0.016666666666666666 0.7806122448979592 0.013010204081632653
locate 0.008333333333333333 0.00510204081632653 4.2517006802721085e-05
rancho 0.016666666666666666 0.00510204081632653 8.503401360544217e-05
at 0.008333333333333333 0.23469387755102042 0.0019557823129251702
his 0.016666666666666666 0.44387755102040816 0.007397959183673469
last 0.008333333333333333 0.04591836734693878 0.00038265306122448983
known 0.008333333333333333 0.05612244897959184 0.00046768707482993196
address 0.008333333333333333 0.00510204081632653 4.2517006802721085e-05
little 0.008333333333333333 0.04591836734693878 0.00038265306122448983
knowing 0.008333333333333333 0.025510204081632654 0.00021258503401360543
the 0.025 0.9540816326530612 0.023852040816326532
secret 0.008333333333333333 0.061224489795918366 0.000510204081632653
that 0.008333333333333333 0.40816326530612246 0.003401360544217687
kept 0.008333333333333333 0.00510204081632653 4.2517006802721085e-05
from 0.016666666666666666 0.3520408163265306 0.00586734693877551
all 0.008333333333333333 0.17346938775510204 0.001445578231292517
this 0.008333333333333333 0.17346938775510204 0.001445578231292517
time 0.008333333333333333 0.14795918367346939 0.0012329931972789115
gunwanti 0.008333333333333333 0.00510204081632653 4.2517006802721085e-05
