on 0.037037037037037035 0.3520408163265306 0.013038548752834467
the 0.07407407407407407 0.9540816326530612 0.07067271352985638
day 0.037037037037037035 0.09183673469387756 0.003401360544217687
a 0.1111111111111111 0.8826530612244898 0.09807256235827665
public 0.037037037037037035 0.01020408163265306 0.00037792894935752074
conference 0.037037037037037035 0.00510204081632653 0.00018896447467876037
by 0.037037037037037035 0.33163265306122447 0.012282690854119423
the 0.07407407407407407 0.9540816326530612 0.07067271352985638
state 0.037037037037037035 0.015306122448979591 0.0005668934240362811
chief 0.037037037037037035 0.01020408163265306 0.00037792894935752074
minister 0.037037037037037035 0.015306122448979591 0.0005668934240362811
his 0.037037037037037035 0.44387755102040816 0.016439909297052153
bodyguard 0.037037037037037035 0.00510204081632653 0.00018896447467876037
and 0.037037037037037035 0.8571428571428571 0.031746031746031744
a 0.1111111111111111 0.8826530612244898 0.09807256235827665
police 0.037037037037037035 0.08163265306122448 0.003023431594860166
officer 0.037037037037037035 0.04591836734693878 0.0017006802721088435
stuck 0.037037037037037035 0.00510204081632653 0.00018896447467876037
in 0.037037037037037035 0.7346938775510204 0.027210884353741496
a 0.1111111111111111 0.8826530612244898 0.09807256235827665
time 0.037037037037037035 0.14795918367346939 0.005479969765684051
loop 0.037037037037037035 0.00510204081632653 0.00018896447467876037
