filmed 0.020833333333333332 0.00510204081632653 0.0001062925170068027
on 0.020833333333333332 0.3520408163265306 0.007334183673469387
location 0.020833333333333332 0.00510204081632653 0.0001062925170068027
in 0.041666666666666664 0.7346938775510204 0.030612244897959183
new 0.020833333333333332 0.1377551020408163 0.002869897959183673
york 0.020833333333333332 0.015306122448979591 0.00031887755102040814
the 0.10416666666666667 0.9540816326530612 0.09938350340136055
drama 0.020833333333333332 0.05102040816326531 0.001062925170068027
showcases 0.020833333333333332 0.00510204081632653 0.0001062925170068027
the 0.10416666666666667 0.9540816326530612 0.09938350340136055
process 0.020833333333333332 0.015306122448979591 0.00031887755102040814
determining 0.020833333333333332 0.00510204081632653 0.0001062925170068027
guilt 0.020833333333333332 0.01020408163265306 0.0002125850340136054
or 0.041666666666666664 0.09183673469387756 0.003826530612244898
innocence 0.020833333333333332 0.00510204081632653 0.0001062925170068027
while 0.020833333333333332 0.12244897959183673 0.002551020408163265
lives 0.020833333333333332 0.12244897959183673 0.002551020408163265
hang 0.020833333333333332 0.00510204081632653 0.0001062925170068027
in 0.041666666666666664 0.7346938775510204 0.030612244897959183
the 0.10416666666666667 0.9540816326530612 0.09938350340136055
balance 0.020833333333333332 0.00510204081632653 0.0001062925170068027
often 0.020833333333333332 0.015306122448979591 0.00031887755102040814
inspired 0.020833333333333332 0.025510204081632654 0.0005314625850340135
by 0.020833333333333332 0.33163265306122447 0.006909013605442176
the 0.10416666666666667 0.9540816326530612 0.09938350340136055
latest 0.020833333333333332 0.02040816326530612 0.0004251700680272108
headlines 0.020833333333333332 0.00510204081632653 0.0001062925170068027
the 0.10416666666666667 0.9540816326530612 0.09938350340136055
plots 0.020833333333333332 0.00510204081632653 0.0001062925170068027
highlight 0.020833333333333332 0.00510204081632653 0.0001062925170068027
legal 0.020833333333333332 0.00510204081632653 0.0001062925170068027
ethical 0.020833333333333332 0.00510204081632653 0.0001062925170068027
or 0.041666666666666664 0.09183673469387756 0.003826530612244898
personal 0.020833333333333332 0.03571428571428571 0.000744047619047619
dilemmas 0.020833333333333332 0.00510204081632653 0.0001062925170068027
to 0.020833333333333332 0.7806122448979592 0.016262755102040817
people 0.020833333333333332 0.11734693877551021 0.0024447278911564627
can 0.020833333333333332 0.08673469387755102 0.001806972789115646
relate 0.020833333333333332 0.00510204081632653 0.0001062925170068027
