when 0.012345679012345678 0.27040816326530615 0.0033383723859914337
sanga 0.012345679012345678 0.00510204081632653 6.298815822625346e-05
and 0.04938271604938271 0.8571428571428571 0.042328042328042326
her 0.012345679012345678 0.2755102040816326 0.0034013605442176865
husband 0.012345679012345678 0.03571428571428571 0.0004409171075837742
part 0.012345679012345678 0.04081632653061224 0.0005039052658100277
a 0.037037037037037035 0.8826530612244898 0.032690854119425544
tribe 0.012345679012345678 0.00510204081632653 6.298815822625346e-05
living 0.012345679012345678 0.05612244897959184 0.000692869740488788
around 0.012345679012345678 0.08673469387755102 0.0010707986898463087
the 0.1111111111111111 0.9540816326530612 0.10600907029478457
province 0.012345679012345678 0.01020408163265306 0.00012597631645250691
mahismathi 0.012345679012345678 0.00510204081632653 6.298815822625346e-05
save 0.012345679012345678 0.030612244897959183 0.00037792894935752074
a 0.037037037037037035 0.8826530612244898 0.032690854119425544
drowning 0.012345679012345678 0.00510204081632653 6.298815822625346e-05
infant 0.024691358024691357 0.00510204081632653 0.00012597631645250691
little 0.012345679012345678 0.04591836734693878 0.0005668934240362812
they 0.012345679012345678 0.28061224489795916 0.00346434870244394
know 0.012345679012345678 0.07142857142857142 0.0008818342151675485
the 0.1111111111111111 0.9540816326530612 0.10600907029478457
background 0.012345679012345678 0.00510204081632653 6.298815822625346e-05
the 0.1111111111111111 0.9540816326530612 0.10600907029478457
infant 0.024691358024691357 0.00510204081632653 0.00012597631645250691
or 0.012345679012345678 0.09183673469387756 0.0011337868480725624
what 0.012345679012345678 0.1377551020408163 0.0017006802721088433
the 0.1111111111111111 0.9540816326530612 0.10600907029478457
future 0.012345679012345678 0.030612244897959183 0.00037792894935752074
holds 0.012345679012345678 0.00510204081632653 6.298815822625346e-05
for 0.012345679012345678 0.3877551020408163 0.004787100025195263
the 0.1111111111111111 0.9540816326530612 0.10600907029478457
kid 0.012345679012345678 0.00510204081632653 6.298815822625346e-05
grows 0.012345679012345678 0.01020408163265306 0.00012597631645250691
to 0.024691358024691357 0.7806122448979592 0.01927437641723356
as 0.012345679012345678 0.3469387755102041 0.004283194759385235
shivudu 0.012345679012345678 0.00510204081632653 6.298815822625346e-05
a 0.037037037037037035 0.8826530612244898 0.032690854119425544
wanting 0.012345679012345678 0.01020408163265306 0.00012597631645250691
to 0.024691358024691357 0.7806122448979592 0.01927437641723356
explore 0.012345679012345678 0.015306122448979591 0.00018896447467876037
the 0.1111111111111111 0.9540816326530612 0.10600907029478457
mountains 0.012345679012345678 0.025510204081632654 0.0003149407911312673
and 0.04938271604938271 0.8571428571428571 0.042328042328042326
in 0.012345679012345678 0.7346938775510204 0.009070294784580499
the 0.1111111111111111 0.9540816326530612 0.10600907029478457
process 0.012345679012345678 0.015306122448979591 0.00018896447467876037
learns 0.012345679012345678 0.04081632653061224 0.0005039052658100277
his 0.024691358024691357 0.44387755102040816 0.010959939531368102
roots 0.012345679012345678 0.00510204081632653 6.298815822625346e-05
and 0.04938271604938271 0.8571428571428571 0.042328042328042326
then 0.012345679012345678 0.05612244897959184 0.000692869740488788
realizes 0.012345679012345678 0.025510204081632654 0.0003149407911312673
the 0.1111111111111111 0.9540816326530612 0.10600907029478457
whole 0.012345679012345678 0.03571428571428571 0.0004409171075837742
purpose 0.012345679012345678 0.01020408163265306 0.00012597631645250691
his 0.024691358024691357 0.44387755102040816 0.010959939531368102
life 0.012345679012345678 0.20408163265306123 0.0025195263290501385
and 0.04938271604938271 0.8571428571428571 0.042328042328042326
ends 0.012345679012345678 0.01020408163265306 0.00012597631645250691
confronting 0.012345679012345678 0.00510204081632653 6.298815822625346e-05
the 0.1111111111111111 0.9540816326530612 0.10600907029478457
mighty 0.012345679012345678 0.01020408163265306 0.00012597631645250691
bhallala 0.012345679012345678 0.00510204081632653 6.298815822625346e-05
deva 0.012345679012345678 0.00510204081632653 6.298815822625346e-05
