dedicated 0.021739130434782608 0.00510204081632653 0.00011091393078970718
to 0.021739130434782608 0.7806122448979592 0.0169698314108252
shrimati 0.021739130434782608 0.00510204081632653 0.00011091393078970718
sl 0.021739130434782608 0.00510204081632653 0.00011091393078970718
loney 0.021739130434782608 0.00510204081632653 0.00011091393078970718
ji 0.06521739130434782 0.00510204081632653 0.00033274179236912155
shri 0.021739130434782608 0.00510204081632653 0.00011091393078970718
irodov 0.021739130434782608 0.00510204081632653 0.00011091393078970718
ji 0.06521739130434782 0.00510204081632653 0.00033274179236912155
and 0.043478260869565216 0.8571428571428571 0.03726708074534161
maanniya 0.021739130434782608 0.00510204081632653 0.00011091393078970718
hc 0.021739130434782608 0.00510204081632653 0.00011091393078970718
verma 0.021739130434782608 0.00510204081632653 0.00011091393078970718
ji 0.06521739130434782 0.00510204081632653 0.00033274179236912155
factory 0.021739130434782608 0.01020408163265306 0.00022182786157941436
is 0.021739130434782608 0.5663265306122449 0.012311446317657498
tvf 0.021739130434782608 0.00510204081632653 0.00011091393078970718
latest 0.021739130434782608 0.02040816326530612 0.0004436557231588287
original 0.021739130434782608 0.015306122448979591 0.00033274179236912155
india 0.021739130434782608 0.04081632653061224 0.0008873114463176574
first 0.021739130434782608 0.08163265306122448 0.0017746228926353148
and 0.043478260869565216 0.8571428571428571 0.03726708074534161
white 0.021739130434782608 0.01020408163265306 0.00022182786157941436
show 0.021739130434782608 0.030612244897959183 0.0006654835847382431
highlights 0.021739130434782608 0.01020408163265306 0.00022182786157941436
the 0.021739130434782608 0.9540816326530612 0.020740905057675244
problems 0.021739130434782608 0.015306122448979591 0.00033274179236912155
present 0.021739130434782608 0.015306122448979591 0.00033274179236912155
day 0.021739130434782608 0.09183673469387756 0.0019964507542147296
aspirants 0.021739130434782608 0.01020408163265306 0.00022182786157941436
face 0.021739130434782608 0.025510204081632654 0.0005545696539485359
in 0.021739130434782608 0.7346938775510204 0.015971606033717837
their 0.021739130434782608 0.3520408163265306 0.007653061224489796
lives 0.021739130434782608 0.12244897959183673 0.0026619343389529724
