ishaan 0.030927835051546393 0.00510204081632653 0.00015779507679360404
awasthi 0.005154639175257732 0.00510204081632653 2.6299179465600672e-05
is 0.020618556701030927 0.5663265306122449 0.0116768356827267
an 0.005154639175257732 0.3622448979591837 0.001867241742057648
child 0.005154639175257732 0.04081632653061224 0.00021039343572480537
whose 0.005154639175257732 0.04591836734693878 0.00023669261519040607
world 0.010309278350515464 0.19387755102040816 0.001998737639385651
is 0.020618556701030927 0.5663265306122449 0.0116768356827267
filled 0.005154639175257732 0.015306122448979591 7.889753839680202e-05
with 0.02577319587628866 0.4387755102040816 0.011308647170208288
wonders 0.005154639175257732 0.00510204081632653 2.6299179465600672e-05
that 0.010309278350515464 0.40816326530612246 0.004207868714496108
no 0.010309278350515464 0.07142857142857142 0.0007363770250368188
one 0.010309278350515464 0.18877551020408162 0.0019461392804544498
else 0.005154639175257732 0.00510204081632653 2.6299179465600672e-05
seems 0.005154639175257732 0.04591836734693878 0.00023669261519040607
to 0.03608247422680412 0.7806122448979592 0.028166421207658318
appretiate 0.005154639175257732 0.00510204081632653 2.6299179465600672e-05
not 0.010309278350515464 0.14795918367346939 0.001525352409004839
important 0.005154639175257732 0.00510204081632653 2.6299179465600672e-05
in 0.015463917525773196 0.7346938775510204 0.011361245529139492
the 0.030927835051546393 0.9540816326530612 0.029507679360403955
world 0.010309278350515464 0.19387755102040816 0.001998737639385651
adults 0.005154639175257732 0.00510204081632653 2.6299179465600672e-05
who 0.010309278350515464 0.39285714285714285 0.004050073637702503
much 0.005154639175257732 0.03571428571428571 0.0001840942562592047
more 0.010309278350515464 0.08163265306122448 0.0008415737428992215
interested 0.005154639175257732 0.015306122448979591 7.889753839680202e-05
in 0.015463917525773196 0.7346938775510204 0.011361245529139492
things 0.015463917525773196 0.04081632653061224 0.0006311803071744162
like 0.005154639175257732 0.03571428571428571 0.0001840942562592047
homework 0.005154639175257732 0.00510204081632653 2.6299179465600672e-05
marks 0.005154639175257732 0.00510204081632653 2.6299179465600672e-05
and 0.041237113402061855 0.8571428571428571 0.035346097201767304
neatness 0.005154639175257732 0.00510204081632653 2.6299179465600672e-05
and 0.041237113402061855 0.8571428571428571 0.035346097201767304
ishaan 0.030927835051546393 0.00510204081632653 0.00015779507679360404
can 0.010309278350515464 0.08673469387755102 0.0008941721018304228
not 0.010309278350515464 0.14795918367346939 0.001525352409004839
seem 0.005154639175257732 0.01020408163265306 5.2598358931201344e-05
to 0.03608247422680412 0.7806122448979592 0.028166421207658318
get 0.005154639175257732 0.0663265306122449 0.00034188933305280875
anything 0.005154639175257732 0.01020408163265306 5.2598358931201344e-05
right 0.005154639175257732 0.00510204081632653 2.6299179465600672e-05
in 0.015463917525773196 0.7346938775510204 0.011361245529139492
class 0.005154639175257732 0.00510204081632653 2.6299179465600672e-05
when 0.005154639175257732 0.27040816326530615 0.0013938565116768358
he 0.02577319587628866 0.34183673469387754 0.008810225120976225
gets 0.005154639175257732 0.04081632653061224 0.00021039343572480537
far 0.005154639175257732 0.030612244897959183 0.00015779507679360404
more 0.010309278350515464 0.08163265306122448 0.0008415737428992215
trouble 0.005154639175257732 0.00510204081632653 2.6299179465600672e-05
his 0.015463917525773196 0.44387755102040816 0.006864085840521776
parents 0.005154639175257732 0.025510204081632654 0.00013149589732800338
can 0.010309278350515464 0.08673469387755102 0.0008941721018304228
handle 0.005154639175257732 0.00510204081632653 2.6299179465600672e-05
he 0.02577319587628866 0.34183673469387754 0.008810225120976225
is 0.020618556701030927 0.5663265306122449 0.0116768356827267
packed 0.005154639175257732 0.01020408163265306 5.2598358931201344e-05
to 0.03608247422680412 0.7806122448979592 0.028166421207658318
a 0.010309278350515464 0.8826530612244898 0.009099516095097833
boarding 0.005154639175257732 0.01020408163265306 5.2598358931201344e-05
school 0.010309278350515464 0.05102040816326531 0.0005259835893120135
to 0.03608247422680412 0.7806122448979592 0.028166421207658318
disciplined 0.005154639175257732 0.00510204081632653 2.6299179465600672e-05
things 0.015463917525773196 0.04081632653061224 0.0006311803071744162
no 0.010309278350515464 0.07142857142857142 0.0007363770250368188
different 0.005154639175257732 0.03571428571428571 0.0001840942562592047
at 0.005154639175257732 0.23469387755102042 0.001209762255417631
his 0.015463917525773196 0.44387755102040816 0.006864085840521776
new 0.010309278350515464 0.1377551020408163 0.0014201556911424362
school 0.010309278350515464 0.05102040816326531 0.0005259835893120135
and 0.041237113402061855 0.8571428571428571 0.035346097201767304
ishaan 0.030927835051546393 0.00510204081632653 0.00015779507679360404
to 0.03608247422680412 0.7806122448979592 0.028166421207658318
contend 0.005154639175257732 0.00510204081632653 2.6299179465600672e-05
with 0.02577319587628866 0.4387755102040816 0.011308647170208288
the 0.030927835051546393 0.9540816326530612 0.029507679360403955
added 0.005154639175257732 0.00510204081632653 2.6299179465600672e-05
trauma 0.005154639175257732 0.01020408163265306 5.2598358931201344e-05
separation 0.005154639175257732 0.00510204081632653 2.6299179465600672e-05
from 0.005154639175257732 0.3520408163265306 0.0018146433831264465
his 0.015463917525773196 0.44387755102040816 0.006864085840521776
family 0.005154639175257732 0.22448979591836735 0.0011571638964864297
one 0.010309278350515464 0.18877551020408162 0.0019461392804544498
day 0.005154639175257732 0.09183673469387756 0.00047338523038081213
a 0.010309278350515464 0.8826530612244898 0.009099516095097833
new 0.010309278350515464 0.1377551020408163 0.0014201556911424362
art 0.005154639175257732 0.00510204081632653 2.6299179465600672e-05
teacher 0.005154639175257732 0.030612244897959183 0.00015779507679360404
bursts 0.005154639175257732 0.00510204081632653 2.6299179465600672e-05
onto 0.005154639175257732 0.01020408163265306 5.2598358931201344e-05
the 0.030927835051546393 0.9540816326530612 0.029507679360403955
scene 0.005154639175257732 0.00510204081632653 2.6299179465600672e-05
ram 0.005154639175257732 0.00510204081632653 2.6299179465600672e-05
shankar 0.005154639175257732 0.00510204081632653 2.6299179465600672e-05
nikumbh 0.010309278350515464 0.00510204081632653 5.2598358931201344e-05
who 0.010309278350515464 0.39285714285714285 0.004050073637702503
infects 0.005154639175257732 0.00510204081632653 2.6299179465600672e-05
the 0.030927835051546393 0.9540816326530612 0.029507679360403955
students 0.005154639175257732 0.02040816326530612 0.00010519671786240269
with 0.02577319587628866 0.4387755102040816 0.011308647170208288
joy 0.005154639175257732 0.01020408163265306 5.2598358931201344e-05
and 0.041237113402061855 0.8571428571428571 0.035346097201767304
optimism 0.005154639175257732 0.00510204081632653 2.6299179465600672e-05
he 0.02577319587628866 0.34183673469387754 0.008810225120976225
breaks 0.005154639175257732 0.01020408163265306 5.2598358931201344e-05
all 0.015463917525773196 0.17346938775510204 0.002682516305491269
the 0.030927835051546393 0.9540816326530612 0.029507679360403955
rules 0.005154639175257732 0.00510204081632653 2.6299179465600672e-05
things 0.015463917525773196 0.04081632653061224 0.0006311803071744162
done 0.005154639175257732 0.01020408163265306 5.2598358931201344e-05
by 0.005154639175257732 0.33163265306122447 0.0017094466652640436
asking 0.005154639175257732 0.015306122448979591 7.889753839680202e-05
to 0.03608247422680412 0.7806122448979592 0.028166421207658318
think 0.005154639175257732 0.01020408163265306 5.2598358931201344e-05
dream 0.005154639175257732 0.015306122448979591 7.889753839680202e-05
and 0.041237113402061855 0.8571428571428571 0.035346097201767304
imagine 0.005154639175257732 0.00510204081632653 2.6299179465600672e-05
and 0.041237113402061855 0.8571428571428571 0.035346097201767304
all 0.015463917525773196 0.17346938775510204 0.002682516305491269
the 0.030927835051546393 0.9540816326530612 0.029507679360403955
children 0.005154639175257732 0.025510204081632654 0.00013149589732800338
respond 0.005154639175257732 0.00510204081632653 2.6299179465600672e-05
with 0.02577319587628866 0.4387755102040816 0.011308647170208288
enthusiasm 0.005154639175257732 0.00510204081632653 2.6299179465600672e-05
all 0.015463917525773196 0.17346938775510204 0.002682516305491269
except 0.005154639175257732 0.03571428571428571 0.0001840942562592047
ishaan 0.030927835051546393 0.00510204081632653 0.00015779507679360404
nikumbh 0.010309278350515464 0.00510204081632653 5.2598358931201344e-05
soon 0.005154639175257732 0.04081632653061224 0.00021039343572480537
realizes 0.005154639175257732 0.025510204081632654 0.00013149589732800338
that 0.010309278350515464 0.40816326530612246 0.004207868714496108
ishaan 0.030927835051546393 0.00510204081632653 0.00015779507679360404
is 0.020618556701030927 0.5663265306122449 0.0116768356827267
unhappy 0.005154639175257732 0.01020408163265306 5.2598358931201344e-05
and 0.041237113402061855 0.8571428571428571 0.035346097201767304
he 0.02577319587628866 0.34183673469387754 0.008810225120976225
sets 0.005154639175257732 0.05612244897959184 0.0002892909741216074
out 0.005154639175257732 0.18877551020408162 0.0009730696402272249
to 0.03608247422680412 0.7806122448979592 0.028166421207658318
discover 0.005154639175257732 0.025510204081632654 0.00013149589732800338
why 0.005154639175257732 0.015306122448979591 7.889753839680202e-05
with 0.02577319587628866 0.4387755102040816 0.011308647170208288
time 0.005154639175257732 0.14795918367346939 0.0007626762045024194
patience 0.005154639175257732 0.00510204081632653 2.6299179465600672e-05
and 0.041237113402061855 0.8571428571428571 0.035346097201767304
care 0.005154639175257732 0.01020408163265306 5.2598358931201344e-05
he 0.02577319587628866 0.34183673469387754 0.008810225120976225
ultimately 0.005154639175257732 0.025510204081632654 0.00013149589732800338
helps 0.005154639175257732 0.015306122448979591 7.889753839680202e-05
ishaan 0.030927835051546393 0.00510204081632653 0.00015779507679360404
find 0.005154639175257732 0.08163265306122448 0.00042078687144961075
