in 0.013333333333333334 0.7346938775510204 0.00979591836734694
a 0.06666666666666667 0.8826530612244898 0.058843537414965986
small 0.013333333333333334 0.07653061224489796 0.0010204081632653062
town 0.02666666666666667 0.05102040816326531 0.001360544217687075
where 0.013333333333333334 0.11224489795918367 0.0014965986394557824
everyone 0.02666666666666667 0.03571428571428571 0.0009523809523809524
knows 0.013333333333333334 0.02040816326530612 0.00027210884353741496
everyone 0.02666666666666667 0.03571428571428571 0.0009523809523809524
a 0.06666666666666667 0.8826530612244898 0.058843537414965986
peculiar 0.013333333333333334 0.00510204081632653 6.802721088435374e-05
incident 0.013333333333333334 0.02040816326530612 0.00027210884353741496
starts 0.013333333333333334 0.05102040816326531 0.0006802721088435375
a 0.06666666666666667 0.8826530612244898 0.058843537414965986
chain 0.013333333333333334 0.00510204081632653 6.802721088435374e-05
events 0.013333333333333334 0.05102040816326531 0.0006802721088435375
that 0.02666666666666667 0.40816326530612246 0.0108843537414966
leads 0.013333333333333334 0.030612244897959183 0.00040816326530612246
to 0.04 0.7806122448979592 0.03122448979591837
the 0.06666666666666667 0.9540816326530612 0.06360544217687075
disappearance 0.013333333333333334 0.01020408163265306 0.00013605442176870748
a 0.06666666666666667 0.8826530612244898 0.058843537414965986
child 0.013333333333333334 0.04081632653061224 0.0005442176870748299
begins 0.013333333333333334 0.07142857142857142 0.0009523809523809524
to 0.04 0.7806122448979592 0.03122448979591837
tear 0.013333333333333334 0.00510204081632653 6.802721088435374e-05
at 0.013333333333333334 0.23469387755102042 0.0031292517006802725
the 0.06666666666666667 0.9540816326530612 0.06360544217687075
fabric 0.013333333333333334 0.01020408163265306 0.00013605442176870748
an 0.013333333333333334 0.3622448979591837 0.004829931972789116
otherwise 0.013333333333333334 0.01020408163265306 0.00013605442176870748
peaceful 0.013333333333333334 0.01020408163265306 0.00013605442176870748
community 0.013333333333333334 0.01020408163265306 0.00013605442176870748
dark 0.013333333333333334 0.025510204081632654 0.00034013605442176874
government 0.013333333333333334 0.02040816326530612 0.00027210884353741496
agencies 0.013333333333333334 0.00510204081632653 6.802721088435374e-05
and 0.013333333333333334 0.8571428571428571 0.011428571428571429
seemingly 0.013333333333333334 0.01020408163265306 0.00013605442176870748
malevolent 0.013333333333333334 0.01020408163265306 0.00013605442176870748
supernatural 0.013333333333333334 0.015306122448979591 0.00020408163265306123
forces 0.013333333333333334 0.061224489795918366 0.0008163265306122449
converge 0.013333333333333334 0.00510204081632653 6.802721088435374e-05
on 0.02666666666666667 0.3520408163265306 0.009387755102040816
the 0.06666666666666667 0.9540816326530612 0.06360544217687075
town 0.02666666666666667 0.05102040816326531 0.001360544217687075
while 0.013333333333333334 0.12244897959183673 0.0016326530612244899
a 0.06666666666666667 0.8826530612244898 0.058843537414965986
the 0.06666666666666667 0.9540816326530612 0.06360544217687075
locals 0.013333333333333334 0.00510204081632653 6.802721088435374e-05
begin 0.013333333333333334 0.025510204081632654 0.00034013605442176874
to 0.04 0.7806122448979592 0.03122448979591837
understand 0.013333333333333334 0.015306122448979591 0.00020408163265306123
that 0.02666666666666667 0.40816326530612246 0.0108843537414966
there 0.013333333333333334 0.08163265306122448 0.0010884353741496598
more 0.013333333333333334 0.08163265306122448 0.0010884353741496598
going 0.013333333333333334 0.03571428571428571 0.0004761904761904762
on 0.02666666666666667 0.3520408163265306 0.009387755102040816
meets 0.013333333333333334 0.05102040816326531 0.0006802721088435375
the 0.06666666666666667 0.9540816326530612 0.06360544217687075
eye 0.013333333333333334 0.02040816326530612 0.00027210884353741496
j 0.013333333333333334 0.00510204081632653 6.802721088435374e-05
