barney 0.0364963503649635 0.00510204081632653 0.00018620586920899745
stallone 0.0072992700729927005 0.00510204081632653 3.724117384179949e-05
christmas 0.0072992700729927005 0.01020408163265306 7.448234768359898e-05
statham 0.0072992700729927005 0.00510204081632653 3.724117384179949e-05
and 0.029197080291970802 0.8571428571428571 0.025026068821689257
the 0.043795620437956206 0.9540816326530612 0.041784597050499035
rest 0.0072992700729927005 0.025510204081632654 0.00018620586920899747
the 0.043795620437956206 0.9540816326530612 0.041784597050499035
team 0.014598540145985401 0.04081632653061224 0.0005958587814687918
comes 0.0072992700729927005 0.04081632653061224 0.0002979293907343959
with 0.021897810218978103 0.4387755102040816 0.00960822285118427
conrad 0.0072992700729927005 0.00510204081632653 3.724117384179949e-05
stonebanks 0.021897810218978103 0.00510204081632653 0.00011172352152539848
gibson 0.0072992700729927005 0.01020408163265306 7.448234768359898e-05
who 0.029197080291970802 0.39285714285714285 0.011470281543274244
years 0.0072992700729927005 0.12244897959183673 0.0008937881722031878
ago 0.0072992700729927005 0.025510204081632654 0.00018620586920899747
the 0.043795620437956206 0.9540816326530612 0.041784597050499035
expendables 0.029197080291970802 0.00510204081632653 0.00014896469536719795
with 0.021897810218978103 0.4387755102040816 0.00960822285118427
barney 0.0364963503649635 0.00510204081632653 0.00018620586920899745
stonebanks 0.021897810218978103 0.00510204081632653 0.00011172352152539848
subsequently 0.0072992700729927005 0.01020408163265306 7.448234768359898e-05
became 0.0072992700729927005 0.015306122448979591 0.00011172352152539847
a 0.021897810218978103 0.8826530612244898 0.019328169223893937
ruthless 0.0072992700729927005 0.025510204081632654 0.00018620586920899747
arms 0.0072992700729927005 0.015306122448979591 0.00011172352152539847
trader 0.0072992700729927005 0.00510204081632653 3.724117384179949e-05
and 0.029197080291970802 0.8571428571428571 0.025026068821689257
someone 0.0072992700729927005 0.01020408163265306 7.448234768359898e-05
who 0.029197080291970802 0.39285714285714285 0.011470281543274244
barney 0.0364963503649635 0.00510204081632653 0.00018620586920899745
forced 0.0072992700729927005 0.04081632653061224 0.0002979293907343959
to 0.021897810218978103 0.7806122448979592 0.01709369879338597
kill 0.0072992700729927005 0.030612244897959183 0.00022344704305079694
or 0.0072992700729927005 0.09183673469387756 0.0006703411291523909
so 0.0072992700729927005 0.030612244897959183 0.00022344704305079694
he 0.014598540145985401 0.34183673469387754 0.004990317294801132
thought 0.0072992700729927005 0.01020408163265306 7.448234768359898e-05
stonebanks 0.021897810218978103 0.00510204081632653 0.00011172352152539848
who 0.029197080291970802 0.39285714285714285 0.011470281543274244
eluded 0.0072992700729927005 0.00510204081632653 3.724117384179949e-05
death 0.0072992700729927005 0.04591836734693878 0.00033517056457619545
once 0.0072992700729927005 0.061224489795918366 0.0004468940861015939
now 0.0072992700729927005 0.07653061224489796 0.0005586176076269924
is 0.0072992700729927005 0.5663265306122449 0.0041337702964397436
making 0.0072992700729927005 0.025510204081632654 0.00018620586920899747
it 0.0072992700729927005 0.2193877551020408 0.0016013704751973782
his 0.0072992700729927005 0.44387755102040816 0.0032399821242365557
mission 0.014598540145985401 0.07142857142857142 0.0010427528675703856
to 0.021897810218978103 0.7806122448979592 0.01709369879338597
end 0.0072992700729927005 0.04591836734693878 0.00033517056457619545
the 0.043795620437956206 0.9540816326530612 0.041784597050499035
expendables 0.029197080291970802 0.00510204081632653 0.00014896469536719795
but 0.0072992700729927005 0.3112244897959184 0.002271711604349769
barney 0.0364963503649635 0.00510204081632653 0.00018620586920899745
plans 0.0072992700729927005 0.015306122448979591 0.00011172352152539847
barney 0.0364963503649635 0.00510204081632653 0.00018620586920899745
decides 0.0072992700729927005 0.061224489795918366 0.0004468940861015939
that 0.0072992700729927005 0.40816326530612246 0.0029792939073439596
he 0.014598540145985401 0.34183673469387754 0.004990317294801132
to 0.021897810218978103 0.7806122448979592 0.01709369879338597
fight 0.0072992700729927005 0.03571428571428571 0.0002606882168925964
old 0.0072992700729927005 0.05612244897959184 0.00040965291225979444
blood 0.014598540145985401 0.015306122448979591 0.00022344704305079694
with 0.021897810218978103 0.4387755102040816 0.00960822285118427
new 0.014598540145985401 0.1377551020408163 0.0020110233874571725
blood 0.014598540145985401 0.015306122448979591 0.00022344704305079694
and 0.029197080291970802 0.8571428571428571 0.025026068821689257
brings 0.0072992700729927005 0.015306122448979591 0.00011172352152539847
in 0.014598540145985401 0.7346938775510204 0.010725458066438254
a 0.021897810218978103 0.8826530612244898 0.019328169223893937
new 0.014598540145985401 0.1377551020408163 0.0020110233874571725
era 0.0072992700729927005 0.01020408163265306 7.448234768359898e-05
expendables 0.029197080291970802 0.00510204081632653 0.00014896469536719795
team 0.014598540145985401 0.04081632653061224 0.0005958587814687918
members 0.0072992700729927005 0.02040816326530612 0.00014896469536719795
recruiting 0.0072992700729927005 0.00510204081632653 3.724117384179949e-05
individuals 0.0072992700729927005 0.00510204081632653 3.724117384179949e-05
who 0.029197080291970802 0.39285714285714285 0.011470281543274244
younger 0.0072992700729927005 0.01020408163265306 7.448234768359898e-05
faster 0.0072992700729927005 0.00510204081632653 3.724117384179949e-05
and 0.029197080291970802 0.8571428571428571 0.025026068821689257
more 0.0072992700729927005 0.08163265306122448 0.0005958587814687918
the 0.043795620437956206 0.9540816326530612 0.041784597050499035
latest 0.0072992700729927005 0.02040816326530612 0.00014896469536719795
mission 0.014598540145985401 0.07142857142857142 0.0010427528675703856
becomes 0.0072992700729927005 0.07142857142857142 0.0005213764337851928
a 0.021897810218978103 0.8826530612244898 0.019328169223893937
clash 0.0072992700729927005 0.015306122448979591 0.00011172352152539847
classic 0.0072992700729927005 0.00510204081632653 3.724117384179949e-05
style 0.0072992700729927005 0.01020408163265306 7.448234768359898e-05
versus 0.0072992700729927005 0.00510204081632653 3.724117384179949e-05
expertise 0.0072992700729927005 0.00510204081632653 3.724117384179949e-05
in 0.014598540145985401 0.7346938775510204 0.010725458066438254
the 0.043795620437956206 0.9540816326530612 0.041784597050499035
expendables 0.029197080291970802 0.00510204081632653 0.00014896469536719795
most 0.0072992700729927005 0.07653061224489796 0.0005586176076269924
personal 0.0072992700729927005 0.03571428571428571 0.0002606882168925964
battle 0.0072992700729927005 0.061224489795918366 0.0004468940861015939
yet 0.0072992700729927005 0.025510204081632654 0.00018620586920899747
