this 0.005847953216374269 0.17346938775510204 0.0010144408640649241
epic 0.005847953216374269 0.01020408163265306 5.967299200381906e-05
drama 0.005847953216374269 0.05102040816326531 0.0002983649600190953
is 0.005847953216374269 0.5663265306122449 0.0033118510562119585
set 0.005847953216374269 0.05102040816326531 0.0002983649600190953
thousands 0.005847953216374269 0.01020408163265306 5.967299200381906e-05
years 0.005847953216374269 0.12244897959183673 0.0007160759040458288
the 0.0935672514619883 0.9540816326530612 0.08927079603771333
events 0.005847953216374269 0.05102040816326531 0.0002983649600190953
tolkien 0.011695906432748537 0.00510204081632653 5.967299200381906e-05
the 0.0935672514619883 0.9540816326530612 0.08927079603771333
hobbit 0.005847953216374269 0.00510204081632653 2.983649600190953e-05
and 0.03508771929824561 0.8571428571428571 0.03007518796992481
the 0.0935672514619883 0.9540816326530612 0.08927079603771333
lord 0.005847953216374269 0.01020408163265306 5.967299200381906e-05
the 0.0935672514619883 0.9540816326530612 0.08927079603771333
rings 0.005847953216374269 0.00510204081632653 2.983649600190953e-05
and 0.03508771929824561 0.8571428571428571 0.03007518796992481
will 0.011695906432748537 0.1989795918367347 0.0023272466881489435
take 0.005847953216374269 0.09183673469387756 0.0005370569280343716
viewers 0.005847953216374269 0.01020408163265306 5.967299200381906e-05
back 0.005847953216374269 0.08673469387755102 0.0005072204320324621
to 0.04678362573099415 0.7806122448979592 0.036519871106337275
an 0.011695906432748537 0.3622448979591837 0.004236782432271154
era 0.005847953216374269 0.01020408163265306 5.967299200381906e-05
in 0.017543859649122806 0.7346938775510204 0.01288936627282492
great 0.005847953216374269 0.03571428571428571 0.00020885547201336674
powers 0.005847953216374269 0.030612244897959183 0.0001790189760114572
forged 0.005847953216374269 0.00510204081632653 2.983649600190953e-05
kingdoms 0.011695906432748537 0.01020408163265306 0.00011934598400763812
rose 0.005847953216374269 0.00510204081632653 2.983649600190953e-05
to 0.04678362573099415 0.7806122448979592 0.036519871106337275
glory 0.005847953216374269 0.00510204081632653 2.983649600190953e-05
and 0.03508771929824561 0.8571428571428571 0.03007518796992481
fell 0.005847953216374269 0.01020408163265306 5.967299200381906e-05
to 0.04678362573099415 0.7806122448979592 0.036519871106337275
ruin 0.005847953216374269 0.01020408163265306 5.967299200381906e-05
unlikely 0.005847953216374269 0.01020408163265306 5.967299200381906e-05
heroes 0.005847953216374269 0.02040816326530612 0.00011934598400763812
tested 0.005847953216374269 0.00510204081632653 2.983649600190953e-05
hope 0.005847953216374269 0.030612244897959183 0.0001790189760114572
hung 0.005847953216374269 0.00510204081632653 2.983649600190953e-05
by 0.005847953216374269 0.33163265306122447 0.0019393722401241196
the 0.0935672514619883 0.9540816326530612 0.08927079603771333
finest 0.005847953216374269 0.00510204081632653 2.983649600190953e-05
threads 0.005847953216374269 0.00510204081632653 2.983649600190953e-05
and 0.03508771929824561 0.8571428571428571 0.03007518796992481
the 0.0935672514619883 0.9540816326530612 0.08927079603771333
greatest 0.005847953216374269 0.025510204081632654 0.00014918248000954766
villain 0.005847953216374269 0.00510204081632653 2.983649600190953e-05
that 0.011695906432748537 0.40816326530612246 0.004773839360305525
ever 0.005847953216374269 0.05102040816326531 0.0002983649600190953
flowed 0.005847953216374269 0.00510204081632653 2.983649600190953e-05
from 0.011695906432748537 0.3520408163265306 0.004117436448263516
tolkien 0.011695906432748537 0.00510204081632653 5.967299200381906e-05
pen 0.005847953216374269 0.00510204081632653 2.983649600190953e-05
threatened 0.005847953216374269 0.015306122448979591 8.95094880057286e-05
to 0.04678362573099415 0.7806122448979592 0.036519871106337275
cover 0.005847953216374269 0.015306122448979591 8.95094880057286e-05
all 0.005847953216374269 0.17346938775510204 0.0010144408640649241
the 0.0935672514619883 0.9540816326530612 0.08927079603771333
world 0.005847953216374269 0.19387755102040816 0.0011337868480725622
in 0.017543859649122806 0.7346938775510204 0.01288936627282492
darkness 0.005847953216374269 0.00510204081632653 2.983649600190953e-05
beginning 0.005847953216374269 0.015306122448979591 8.95094880057286e-05
in 0.017543859649122806 0.7346938775510204 0.01288936627282492
a 0.005847953216374269 0.8826530612244898 0.00516171380833035
time 0.005847953216374269 0.14795918367346939 0.0008652583840553765
relative 0.005847953216374269 0.01020408163265306 5.967299200381906e-05
peace 0.005847953216374269 0.015306122448979591 8.95094880057286e-05
the 0.0935672514619883 0.9540816326530612 0.08927079603771333
series 0.005847953216374269 0.07142857142857142 0.0004177109440267335
follows 0.005847953216374269 0.0663265306122449 0.00038787444802482397
an 0.011695906432748537 0.3622448979591837 0.004236782432271154
ensemble 0.005847953216374269 0.00510204081632653 2.983649600190953e-05
cast 0.005847953216374269 0.01020408163265306 5.967299200381906e-05
characters 0.011695906432748537 0.01020408163265306 0.00011934598400763812
familiar 0.005847953216374269 0.00510204081632653 2.983649600190953e-05
and 0.03508771929824561 0.8571428571428571 0.03007518796992481
new 0.005847953216374269 0.1377551020408163 0.0008055853920515574
as 0.005847953216374269 0.3469387755102041 0.0020288817281298483
they 0.011695906432748537 0.28061224489795916 0.0032820145602100487
confront 0.005847953216374269 0.015306122448979591 8.95094880057286e-05
the 0.0935672514619883 0.9540816326530612 0.08927079603771333
evil 0.005847953216374269 0.03571428571428571 0.00020885547201336674
to 0.04678362573099415 0.7806122448979592 0.036519871106337275
from 0.011695906432748537 0.3520408163265306 0.004117436448263516
the 0.0935672514619883 0.9540816326530612 0.08927079603771333
darkest 0.005847953216374269 0.00510204081632653 2.983649600190953e-05
depths 0.005847953216374269 0.01020408163265306 5.967299200381906e-05
the 0.0935672514619883 0.9540816326530612 0.08927079603771333
misty 0.005847953216374269 0.01020408163265306 5.967299200381906e-05
mountains 0.005847953216374269 0.025510204081632654 0.00014918248000954766
to 0.04678362573099415 0.7806122448979592 0.036519871106337275
the 0.0935672514619883 0.9540816326530612 0.08927079603771333
majestic 0.005847953216374269 0.00510204081632653 2.983649600190953e-05
forests 0.005847953216374269 0.015306122448979591 8.95094880057286e-05
the 0.0935672514619883 0.9540816326530612 0.08927079603771333
lindon 0.005847953216374269 0.00510204081632653 2.983649600190953e-05
to 0.04678362573099415 0.7806122448979592 0.036519871106337275
the 0.0935672514619883 0.9540816326530612 0.08927079603771333
breathtaking 0.005847953216374269 0.01020408163265306 5.967299200381906e-05
island 0.005847953216374269 0.02040816326530612 0.00011934598400763812
kingdom 0.005847953216374269 0.01020408163265306 5.967299200381906e-05
númenor 0.005847953216374269 0.00510204081632653 2.983649600190953e-05
to 0.04678362573099415 0.7806122448979592 0.036519871106337275
the 0.0935672514619883 0.9540816326530612 0.08927079603771333
furthest 0.005847953216374269 0.00510204081632653 2.983649600190953e-05
reaches 0.005847953216374269 0.00510204081632653 2.983649600190953e-05
the 0.0935672514619883 0.9540816326530612 0.08927079603771333
map 0.005847953216374269 0.01020408163265306 5.967299200381906e-05
these 0.005847953216374269 0.05102040816326531 0.0002983649600190953
kingdoms 0.011695906432748537 0.01020408163265306 0.00011934598400763812
and 0.03508771929824561 0.8571428571428571 0.03007518796992481
characters 0.011695906432748537 0.01020408163265306 0.00011934598400763812
will 0.011695906432748537 0.1989795918367347 0.0023272466881489435
carve 0.005847953216374269 0.00510204081632653 2.983649600190953e-05
out 0.005847953216374269 0.18877551020408162 0.0011039503520706526
legacies 0.005847953216374269 0.00510204081632653 2.983649600190953e-05
that 0.011695906432748537 0.40816326530612246 0.004773839360305525
live 0.005847953216374269 0.05612244897959184 0.0003282014560210049
on 0.005847953216374269 0.3520408163265306 0.002058718224131758
long 0.005847953216374269 0.05612244897959184 0.0003282014560210049
after 0.005847953216374269 0.1989795918367347 0.0011636233440744717
they 0.011695906432748537 0.28061224489795916 0.0032820145602100487
gone 0.005847953216374269 0.015306122448979591 8.95094880057286e-05
studios 0.005847953216374269 0.01020408163265306 5.967299200381906e-05
