the 0.07207207207207207 0.9540816326530612 0.06876264019121162
movie 0.018018018018018018 0.030612244897959183 0.0005515719801434087
dates 0.009009009009009009 0.01020408163265306 9.192866335723478e-05
back 0.018018018018018018 0.08673469387755102 0.0015627872770729912
to 0.04504504504504504 0.7806122448979592 0.03516271373414231
here 0.009009009009009009 0.01020408163265306 9.192866335723478e-05
two 0.009009009009009009 0.12755102040816327 0.001149108291965435
incidents 0.009009009009009009 0.01020408163265306 9.192866335723478e-05
take 0.009009009009009009 0.09183673469387756 0.0008273579702151131
place 0.009009009009009009 0.05612244897959184 0.0005056076484647913
the 0.07207207207207207 0.9540816326530612 0.06876264019121162
birth 0.009009009009009009 0.025510204081632654 0.00022982165839308696
the 0.07207207207207207 0.9540816326530612 0.06876264019121162
hero 0.018018018018018018 0.025510204081632654 0.00045964331678617393
and 0.018018018018018018 0.8571428571428571 0.015444015444015443
in 0.02702702702702703 0.7346938775510204 0.019856591285162716
the 0.07207207207207207 0.9540816326530612 0.06876264019121162
kolar 0.009009009009009009 0.00510204081632653 4.596433167861739e-05
gold 0.018018018018018018 0.015306122448979591 0.0002757859900717043
fields 0.009009009009009009 0.00510204081632653 4.596433167861739e-05
they 0.009009009009009009 0.28061224489795916 0.0025280382423239563
get 0.009009009009009009 0.0663265306122449 0.0005975363118220262
gold 0.018018018018018018 0.015306122448979591 0.0002757859900717043
the 0.07207207207207207 0.9540816326530612 0.06876264019121162
hero 0.018018018018018018 0.025510204081632654 0.00045964331678617393
is 0.018018018018018018 0.5663265306122449 0.010204081632653062
brought 0.009009009009009009 0.015306122448979591 0.00013789299503585216
in 0.02702702702702703 0.7346938775510204 0.019856591285162716
poverty 0.009009009009009009 0.01020408163265306 9.192866335723478e-05
when 0.009009009009009009 0.27040816326530615 0.002436109578966722
he 0.04504504504504504 0.34183673469387754 0.015398051112336825
is 0.018018018018018018 0.5663265306122449 0.010204081632653062
young 0.009009009009009009 0.15816326530612246 0.0014248942820371392
he 0.04504504504504504 0.34183673469387754 0.015398051112336825
goes 0.009009009009009009 0.04591836734693878 0.00041367898510755657
to 0.04504504504504504 0.7806122448979592 0.03516271373414231
mumbai 0.018018018018018018 0.01020408163265306 0.00018385732671446955
to 0.04504504504504504 0.7806122448979592 0.03516271373414231
become 0.018018018018018018 0.05612244897959184 0.0010112152969295827
a 0.018018018018018018 0.8826530612244898 0.015903658760801617
mafia 0.009009009009009009 0.02040816326530612 0.00018385732671446955
don 0.018018018018018018 0.015306122448979591 0.0002757859900717043
his 0.018018018018018018 0.44387755102040816 0.007997793712079426
mother 0.009009009009009009 0.05612244897959184 0.0005056076484647913
wish 0.009009009009009009 0.00510204081632653 4.596433167861739e-05
to 0.04504504504504504 0.7806122448979592 0.03516271373414231
see 0.009009009009009009 0.04081632653061224 0.0003677146534289391
her 0.009009009009009009 0.2755102040816326 0.002482073910645339
son 0.009009009009009009 0.08163265306122448 0.0007354293068578782
rich 0.009009009009009009 0.01020408163265306 9.192866335723478e-05
and 0.018018018018018018 0.8571428571428571 0.015444015444015443
powerful 0.009009009009009009 0.03571428571428571 0.00032175032175032174
after 0.009009009009009009 0.1989795918367347 0.0017926089354660783
being 0.009009009009009009 0.07653061224489796 0.0006894649751792609
in 0.02702702702702703 0.7346938775510204 0.019856591285162716
mumbai 0.018018018018018018 0.01020408163265306 0.00018385732671446955
for 0.009009009009009009 0.3877551020408163 0.0034932892075749218
time 0.009009009009009009 0.14795918367346939 0.0013329656186799044
he 0.04504504504504504 0.34183673469387754 0.015398051112336825
returns 0.009009009009009009 0.02040816326530612 0.00018385732671446955
back 0.018018018018018018 0.08673469387755102 0.0015627872770729912
will 0.018018018018018018 0.1989795918367347 0.0035852178709321566
he 0.04504504504504504 0.34183673469387754 0.015398051112336825
able 0.009009009009009009 0.030612244897959183 0.0002757859900717043
to 0.04504504504504504 0.7806122448979592 0.03516271373414231
become 0.018018018018018018 0.05612244897959184 0.0010112152969295827
a 0.018018018018018018 0.8826530612244898 0.015903658760801617
don 0.018018018018018018 0.015306122448979591 0.0002757859900717043
will 0.018018018018018018 0.1989795918367347 0.0035852178709321566
he 0.04504504504504504 0.34183673469387754 0.015398051112336825
set 0.009009009009009009 0.05102040816326531 0.00045964331678617393
his 0.018018018018018018 0.44387755102040816 0.007997793712079426
people 0.009009009009009009 0.11734693877551021 0.0010571796286082
free 0.009009009009009009 0.025510204081632654 0.00022982165839308696
from 0.009009009009009009 0.3520408163265306 0.0031715388858246
the 0.07207207207207207 0.9540816326530612 0.06876264019121162
age 0.009009009009009009 0.025510204081632654 0.00022982165839308696
old 0.009009009009009009 0.05612244897959184 0.0005056076484647913
slavery 0.009009009009009009 0.01020408163265306 9.192866335723478e-05
forms 0.009009009009009009 0.00510204081632653 4.596433167861739e-05
the 0.07207207207207207 0.9540816326530612 0.06876264019121162
plot 0.009009009009009009 0.025510204081632654 0.00022982165839308696
the 0.07207207207207207 0.9540816326530612 0.06876264019121162
movie 0.018018018018018018 0.030612244897959183 0.0005515719801434087
nc 0.009009009009009009 0.00510204081632653 4.596433167861739e-05
