in 0.034482758620689655 0.7346938775510204 0.025334271639690358
this 0.022988505747126436 0.17346938775510204 0.003987802017358668
adaptation 0.011494252873563218 0.00510204081632653 5.864414731409805e-05
the 0.06896551724137931 0.9540816326530612 0.06579873328641801
autobiography 0.011494252873563218 0.00510204081632653 5.864414731409805e-05
the 0.06896551724137931 0.9540816326530612 0.06579873328641801
pianist 0.022988505747126436 0.00510204081632653 0.0001172882946281961
the 0.06896551724137931 0.9540816326530612 0.06579873328641801
extraordinary 0.011494252873563218 0.02040816326530612 0.0002345765892563922
true 0.011494252873563218 0.02040816326530612 0.0002345765892563922
story 0.011494252873563218 0.12755102040816327 0.0014661036828524513
one 0.011494252873563218 0.18877551020408162 0.0021698334506216276
man 0.011494252873563218 0.12755102040816327 0.0014661036828524513
survival 0.011494252873563218 0.015306122448979591 0.00017593244194229416
in 0.034482758620689655 0.7346938775510204 0.025334271639690358
warsaw 0.04597701149425287 0.00510204081632653 0.0002345765892563922
wladyslaw 0.011494252873563218 0.00510204081632653 5.864414731409805e-05
szpilman 0.034482758620689655 0.00510204081632653 0.00017593244194229413
a 0.011494252873563218 0.8826530612244898 0.010145437485338964
polish 0.011494252873563218 0.00510204081632653 5.864414731409805e-05
jewish 0.011494252873563218 0.015306122448979591 0.00017593244194229416
radio 0.011494252873563218 0.00510204081632653 5.864414731409805e-05
station 0.011494252873563218 0.025510204081632654 0.00029322073657049027
pianist 0.022988505747126436 0.00510204081632653 0.0001172882946281961
sees 0.011494252873563218 0.00510204081632653 5.864414731409805e-05
warsaw 0.04597701149425287 0.00510204081632653 0.0002345765892563922
change 0.011494252873563218 0.02040816326530612 0.0002345765892563922
gradually 0.011494252873563218 0.00510204081632653 5.864414731409805e-05
as 0.011494252873563218 0.3469387755102041 0.003987802017358668
world 0.011494252873563218 0.19387755102040816 0.002228477597935726
war 0.011494252873563218 0.05612244897959184 0.0006450856204550786
ii 0.011494252873563218 0.015306122448979591 0.00017593244194229416
begins 0.011494252873563218 0.07142857142857142 0.0008210180623973727
szpilman 0.034482758620689655 0.00510204081632653 0.00017593244194229413
is 0.022988505747126436 0.5663265306122449 0.013019000703729768
forced 0.011494252873563218 0.04081632653061224 0.0004691531785127844
the 0.06896551724137931 0.9540816326530612 0.06579873328641801
warsaw 0.04597701149425287 0.00510204081632653 0.0002345765892563922
ghetto 0.011494252873563218 0.00510204081632653 5.864414731409805e-05
but 0.011494252873563218 0.3112244897959184 0.0035772929861599815
is 0.022988505747126436 0.5663265306122449 0.013019000703729768
later 0.011494252873563218 0.061224489795918366 0.0007037297677691766
separated 0.011494252873563218 0.00510204081632653 5.864414731409805e-05
from 0.022988505747126436 0.3520408163265306 0.00809289232934553
his 0.011494252873563218 0.44387755102040816 0.00510204081632653
family 0.011494252873563218 0.22448979591836735 0.0025803424818203143
during 0.011494252873563218 0.04591836734693878 0.0005277973258268825
operation 0.011494252873563218 0.00510204081632653 5.864414731409805e-05
reinhard 0.011494252873563218 0.00510204081632653 5.864414731409805e-05
from 0.022988505747126436 0.3520408163265306 0.00809289232934553
this 0.022988505747126436 0.17346938775510204 0.003987802017358668
time 0.011494252873563218 0.14795918367346939 0.0017006802721088435
the 0.06896551724137931 0.9540816326530612 0.06579873328641801
concentration 0.011494252873563218 0.01020408163265306 0.0001172882946281961
camp 0.011494252873563218 0.02040816326530612 0.0002345765892563922
prisoners 0.011494252873563218 0.01020408163265306 0.0001172882946281961
released 0.011494252873563218 0.01020408163265306 0.0001172882946281961
szpilman 0.034482758620689655 0.00510204081632653 0.00017593244194229413
hides 0.011494252873563218 0.00510204081632653 5.864414731409805e-05
in 0.034482758620689655 0.7346938775510204 0.025334271639690358
various 0.011494252873563218 0.025510204081632654 0.00029322073657049027
locations 0.011494252873563218 0.00510204081632653 5.864414731409805e-05
among 0.011494252873563218 0.02040816326530612 0.0002345765892563922
the 0.06896551724137931 0.9540816326530612 0.06579873328641801
ruins 0.011494252873563218 0.01020408163265306 0.0001172882946281961
warsaw 0.04597701149425287 0.00510204081632653 0.0002345765892563922
