the 0.07142857142857142 0.9540816326530612 0.06814868804664723
historical 0.017857142857142856 0.00510204081632653 9.11078717201166e-05
rearguard 0.017857142857142856 0.00510204081632653 9.11078717201166e-05
last 0.017857142857142856 0.04591836734693878 0.0008199708454810496
stand 0.017857142857142856 0.02040816326530612 0.0003644314868804664
that 0.017857142857142856 0.40816326530612246 0.007288629737609329
took 0.017857142857142856 0.015306122448979591 0.0002733236151603498
place 0.017857142857142856 0.05612244897959184 0.0010021865889212828
on 0.017857142857142856 0.3520408163265306 0.006286443148688046
july 0.017857142857142856 0.00510204081632653 9.11078717201166e-05
at 0.017857142857142856 0.23469387755102042 0.0041909620991253645
a 0.017857142857142856 0.8826530612244898 0.015761661807580176
mountain 0.017857142857142856 0.01020408163265306 0.0001822157434402332
pass 0.017857142857142856 0.00510204081632653 9.11078717201166e-05
in 0.017857142857142856 0.7346938775510204 0.013119533527696793
the 0.07142857142857142 0.9540816326530612 0.06814868804664723
vicinity 0.017857142857142856 0.00510204081632653 9.11078717201166e-05
fort 0.017857142857142856 0.00510204081632653 9.11078717201166e-05
vishalgad 0.017857142857142856 0.00510204081632653 9.11078717201166e-05
near 0.017857142857142856 0.015306122448979591 0.0002733236151603498
the 0.07142857142857142 0.9540816326530612 0.06814868804664723
city 0.017857142857142856 0.09183673469387756 0.0016399416909620992
kolhapur 0.017857142857142856 0.00510204081632653 9.11078717201166e-05
maharashtra 0.017857142857142856 0.00510204081632653 9.11078717201166e-05
india 0.017857142857142856 0.04081632653061224 0.0007288629737609328
the 0.07142857142857142 0.9540816326530612 0.06814868804664723
maratha 0.017857142857142856 0.00510204081632653 9.11078717201166e-05
warrior 0.017857142857142856 0.015306122448979591 0.0002733236151603498
baji 0.017857142857142856 0.00510204081632653 9.11078717201166e-05
prabhu 0.017857142857142856 0.00510204081632653 9.11078717201166e-05
deshpande 0.017857142857142856 0.00510204081632653 9.11078717201166e-05
and 0.017857142857142856 0.8571428571428571 0.01530612244897959
siddi 0.017857142857142856 0.00510204081632653 9.11078717201166e-05
masud 0.017857142857142856 0.00510204081632653 9.11078717201166e-05
adilshah 0.017857142857142856 0.00510204081632653 9.11078717201166e-05
sultanate 0.017857142857142856 0.00510204081632653 9.11078717201166e-05
known 0.017857142857142856 0.05612244897959184 0.0010021865889212828
as 0.017857142857142856 0.3469387755102041 0.006195335276967929
battle 0.017857142857142856 0.061224489795918366 0.0010932944606413992
pavan 0.017857142857142856 0.00510204081632653 9.11078717201166e-05
khind 0.017857142857142856 0.00510204081632653 9.11078717201166e-05
kulkarni 0.017857142857142856 0.00510204081632653 9.11078717201166e-05
