a 0.021739130434782608 0.8826530612244898 0.019188110026619343
small 0.021739130434782608 0.07653061224489796 0.0016637089618456078
research 0.021739130434782608 0.015306122448979591 0.00033274179236912155
team 0.021739130434782608 0.04081632653061224 0.0008873114463176574
went 0.021739130434782608 0.01020408163265306 0.00022182786157941436
the 0.08695652173913043 0.9540816326530612 0.08296362023070097
surface 0.021739130434782608 0.01020408163265306 0.00022182786157941436
to 0.043478260869565216 0.7806122448979592 0.0339396628216504
find 0.021739130434782608 0.08163265306122448 0.0017746228926353148
out 0.043478260869565216 0.18877551020408162 0.008207630878438331
what 0.043478260869565216 0.1377551020408163 0.0059893522626441875
secret 0.021739130434782608 0.061224489795918366 0.0013309671694764862
the 0.08695652173913043 0.9540816326530612 0.08296362023070097
world 0.021739130434782608 0.19387755102040816 0.004214729370008873
deepest 0.021739130434782608 0.00510204081632653 0.00011091393078970718
borehole 0.021739130434782608 0.00510204081632653 0.00011091393078970718
hiding 0.021739130434782608 0.025510204081632654 0.0005545696539485359
what 0.043478260869565216 0.1377551020408163 0.0059893522626441875
they 0.021739130434782608 0.28061224489795916 0.006100266193433895
found 0.021739130434782608 0.030612244897959183 0.0006654835847382431
turned 0.021739130434782608 0.04081632653061224 0.0008873114463176574
out 0.043478260869565216 0.18877551020408162 0.008207630878438331
to 0.043478260869565216 0.7806122448979592 0.0339396628216504
the 0.08695652173913043 0.9540816326530612 0.08296362023070097
greatest 0.021739130434782608 0.025510204081632654 0.0005545696539485359
threat 0.021739130434782608 0.015306122448979591 0.00033274179236912155
in 0.043478260869565216 0.7346938775510204 0.031943212067435674
history 0.021739130434782608 0.03571428571428571 0.0007763975155279503
and 0.021739130434782608 0.8571428571428571 0.018633540372670804
the 0.08695652173913043 0.9540816326530612 0.08296362023070097
future 0.021739130434782608 0.030612244897959183 0.0006654835847382431
humanity 0.021739130434782608 0.015306122448979591 0.00033274179236912155
is 0.021739130434782608 0.5663265306122449 0.012311446317657498
in 0.043478260869565216 0.7346938775510204 0.031943212067435674
their 0.021739130434782608 0.3520408163265306 0.007653061224489796
hands 0.021739130434782608 0.025510204081632654 0.0005545696539485359
