after 0.017543859649122806 0.1989795918367347 0.0034908700322234154
witnessing 0.017543859649122806 0.00510204081632653 8.95094880057286e-05
the 0.03508771929824561 0.9540816326530612 0.033476548514142494
pain 0.017543859649122806 0.00510204081632653 8.95094880057286e-05
and 0.05263157894736842 0.8571428571428571 0.045112781954887216
suffering 0.017543859649122806 0.01020408163265306 0.0001790189760114572
his 0.05263157894736842 0.44387755102040816 0.023361976369495163
family 0.017543859649122806 0.22448979591836735 0.003938417472252058
went 0.017543859649122806 0.01020408163265306 0.0001790189760114572
through 0.017543859649122806 0.08163265306122448 0.0014321518080916576
a 0.07017543859649122 0.8826530612244898 0.061940565699964194
farmer 0.017543859649122806 0.00510204081632653 8.95094880057286e-05
son 0.017543859649122806 0.08163265306122448 0.0014321518080916576
rises 0.017543859649122806 0.01020408163265306 0.0001790189760114572
to 0.03508771929824561 0.7806122448979592 0.027389903329752954
power 0.03508771929824561 0.05102040816326531 0.0017901897601145722
as 0.03508771929824561 0.3469387755102041 0.01217329036877909
he 0.03508771929824561 0.34183673469387754 0.011994271392767632
starts 0.03508771929824561 0.05102040816326531 0.0017901897601145722
his 0.05263157894736842 0.44387755102040816 0.023361976369495163
journey 0.017543859649122806 0.08163265306122448 0.0014321518080916576
as 0.03508771929824561 0.3469387755102041 0.01217329036877909
a 0.07017543859649122 0.8826530612244898 0.061940565699964194
gangster 0.017543859649122806 0.02040816326530612 0.0003580379520229144
and 0.05263157894736842 0.8571428571428571 0.045112781954887216
spirals 0.017543859649122806 0.01020408163265306 0.0001790189760114572
a 0.07017543859649122 0.8826530612244898 0.061940565699964194
dark 0.017543859649122806 0.025510204081632654 0.00044754744002864304
game 0.017543859649122806 0.02040816326530612 0.0003580379520229144
politics 0.017543859649122806 0.01020408163265306 0.0001790189760114572
and 0.05263157894736842 0.8571428571428571 0.045112781954887216
power 0.03508771929824561 0.05102040816326531 0.0017901897601145722
meanwhile 0.017543859649122806 0.030612244897959183 0.0005370569280343716
a 0.07017543859649122 0.8826530612244898 0.061940565699964194
strict 0.017543859649122806 0.00510204081632653 8.95094880057286e-05
cop 0.017543859649122806 0.03571428571428571 0.0006265664160401002
starts 0.03508771929824561 0.05102040816326531 0.0017901897601145722
following 0.017543859649122806 0.025510204081632654 0.00044754744002864304
his 0.05263157894736842 0.44387755102040816 0.023361976369495163
trail 0.017543859649122806 0.00510204081632653 8.95094880057286e-05
to 0.03508771929824561 0.7806122448979592 0.027389903329752954
stop 0.017543859649122806 0.03571428571428571 0.0006265664160401002
he 0.03508771929824561 0.34183673469387754 0.011994271392767632
becomes 0.017543859649122806 0.07142857142857142 0.0012531328320802004
all 0.017543859649122806 0.17346938775510204 0.0030433225921947726
powerful 0.017543859649122806 0.03571428571428571 0.0006265664160401002
in 0.017543859649122806 0.7346938775510204 0.01288936627282492
the 0.03508771929824561 0.9540816326530612 0.033476548514142494
city 0.017543859649122806 0.09183673469387756 0.001611170784103115
