stan 0.03546099290780142 0.00510204081632653 0.00018092343320306846
burns 0.0070921985815602835 0.00510204081632653 3.618468664061369e-05
his 0.0070921985815602835 0.44387755102040816 0.003148067737733391
home 0.0070921985815602835 0.07653061224489796 0.0005427702996092054
and 0.04964539007092199 0.8571428571428571 0.0425531914893617
takes 0.0070921985815602835 0.05612244897959184 0.0003980315530467506
a 0.04964539007092199 0.8826530612244898 0.043819655521783185
job 0.014184397163120567 0.04591836734693878 0.0006513243595310464
as 0.014184397163120567 0.3469387755102041 0.004921117383123462
a 0.04964539007092199 0.8826530612244898 0.043819655521783185
carny 0.0070921985815602835 0.00510204081632653 3.618468664061369e-05
with 0.03546099290780142 0.4387755102040816 0.015559415255463888
a 0.04964539007092199 0.8826530612244898 0.043819655521783185
traveling 0.0070921985815602835 0.01020408163265306 7.236937328122738e-05
carnival 0.014184397163120567 0.00510204081632653 7.236937328122738e-05
stan 0.03546099290780142 0.00510204081632653 0.00018092343320306846
is 0.0070921985815602835 0.5663265306122449 0.00401650021710812
disturbed 0.0070921985815602835 0.00510204081632653 3.618468664061369e-05
at 0.0070921985815602835 0.23469387755102042 0.0016644955854682299
how 0.0070921985815602835 0.09183673469387756 0.0006513243595310464
man 0.0070921985815602835 0.12755102040816327 0.0009046171660153423
could 0.0070921985815602835 0.030612244897959183 0.00021710811984368213
sink 0.014184397163120567 0.00510204081632653 7.236937328122738e-05
to 0.02127659574468085 0.7806122448979592 0.016608771168041686
the 0.014184397163120567 0.9540816326530612 0.013533072803589521
level 0.0070921985815602835 0.01020408163265306 7.236937328122738e-05
performing 0.0070921985815602835 0.00510204081632653 3.618468664061369e-05
as 0.014184397163120567 0.3469387755102041 0.004921117383123462
a 0.04964539007092199 0.8826530612244898 0.043819655521783185
geek 0.014184397163120567 0.00510204081632653 7.236937328122738e-05
clem 0.0070921985815602835 0.00510204081632653 3.618468664061369e-05
explains 0.0070921985815602835 0.00510204081632653 3.618468664061369e-05
that 0.0070921985815602835 0.40816326530612246 0.0028947749312490953
he 0.02127659574468085 0.34183673469387754 0.007273122014763352
seeks 0.0070921985815602835 0.015306122448979591 0.00010855405992184107
out 0.0070921985815602835 0.18877551020408162 0.0013388334057027064
alcoholic 0.014184397163120567 0.01020408163265306 0.00014473874656245476
or 0.0070921985815602835 0.09183673469387756 0.0006513243595310464
men 0.0070921985815602835 0.04591836734693878 0.0003256621797655232
with 0.03546099290780142 0.4387755102040816 0.015559415255463888
troubled 0.0070921985815602835 0.01020408163265306 7.236937328122738e-05
pasts 0.0070921985815602835 0.00510204081632653 3.618468664061369e-05
and 0.04964539007092199 0.8571428571428571 0.0425531914893617
lures 0.0070921985815602835 0.00510204081632653 3.618468664061369e-05
in 0.0070921985815602835 0.7346938775510204 0.005210594876248371
with 0.03546099290780142 0.4387755102040816 0.015559415255463888
promises 0.0070921985815602835 0.025510204081632654 0.00018092343320306846
a 0.04964539007092199 0.8826530612244898 0.043819655521783185
temporary 0.0070921985815602835 0.00510204081632653 3.618468664061369e-05
job 0.014184397163120567 0.04591836734693878 0.0006513243595310464
and 0.04964539007092199 0.8571428571428571 0.0425531914893617
alcohol 0.0070921985815602835 0.00510204081632653 3.618468664061369e-05
he 0.02127659574468085 0.34183673469387754 0.007273122014763352
then 0.0070921985815602835 0.05612244897959184 0.0003980315530467506
uses 0.0070921985815602835 0.015306122448979591 0.00010855405992184107
their 0.0070921985815602835 0.3520408163265306 0.002496743378202345
dependence 0.0070921985815602835 0.00510204081632653 3.618468664061369e-05
they 0.0070921985815602835 0.28061224489795916 0.001990157765233753
sink 0.014184397163120567 0.00510204081632653 7.236937328122738e-05
madness 0.0070921985815602835 0.015306122448979591 0.00010855405992184107
and 0.04964539007092199 0.8571428571428571 0.0425531914893617
depravity 0.0070921985815602835 0.00510204081632653 3.618468664061369e-05
thus 0.0070921985815602835 0.01020408163265306 7.236937328122738e-05
creating 0.0070921985815602835 0.015306122448979591 0.00010855405992184107
a 0.04964539007092199 0.8826530612244898 0.043819655521783185
new 0.0070921985815602835 0.1377551020408163 0.0009769865392965696
geek 0.014184397163120567 0.00510204081632653 7.236937328122738e-05
stan 0.03546099290780142 0.00510204081632653 0.00018092343320306846
also 0.0070921985815602835 0.09183673469387756 0.0006513243595310464
works 0.0070921985815602835 0.04081632653061224 0.0002894774931249095
with 0.03546099290780142 0.4387755102040816 0.015559415255463888
clairvoyant 0.0070921985815602835 0.00510204081632653 3.618468664061369e-05
act 0.014184397163120567 0.00510204081632653 7.236937328122738e-05
madame 0.0070921985815602835 0.00510204081632653 3.618468664061369e-05
zeena 0.014184397163120567 0.00510204081632653 7.236937328122738e-05
and 0.04964539007092199 0.8571428571428571 0.0425531914893617
her 0.014184397163120567 0.2755102040816326 0.0039079461571862786
alcoholic 0.014184397163120567 0.01020408163265306 0.00014473874656245476
husband 0.0070921985815602835 0.03571428571428571 0.0002532928064842958
pete 0.0070921985815602835 0.01020408163265306 7.236937328122738e-05
he 0.02127659574468085 0.34183673469387754 0.007273122014763352
and 0.04964539007092199 0.8571428571428571 0.0425531914893617
zeena 0.014184397163120567 0.00510204081632653 7.236937328122738e-05
warn 0.0070921985815602835 0.00510204081632653 3.618468664061369e-05
stan 0.03546099290780142 0.00510204081632653 0.00018092343320306846
not 0.0070921985815602835 0.14795918367346939 0.001049355912577797
to 0.02127659574468085 0.7806122448979592 0.016608771168041686
ever 0.0070921985815602835 0.05102040816326531 0.0003618468664061369
use 0.0070921985815602835 0.02040816326530612 0.00014473874656245476
these 0.0070921985815602835 0.05102040816326531 0.0003618468664061369
skills 0.0070921985815602835 0.015306122448979591 0.00010855405992184107
otherwise 0.0070921985815602835 0.01020408163265306 7.236937328122738e-05
people 0.0070921985815602835 0.11734693877551021 0.0008322477927341149
get 0.0070921985815602835 0.0663265306122449 0.000470400926327978
hurt 0.0070921985815602835 0.00510204081632653 3.618468664061369e-05
meanwhile 0.0070921985815602835 0.030612244897959183 0.00021710811984368213
stan 0.03546099290780142 0.00510204081632653 0.00018092343320306846
becomes 0.0070921985815602835 0.07142857142857142 0.0005065856129685916
attracted 0.0070921985815602835 0.015306122448979591 0.00010855405992184107
to 0.02127659574468085 0.7806122448979592 0.016608771168041686
fellow 0.0070921985815602835 0.025510204081632654 0.00018092343320306846
performer 0.0070921985815602835 0.01020408163265306 7.236937328122738e-05
molly 0.0070921985815602835 0.01020408163265306 7.236937328122738e-05
and 0.04964539007092199 0.8571428571428571 0.0425531914893617
approaches 0.0070921985815602835 0.01020408163265306 7.236937328122738e-05
her 0.014184397163120567 0.2755102040816326 0.0039079461571862786
with 0.03546099290780142 0.4387755102040816 0.015559415255463888
an 0.0070921985815602835 0.3622448979591837 0.002569112751483572
idea 0.0070921985815602835 0.015306122448979591 0.00010855405992184107
for 0.0070921985815602835 0.3877551020408163 0.0027500361846866405
a 0.04964539007092199 0.8826530612244898 0.043819655521783185
act 0.014184397163120567 0.00510204081632653 7.236937328122738e-05
away 0.0070921985815602835 0.04081632653061224 0.0002894774931249095
from 0.0070921985815602835 0.3520408163265306 0.002496743378202345
the 0.014184397163120567 0.9540816326530612 0.013533072803589521
carnival 0.014184397163120567 0.00510204081632653 7.236937328122738e-05
