in 0.007575757575757576 0.7346938775510204 0.005565862708719852
paris 0.007575757575757576 0.04591836734693878 0.00034786641929499077
the 0.06060606060606061 0.9540816326530612 0.05782312925170068
aristocratic 0.007575757575757576 0.00510204081632653 3.8651824366110076e-05
and 0.03787878787878788 0.8571428571428571 0.032467532467532464
intellectual 0.007575757575757576 0.00510204081632653 3.8651824366110076e-05
philippe 0.015151515151515152 0.00510204081632653 7.730364873222015e-05
is 0.022727272727272728 0.5663265306122449 0.012871057513914657
a 0.030303030303030304 0.8826530612244898 0.026747062461348177
quadriplegic 0.007575757575757576 0.00510204081632653 3.8651824366110076e-05
millionaire 0.007575757575757576 0.01020408163265306 7.730364873222015e-05
who 0.007575757575757576 0.39285714285714285 0.002976190476190476
is 0.022727272727272728 0.5663265306122449 0.012871057513914657
interviewing 0.007575757575757576 0.00510204081632653 3.8651824366110076e-05
candidates 0.015151515151515152 0.00510204081632653 7.730364873222015e-05
for 0.007575757575757576 0.3877551020408163 0.002937538651824366
the 0.06060606060606061 0.9540816326530612 0.05782312925170068
position 0.015151515151515152 0.01020408163265306 0.0001546072974644403
his 0.030303030303030304 0.44387755102040816 0.013450834879406308
carer 0.007575757575757576 0.00510204081632653 3.8651824366110076e-05
with 0.015151515151515152 0.4387755102040816 0.0066481137909709335
his 0.030303030303030304 0.44387755102040816 0.013450834879406308
secretary 0.007575757575757576 0.00510204081632653 3.8651824366110076e-05
magalie 0.007575757575757576 0.00510204081632653 3.8651824366110076e-05
out 0.007575757575757576 0.18877551020408162 0.001430117501546073
the 0.06060606060606061 0.9540816326530612 0.05782312925170068
blue 0.007575757575757576 0.00510204081632653 3.8651824366110076e-05
driss 0.030303030303030304 0.00510204081632653 0.0001546072974644403
cuts 0.007575757575757576 0.01020408163265306 7.730364873222015e-05
the 0.06060606060606061 0.9540816326530612 0.05782312925170068
line 0.007575757575757576 0.01020408163265306 7.730364873222015e-05
candidates 0.015151515151515152 0.00510204081632653 7.730364873222015e-05
and 0.03787878787878788 0.8571428571428571 0.032467532467532464
brings 0.007575757575757576 0.015306122448979591 0.00011595547309833024
a 0.030303030303030304 0.8826530612244898 0.026747062461348177
document 0.007575757575757576 0.00510204081632653 3.8651824366110076e-05
from 0.007575757575757576 0.3520408163265306 0.0026669758812615956
the 0.06060606060606061 0.9540816326530612 0.05782312925170068
social 0.007575757575757576 0.04081632653061224 0.0003092145949288806
security 0.007575757575757576 0.01020408163265306 7.730364873222015e-05
and 0.03787878787878788 0.8571428571428571 0.032467532467532464
asks 0.007575757575757576 0.01020408163265306 7.730364873222015e-05
phillipe 0.015151515151515152 0.00510204081632653 7.730364873222015e-05
to 0.03787878787878788 0.7806122448979592 0.029568645640074213
sign 0.007575757575757576 0.00510204081632653 3.8651824366110076e-05
it 0.007575757575757576 0.2193877551020408 0.0016620284477427334
to 0.03787878787878788 0.7806122448979592 0.029568645640074213
prove 0.007575757575757576 0.01020408163265306 7.730364873222015e-05
that 0.007575757575757576 0.40816326530612246 0.0030921459492888066
he 0.022727272727272728 0.34183673469387754 0.007769016697588126
is 0.022727272727272728 0.5663265306122449 0.012871057513914657
seeking 0.007575757575757576 0.00510204081632653 3.8651824366110076e-05
a 0.030303030303030304 0.8826530612244898 0.026747062461348177
job 0.007575757575757576 0.04591836734693878 0.00034786641929499077
position 0.015151515151515152 0.01020408163265306 0.0001546072974644403
so 0.007575757575757576 0.030612244897959183 0.00023191094619666049
he 0.022727272727272728 0.34183673469387754 0.007769016697588126
can 0.015151515151515152 0.08673469387755102 0.0013141620284477427
receive 0.007575757575757576 0.00510204081632653 3.8651824366110076e-05
his 0.030303030303030304 0.44387755102040816 0.013450834879406308
unemployment 0.007575757575757576 0.00510204081632653 3.8651824366110076e-05
benefit 0.007575757575757576 0.00510204081632653 3.8651824366110076e-05
philippe 0.015151515151515152 0.00510204081632653 7.730364873222015e-05
challenges 0.007575757575757576 0.02040816326530612 0.0001546072974644403
driss 0.030303030303030304 0.00510204081632653 0.0001546072974644403
offering 0.007575757575757576 0.01020408163265306 7.730364873222015e-05
a 0.030303030303030304 0.8826530612244898 0.026747062461348177
trial 0.007575757575757576 0.01020408163265306 7.730364873222015e-05
period 0.007575757575757576 0.01020408163265306 7.730364873222015e-05
one 0.007575757575757576 0.18877551020408162 0.001430117501546073
month 0.007575757575757576 0.01020408163265306 7.730364873222015e-05
to 0.03787878787878788 0.7806122448979592 0.029568645640074213
gain 0.007575757575757576 0.00510204081632653 3.8651824366110076e-05
experience 0.007575757575757576 0.02040816326530612 0.0001546072974644403
helping 0.007575757575757576 0.01020408163265306 7.730364873222015e-05
then 0.007575757575757576 0.05612244897959184 0.00042517006802721087
driss 0.030303030303030304 0.00510204081632653 0.0001546072974644403
can 0.015151515151515152 0.08673469387755102 0.0013141620284477427
decide 0.007575757575757576 0.03571428571428571 0.00027056277056277056
whether 0.007575757575757576 0.00510204081632653 3.8651824366110076e-05
he 0.022727272727272728 0.34183673469387754 0.007769016697588126
would 0.007575757575757576 0.030612244897959183 0.00023191094619666049
like 0.007575757575757576 0.03571428571428571 0.00027056277056277056
to 0.03787878787878788 0.7806122448979592 0.029568645640074213
stay 0.007575757575757576 0.01020408163265306 7.730364873222015e-05
with 0.015151515151515152 0.4387755102040816 0.0066481137909709335
or 0.007575757575757576 0.09183673469387756 0.0006957328385899815
not 0.007575757575757576 0.14795918367346939 0.0011209029066171924
driss 0.030303030303030304 0.00510204081632653 0.0001546072974644403
accepts 0.007575757575757576 0.00510204081632653 3.8651824366110076e-05
the 0.06060606060606061 0.9540816326530612 0.05782312925170068
challenge 0.007575757575757576 0.01020408163265306 7.730364873222015e-05
and 0.03787878787878788 0.8571428571428571 0.032467532467532464
moves 0.007575757575757576 0.030612244897959183 0.00023191094619666049
to 0.03787878787878788 0.7806122448979592 0.029568645640074213
the 0.06060606060606061 0.9540816326530612 0.05782312925170068
mansion 0.007575757575757576 0.01020408163265306 7.730364873222015e-05
changing 0.007575757575757576 0.01020408163265306 7.730364873222015e-05
the 0.06060606060606061 0.9540816326530612 0.05782312925170068
boring 0.007575757575757576 0.00510204081632653 3.8651824366110076e-05
life 0.007575757575757576 0.20408163265306123 0.0015460729746444033
phillipe 0.015151515151515152 0.00510204081632653 7.730364873222015e-05
and 0.03787878787878788 0.8571428571428571 0.032467532467532464
his 0.030303030303030304 0.44387755102040816 0.013450834879406308
employees 0.007575757575757576 0.01020408163265306 7.730364873222015e-05
carvalho 0.007575757575757576 0.02040816326530612 0.0001546072974644403
rio 0.007575757575757576 0.025510204081632654 0.0001932591218305504
de 0.007575757575757576 0.025510204081632654 0.0001932591218305504
janeiro 0.007575757575757576 0.02040816326530612 0.0001546072974644403
brazil 0.007575757575757576 0.02040816326530612 0.0001546072974644403
