kat 0.01809954751131222 0.00510204081632653 9.234463015975621e-05
valdez 0.004524886877828055 0.00510204081632653 2.3086157539939053e-05
is 0.00904977375565611 0.5663265306122449 0.00512512697386647
half 0.004524886877828055 0.01020408163265306 4.6172315079878107e-05
the 0.03619909502262444 0.9540816326530612 0.03453689167974883
sexiest 0.004524886877828055 0.00510204081632653 2.3086157539939053e-05
celebrity 0.004524886877828055 0.00510204081632653 2.3086157539939053e-05
power 0.004524886877828055 0.05102040816326531 0.00023086157539939055
couple 0.004524886877828055 0.03571428571428571 0.00016160310277957336
on 0.013574660633484163 0.3520408163265306 0.004778834610767384
earth 0.004524886877828055 0.05102040816326531 0.00023086157539939055
with 0.013574660633484163 0.4387755102040816 0.005956228645304275
hot 0.004524886877828055 0.00510204081632653 2.3086157539939053e-05
new 0.004524886877828055 0.1377551020408163 0.0006233262535783544
music 0.004524886877828055 0.01020408163265306 4.6172315079878107e-05
supernova 0.004524886877828055 0.00510204081632653 2.3086157539939053e-05
bastian 0.013574660633484163 0.00510204081632653 6.925847261981715e-05
as 0.02262443438914027 0.3469387755102041 0.007849293563579277
kat 0.01809954751131222 0.00510204081632653 9.234463015975621e-05
and 0.02262443438914027 0.8571428571428571 0.0193923723335488
bastian 0.013574660633484163 0.00510204081632653 6.925847261981715e-05
inescapable 0.004524886877828055 0.00510204081632653 2.3086157539939053e-05
hit 0.004524886877828055 0.015306122448979591 6.925847261981716e-05
single 0.004524886877828055 0.030612244897959183 0.00013851694523963433
marry 0.00904977375565611 0.03571428571428571 0.0003232062055591467
me 0.004524886877828055 0.00510204081632653 2.3086157539939053e-05
climbs 0.004524886877828055 0.00510204081632653 2.3086157539939053e-05
the 0.03619909502262444 0.9540816326530612 0.03453689167974883
charts 0.004524886877828055 0.00510204081632653 2.3086157539939053e-05
they 0.00904977375565611 0.28061224489795916 0.0025394773293932957
to 0.01809954751131222 0.7806122448979592 0.014128728414442702
wed 0.004524886877828055 0.00510204081632653 2.3086157539939053e-05
an 0.013574660633484163 0.3622448979591837 0.0049173515560070186
audience 0.004524886877828055 0.00510204081632653 2.3086157539939053e-05
their 0.004524886877828055 0.3520408163265306 0.0015929448702557947
fans 0.004524886877828055 0.00510204081632653 2.3086157539939053e-05
in 0.013574660633484163 0.7346938775510204 0.009973220057253672
a 0.02262443438914027 0.8826530612244898 0.019969526272047282
ceremony 0.00904977375565611 0.00510204081632653 4.6172315079878107e-05
that 0.00904977375565611 0.40816326530612246 0.003693785206390249
will 0.004524886877828055 0.1989795918367347 0.0009003601440576231
stream 0.004524886877828055 0.00510204081632653 2.3086157539939053e-05
across 0.004524886877828055 0.04081632653061224 0.00018468926031951243
multiple 0.004524886877828055 0.01020408163265306 4.6172315079878107e-05
platforms 0.004524886877828055 0.00510204081632653 2.3086157539939053e-05
divorced 0.004524886877828055 0.00510204081632653 2.3086157539939053e-05
math 0.004524886877828055 0.00510204081632653 2.3086157539939053e-05
teacher 0.004524886877828055 0.030612244897959183 0.00013851694523963433
charlie 0.00904977375565611 0.00510204081632653 4.6172315079878107e-05
gilbert 0.004524886877828055 0.00510204081632653 2.3086157539939053e-05
dragged 0.004524886877828055 0.00510204081632653 2.3086157539939053e-05
to 0.01809954751131222 0.7806122448979592 0.014128728414442702
the 0.03619909502262444 0.9540816326530612 0.03453689167974883
concert 0.004524886877828055 0.00510204081632653 2.3086157539939053e-05
by 0.004524886877828055 0.33163265306122447 0.0015006002400960385
his 0.00904977375565611 0.44387755102040816 0.004016991411949396
daughter 0.004524886877828055 0.05102040816326531 0.00023086157539939055
lou 0.004524886877828055 0.00510204081632653 2.3086157539939053e-05
and 0.02262443438914027 0.8571428571428571 0.0193923723335488
his 0.00904977375565611 0.44387755102040816 0.004016991411949396
best 0.004524886877828055 0.03571428571428571 0.00016160310277957336
friend 0.004524886877828055 0.0663265306122449 0.0003001200480192077
parker 0.004524886877828055 0.01020408163265306 4.6172315079878107e-05
debbs 0.004524886877828055 0.00510204081632653 2.3086157539939053e-05
when 0.004524886877828055 0.27040816326530615 0.00122356634961677
kat 0.01809954751131222 0.00510204081632653 9.234463015975621e-05
learns 0.004524886877828055 0.04081632653061224 0.00018468926031951243
seconds 0.004524886877828055 0.00510204081632653 2.3086157539939053e-05
the 0.03619909502262444 0.9540816326530612 0.03453689167974883
ceremony 0.00904977375565611 0.00510204081632653 4.6172315079878107e-05
that 0.00904977375565611 0.40816326530612246 0.003693785206390249
bastian 0.013574660633484163 0.00510204081632653 6.925847261981715e-05
cheated 0.004524886877828055 0.00510204081632653 2.3086157539939053e-05
on 0.013574660633484163 0.3520408163265306 0.004778834610767384
her 0.01809954751131222 0.2755102040816326 0.004986610028626835
with 0.013574660633484163 0.4387755102040816 0.005956228645304275
her 0.01809954751131222 0.2755102040816326 0.004986610028626835
assistant 0.004524886877828055 0.00510204081632653 2.3086157539939053e-05
her 0.01809954751131222 0.2755102040816326 0.004986610028626835
life 0.004524886877828055 0.20408163265306123 0.0009234463015975622
turns 0.004524886877828055 0.030612244897959183 0.00013851694523963433
left 0.004524886877828055 0.04081632653061224 0.00018468926031951243
as 0.02262443438914027 0.3469387755102041 0.007849293563579277
she 0.00904977375565611 0.19387755102040816 0.0017545479730353682
a 0.02262443438914027 0.8826530612244898 0.019969526272047282
meltdown 0.004524886877828055 0.00510204081632653 2.3086157539939053e-05
on 0.013574660633484163 0.3520408163265306 0.004778834610767384
stage 0.004524886877828055 0.025510204081632654 0.00011543078769969528
questioning 0.004524886877828055 0.00510204081632653 2.3086157539939053e-05
love 0.004524886877828055 0.09183673469387756 0.000415550835718903
truth 0.004524886877828055 0.04081632653061224 0.00018468926031951243
and 0.02262443438914027 0.8571428571428571 0.0193923723335488
loyalty 0.004524886877828055 0.00510204081632653 2.3086157539939053e-05
as 0.02262443438914027 0.3469387755102041 0.007849293563579277
her 0.01809954751131222 0.2755102040816326 0.004986610028626835
gossamer 0.004524886877828055 0.00510204081632653 2.3086157539939053e-05
world 0.004524886877828055 0.19387755102040816 0.0008772739865176841
falls 0.004524886877828055 0.03571428571428571 0.00016160310277957336
away 0.004524886877828055 0.04081632653061224 0.00018468926031951243
she 0.00904977375565611 0.19387755102040816 0.0017545479730353682
locks 0.004524886877828055 0.00510204081632653 2.3086157539939053e-05
eyes 0.004524886877828055 0.030612244897959183 0.00013851694523963433
with 0.013574660633484163 0.4387755102040816 0.005956228645304275
a 0.02262443438914027 0.8826530612244898 0.019969526272047282
face 0.004524886877828055 0.025510204081632654 0.00011543078769969528
in 0.013574660633484163 0.7346938775510204 0.009973220057253672
the 0.03619909502262444 0.9540816326530612 0.03453689167974883
crowd 0.004524886877828055 0.00510204081632653 2.3086157539939053e-05
if 0.004524886877828055 0.03571428571428571 0.00016160310277957336
what 0.013574660633484163 0.1377551020408163 0.001869978760735063
know 0.00904977375565611 0.07142857142857142 0.0006464124111182935
lets 0.004524886877828055 0.01020408163265306 4.6172315079878107e-05
then 0.004524886877828055 0.05612244897959184 0.0002539477329393296
perhaps 0.004524886877828055 0.01020408163265306 4.6172315079878107e-05
what 0.013574660633484163 0.1377551020408163 0.001869978760735063
know 0.00904977375565611 0.07142857142857142 0.0006464124111182935
is 0.00904977375565611 0.5663265306122449 0.00512512697386647
the 0.03619909502262444 0.9540816326530612 0.03453689167974883
answer 0.004524886877828055 0.00510204081632653 2.3086157539939053e-05
and 0.02262443438914027 0.8571428571428571 0.0193923723335488
so 0.004524886877828055 0.030612244897959183 0.00013851694523963433
in 0.013574660633484163 0.7346938775510204 0.009973220057253672
a 0.02262443438914027 0.8826530612244898 0.019969526272047282
moment 0.004524886877828055 0.00510204081632653 2.3086157539939053e-05
inspired 0.004524886877828055 0.025510204081632654 0.00011543078769969528
insanity 0.004524886877828055 0.00510204081632653 2.3086157539939053e-05
kat 0.01809954751131222 0.00510204081632653 9.234463015975621e-05
chooses 0.004524886877828055 0.00510204081632653 2.3086157539939053e-05
to 0.01809954751131222 0.7806122448979592 0.014128728414442702
marry 0.00904977375565611 0.03571428571428571 0.0003232062055591467
charlie 0.00904977375565611 0.00510204081632653 4.6172315079878107e-05
what 0.013574660633484163 0.1377551020408163 0.001869978760735063
begins 0.004524886877828055 0.07142857142857142 0.0003232062055591467
as 0.02262443438914027 0.3469387755102041 0.007849293563579277
an 0.013574660633484163 0.3622448979591837 0.0049173515560070186
impulsive 0.004524886877828055 0.00510204081632653 2.3086157539939053e-05
reaction 0.004524886877828055 0.01020408163265306 4.6172315079878107e-05
evolves 0.004524886877828055 0.00510204081632653 2.3086157539939053e-05
an 0.013574660633484163 0.3622448979591837 0.0049173515560070186
unexpected 0.004524886877828055 0.025510204081632654 0.00011543078769969528
romance 0.004524886877828055 0.01020408163265306 4.6172315079878107e-05
but 0.004524886877828055 0.3112244897959184 0.0014082556099362824
as 0.02262443438914027 0.3469387755102041 0.007849293563579277
forces 0.004524886877828055 0.061224489795918366 0.00027703389047926865
conspire 0.004524886877828055 0.00510204081632653 2.3086157539939053e-05
to 0.01809954751131222 0.7806122448979592 0.014128728414442702
separate 0.004524886877828055 0.01020408163265306 4.6172315079878107e-05
the 0.03619909502262444 0.9540816326530612 0.03453689167974883
universal 0.004524886877828055 0.00510204081632653 2.3086157539939053e-05
question 0.004524886877828055 0.01020408163265306 4.6172315079878107e-05
arises 0.004524886877828055 0.01020408163265306 4.6172315079878107e-05
can 0.004524886877828055 0.08673469387755102 0.0003924646781789639
two 0.004524886877828055 0.12755102040816327 0.0005771539384984764
people 0.004524886877828055 0.11734693877551021 0.0005309816234185982
from 0.004524886877828055 0.3520408163265306 0.0015929448702557947
such 0.004524886877828055 0.025510204081632654 0.00011543078769969528
different 0.004524886877828055 0.03571428571428571 0.00016160310277957336
worlds 0.004524886877828055 0.015306122448979591 6.925847261981716e-05
bridge 0.004524886877828055 0.00510204081632653 2.3086157539939053e-05
the 0.03619909502262444 0.9540816326530612 0.03453689167974883
gulf 0.004524886877828055 0.00510204081632653 2.3086157539939053e-05
and 0.02262443438914027 0.8571428571428571 0.0193923723335488
build 0.004524886877828055 0.01020408163265306 4.6172315079878107e-05
a 0.02262443438914027 0.8826530612244898 0.019969526272047282
place 0.004524886877828055 0.05612244897959184 0.0002539477329393296
where 0.004524886877828055 0.11224489795918367 0.0005078954658786592
they 0.00904977375565611 0.28061224489795916 0.0025394773293932957
belong 0.004524886877828055 0.01020408163265306 4.6172315079878107e-05
