tokyo 0.016260162601626018 0.00510204081632653 8.296001327360213e-05
nasty 0.008130081300813009 0.00510204081632653 4.148000663680106e-05
underside 0.008130081300813009 0.00510204081632653 4.148000663680106e-05
seen 0.008130081300813009 0.02040816326530612 0.00016592002654720425
primarily 0.008130081300813009 0.00510204081632653 4.148000663680106e-05
through 0.008130081300813009 0.08163265306122448 0.000663680106188817
the 0.04065040650406504 0.9540816326530612 0.03878380620540899
eyes 0.008130081300813009 0.030612244897959183 0.0002488800398208064
oscar 0.024390243902439025 0.00510204081632653 0.00012444001991040318
a 0.04065040650406504 0.8826530612244898 0.03588020574083292
heavy 0.008130081300813009 0.01020408163265306 8.296001327360213e-05
drug 0.008130081300813009 0.04081632653061224 0.0003318400530944085
user 0.008130081300813009 0.00510204081632653 4.148000663680106e-05
whose 0.008130081300813009 0.04591836734693878 0.0003733200597312096
sister 0.016260162601626018 0.015306122448979591 0.0002488800398208064
linda 0.008130081300813009 0.00510204081632653 4.148000663680106e-05
is 0.016260162601626018 0.5663265306122449 0.009208561473369837
a 0.04065040650406504 0.8826530612244898 0.03588020574083292
stripper 0.008130081300813009 0.00510204081632653 4.148000663680106e-05
oscar 0.024390243902439025 0.00510204081632653 0.00012444001991040318
also 0.008130081300813009 0.09183673469387756 0.0007466401194624193
flashbacks 0.008130081300813009 0.01020408163265306 8.296001327360213e-05
to 0.008130081300813009 0.7806122448979592 0.0063464410154305635
his 0.016260162601626018 0.44387755102040816 0.007217521154803386
childhood 0.008130081300813009 0.030612244897959183 0.0002488800398208064
when 0.008130081300813009 0.27040816326530615 0.0021984403517504567
trauma 0.008130081300813009 0.01020408163265306 8.296001327360213e-05
upends 0.008130081300813009 0.00510204081632653 4.148000663680106e-05
the 0.04065040650406504 0.9540816326530612 0.03878380620540899
siblings 0.008130081300813009 0.00510204081632653 4.148000663680106e-05
oscar 0.024390243902439025 0.00510204081632653 0.00012444001991040318
hallucinations 0.008130081300813009 0.00510204081632653 4.148000663680106e-05
alter 0.008130081300813009 0.01020408163265306 8.296001327360213e-05
tokyo 0.016260162601626018 0.00510204081632653 8.296001327360213e-05
nights 0.008130081300813009 0.00510204081632653 4.148000663680106e-05
and 0.032520325203252036 0.8571428571428571 0.027874564459930314
after 0.008130081300813009 0.1989795918367347 0.0016177202588352417
the 0.04065040650406504 0.9540816326530612 0.03878380620540899
police 0.008130081300813009 0.08163265306122448 0.000663680106188817
shoot 0.008130081300813009 0.00510204081632653 4.148000663680106e-05
he 0.008130081300813009 0.34183673469387754 0.002779160444665671
can 0.024390243902439025 0.08673469387755102 0.002115480338476854
float 0.008130081300813009 0.00510204081632653 4.148000663680106e-05
and 0.032520325203252036 0.8571428571428571 0.027874564459930314
look 0.008130081300813009 0.025510204081632654 0.00020740003318400535
on 0.024390243902439025 0.3520408163265306 0.00858636137381782
his 0.016260162601626018 0.44387755102040816 0.007217521154803386
sister 0.016260162601626018 0.015306122448979591 0.0002488800398208064
sorrow 0.008130081300813009 0.00510204081632653 4.148000663680106e-05
on 0.024390243902439025 0.3520408163265306 0.00858636137381782
the 0.04065040650406504 0.9540816326530612 0.03878380620540899
rooms 0.008130081300813009 0.00510204081632653 4.148000663680106e-05
a 0.04065040650406504 0.8826530612244898 0.03588020574083292
love 0.008130081300813009 0.09183673469387756 0.0007466401194624193
hotel 0.008130081300813009 0.01020408163265306 8.296001327360213e-05
and 0.032520325203252036 0.8571428571428571 0.027874564459930314
on 0.024390243902439025 0.3520408163265306 0.00858636137381782
life 0.008130081300813009 0.20408163265306123 0.0016592002654720428
at 0.008130081300813009 0.23469387755102042 0.001908080305292849
even 0.008130081300813009 0.07142857142857142 0.0005807200929152149
a 0.04065040650406504 0.8826530612244898 0.03588020574083292
molecular 0.008130081300813009 0.00510204081632653 4.148000663680106e-05
level 0.008130081300813009 0.01020408163265306 8.296001327360213e-05
the 0.04065040650406504 0.9540816326530612 0.03878380620540899
spectrum 0.008130081300813009 0.01020408163265306 8.296001327360213e-05
colors 0.008130081300813009 0.00510204081632653 4.148000663680106e-05
can 0.024390243902439025 0.08673469387755102 0.002115480338476854
beautiful 0.008130081300813009 0.015306122448979591 0.0001244400199104032
it 0.008130081300813009 0.2193877551020408 0.0017836402853824457
people 0.008130081300813009 0.11734693877551021 0.0009540401526464245
colorless 0.008130081300813009 0.00510204081632653 4.148000663680106e-05
lives 0.008130081300813009 0.12244897959183673 0.0009955201592832257
that 0.008130081300813009 0.40816326530612246 0.0033184005309440856
can 0.024390243902439025 0.08673469387755102 0.002115480338476854
ugly 0.008130081300813009 0.01020408163265306 8.296001327360213e-05
and 0.032520325203252036 0.8571428571428571 0.027874564459930314
what 0.008130081300813009 0.1377551020408163 0.0011199601791936286
afterlife 0.008130081300813009 0.00510204081632653 4.148000663680106e-05
is 0.016260162601626018 0.5663265306122449 0.009208561473369837
there 0.008130081300813009 0.08163265306122448 0.000663680106188817
more 0.008130081300813009 0.08163265306122448 0.000663680106188817
a 0.04065040650406504 0.8826530612244898 0.03588020574083292
void 0.008130081300813009 0.00510204081632653 4.148000663680106e-05
jhailey 0.008130081300813009 0.00510204081632653 4.148000663680106e-05
