fifteen 0.013513513513513514 0.00510204081632653 6.894649751792608e-05
years 0.02702702702702703 0.12244897959183673 0.0033094318808604526
after 0.013513513513513514 0.1989795918367347 0.0026889134031991176
a 0.02702702702702703 0.8826530612244898 0.02385548814120243
horrifying 0.013513513513513514 0.00510204081632653 6.894649751792608e-05
experience 0.013513513513513514 0.02040816326530612 0.0002757859900717043
abduction 0.013513513513513514 0.00510204081632653 6.894649751792608e-05
and 0.02702702702702703 0.8571428571428571 0.023166023166023165
prolonged 0.013513513513513514 0.00510204081632653 6.894649751792608e-05
torture 0.013513513513513514 0.01020408163265306 0.00013789299503585216
lucie 0.02702702702702703 0.00510204081632653 0.00013789299503585216
embarks 0.013513513513513514 0.015306122448979591 0.00020683949255377828
on 0.02702702702702703 0.3520408163265306 0.009514616657473801
a 0.02702702702702703 0.8826530612244898 0.02385548814120243
bloody 0.013513513513513514 0.00510204081632653 6.894649751792608e-05
quest 0.013513513513513514 0.01020408163265306 0.00013789299503585216
for 0.013513513513513514 0.3877551020408163 0.005239933811362383
revenge 0.013513513513513514 0.02040816326530612 0.0002757859900717043
her 0.05405405405405406 0.2755102040816326 0.014892443463872035
oppressors 0.013513513513513514 0.00510204081632653 6.894649751792608e-05
along 0.013513513513513514 0.02040816326530612 0.0002757859900717043
with 0.013513513513513514 0.4387755102040816 0.005929398786541644
her 0.05405405405405406 0.2755102040816326 0.014892443463872035
childhood 0.013513513513513514 0.030612244897959183 0.00041367898510755657
friend 0.013513513513513514 0.0663265306122449 0.0008963044677330393
anna 0.02702702702702703 0.015306122448979591 0.00041367898510755657
who 0.013513513513513514 0.39285714285714285 0.005308880308880309
also 0.013513513513513514 0.09183673469387756 0.0012410369553226698
suffered 0.013513513513513514 0.00510204081632653 6.894649751792608e-05
abuse 0.013513513513513514 0.01020408163265306 0.00013789299503585216
she 0.02702702702702703 0.19387755102040816 0.005239933811362383
quickly 0.013513513513513514 0.02040816326530612 0.0002757859900717043
descends 0.013513513513513514 0.01020408163265306 0.00013789299503585216
without 0.013513513513513514 0.04081632653061224 0.0005515719801434087
hope 0.013513513513513514 0.030612244897959183 0.00041367898510755657
madness 0.013513513513513514 0.015306122448979591 0.00020683949255377828
and 0.02702702702702703 0.8571428571428571 0.023166023166023165
her 0.05405405405405406 0.2755102040816326 0.014892443463872035
delusions 0.013513513513513514 0.00510204081632653 6.894649751792608e-05
anna 0.02702702702702703 0.015306122448979591 0.00041367898510755657
left 0.013513513513513514 0.04081632653061224 0.0005515719801434087
on 0.02702702702702703 0.3520408163265306 0.009514616657473801
her 0.05405405405405406 0.2755102040816326 0.014892443463872035
begins 0.013513513513513514 0.07142857142857142 0.0009652509652509653
to 0.013513513513513514 0.7806122448979592 0.010548814120242693
what 0.013513513513513514 0.1377551020408163 0.0018615554329840043
lucie 0.02702702702702703 0.00510204081632653 0.00013789299503585216
when 0.013513513513513514 0.27040816326530615 0.003654164368450083
she 0.02702702702702703 0.19387755102040816 0.005239933811362383
twelve 0.013513513513513514 0.00510204081632653 6.894649751792608e-05
years 0.02702702702702703 0.12244897959183673 0.0033094318808604526
old 0.013513513513513514 0.05612244897959184 0.000758411472697187
