a 0.02857142857142857 0.8826530612244898 0.02521865889212828
little 0.007142857142857143 0.04591836734693878 0.00032798833819241985
girl 0.014285714285714285 0.08673469387755102 0.001239067055393586
is 0.02857142857142857 0.5663265306122449 0.016180758017492712
sold 0.014285714285714285 0.01020408163265306 0.00014577259475218656
to 0.05714285714285714 0.7806122448979592 0.0446064139941691
brothel 0.014285714285714285 0.00510204081632653 7.288629737609328e-05
rashmibai 0.014285714285714285 0.00510204081632653 7.288629737609328e-05
who 0.02142857142857143 0.39285714285714285 0.008418367346938776
is 0.02857142857142857 0.5663265306122449 0.016180758017492712
forcefully 0.007142857142857143 0.015306122448979591 0.00010932944606413994
asked 0.007142857142857143 0.01020408163265306 7.288629737609328e-05
to 0.05714285714285714 0.7806122448979592 0.0446064139941691
enter 0.014285714285714285 0.02040816326530612 0.0002915451895043731
the 0.02142857142857143 0.9540816326530612 0.02044460641399417
business 0.007142857142857143 0.025510204081632654 0.00018221574344023323
flesh 0.007142857142857143 0.015306122448979591 0.00010932944606413994
the 0.02142857142857143 0.9540816326530612 0.02044460641399417
girl 0.014285714285714285 0.08673469387755102 0.001239067055393586
agree 0.007142857142857143 0.015306122448979591 0.00010932944606413994
rashmibai 0.014285714285714285 0.00510204081632653 7.288629737609328e-05
is 0.02857142857142857 0.5663265306122449 0.016180758017492712
finally 0.007142857142857143 0.03571428571428571 0.0002551020408163265
forced 0.007142857142857143 0.04081632653061224 0.0002915451895043731
to 0.05714285714285714 0.7806122448979592 0.0446064139941691
take 0.007142857142857143 0.09183673469387756 0.0006559766763848397
help 0.007142857142857143 0.10204081632653061 0.0007288629737609329
gangubai 0.014285714285714285 0.00510204081632653 7.288629737609328e-05
kathiawadi 0.007142857142857143 0.00510204081632653 3.644314868804664e-05
aka 0.007142857142857143 0.00510204081632653 3.644314868804664e-05
ganga 0.007142857142857143 0.00510204081632653 3.644314868804664e-05
who 0.02142857142857143 0.39285714285714285 0.008418367346938776
wanted 0.007142857142857143 0.00510204081632653 3.644314868804664e-05
to 0.05714285714285714 0.7806122448979592 0.0446064139941691
an 0.007142857142857143 0.3622448979591837 0.002587463556851312
actress 0.007142857142857143 0.025510204081632654 0.00018221574344023323
and 0.02857142857142857 0.8571428571428571 0.024489795918367346
years 0.007142857142857143 0.12244897959183673 0.0008746355685131195
back 0.014285714285714285 0.08673469387755102 0.001239067055393586
eloped 0.007142857142857143 0.01020408163265306 7.288629737609328e-05
to 0.05714285714285714 0.7806122448979592 0.0446064139941691
bombay 0.007142857142857143 0.01020408163265306 7.288629737609328e-05
with 0.02142857142857143 0.4387755102040816 0.009402332361516035
her 0.02857142857142857 0.2755102040816326 0.007871720116618075
boyfriend 0.007142857142857143 0.03571428571428571 0.0002551020408163265
ramnik 0.007142857142857143 0.00510204081632653 3.644314868804664e-05
who 0.02142857142857143 0.39285714285714285 0.008418367346938776
sold 0.014285714285714285 0.01020408163265306 0.00014577259475218656
her 0.02857142857142857 0.2755102040816326 0.007871720116618075
at 0.007142857142857143 0.23469387755102042 0.0016763848396501458
brothel 0.014285714285714285 0.00510204081632653 7.288629737609328e-05
shelia 0.007142857142857143 0.00510204081632653 3.644314868804664e-05
not 0.007142857142857143 0.14795918367346939 0.0010568513119533526
option 0.007142857142857143 0.00510204081632653 3.644314868804664e-05
to 0.05714285714285714 0.7806122448979592 0.0446064139941691
return 0.007142857142857143 0.030612244897959183 0.00021865889212827988
back 0.014285714285714285 0.08673469387755102 0.001239067055393586
and 0.02857142857142857 0.8571428571428571 0.024489795918367346
hence 0.007142857142857143 0.00510204081632653 3.644314868804664e-05
turned 0.007142857142857143 0.04081632653061224 0.0002915451895043731
a 0.02857142857142857 0.8826530612244898 0.02521865889212828
prostitute 0.007142857142857143 0.00510204081632653 3.644314868804664e-05
but 0.014285714285714285 0.3112244897959184 0.004446064139941691
she 0.014285714285714285 0.19387755102040816 0.002769679300291545
gained 0.007142857142857143 0.00510204081632653 3.644314868804664e-05
respect 0.007142857142857143 0.00510204081632653 3.644314868804664e-05
from 0.007142857142857143 0.3520408163265306 0.0025145772594752187
fellow 0.007142857142857143 0.025510204081632654 0.00018221574344023323
women 0.014285714285714285 0.061224489795918366 0.0008746355685131195
as 0.014285714285714285 0.3469387755102041 0.004956268221574344
she 0.014285714285714285 0.19387755102040816 0.002769679300291545
would 0.007142857142857143 0.030612244897959183 0.00021865889212827988
their 0.007142857142857143 0.3520408163265306 0.0025145772594752187
main 0.007142857142857143 0.02040816326530612 0.00014577259475218656
support 0.007142857142857143 0.01020408163265306 7.288629737609328e-05
to 0.05714285714285714 0.7806122448979592 0.0446064139941691
go 0.007142857142857143 0.09183673469387756 0.0006559766763848397
sheila 0.007142857142857143 0.00510204081632653 3.644314868804664e-05
coming 0.007142857142857143 0.01020408163265306 7.288629737609328e-05
times 0.007142857142857143 0.015306122448979591 0.00010932944606413994
gangubai 0.014285714285714285 0.00510204081632653 7.288629737609328e-05
bonds 0.007142857142857143 0.00510204081632653 3.644314868804664e-05
with 0.02142857142857143 0.4387755102040816 0.009402332361516035
don 0.007142857142857143 0.015306122448979591 0.00010932944606413994
rahim 0.007142857142857143 0.01020408163265306 7.288629737609328e-05
lala 0.007142857142857143 0.00510204081632653 3.644314868804664e-05
and 0.02857142857142857 0.8571428571428571 0.024489795918367346
develops 0.007142857142857143 0.01020408163265306 7.288629737609328e-05
a 0.02857142857142857 0.8826530612244898 0.02521865889212828
brotherly 0.007142857142857143 0.00510204081632653 3.644314868804664e-05
relationship 0.007142857142857143 0.05612244897959184 0.0004008746355685131
with 0.02142857142857143 0.4387755102040816 0.009402332361516035
is 0.02857142857142857 0.5663265306122449 0.016180758017492712
soon 0.007142857142857143 0.04081632653061224 0.0002915451895043731
known 0.007142857142857143 0.05612244897959184 0.0004008746355685131
as 0.014285714285714285 0.3469387755102041 0.004956268221574344
the 0.02142857142857143 0.9540816326530612 0.02044460641399417
mafia 0.007142857142857143 0.02040816326530612 0.00014577259475218656
queen 0.007142857142857143 0.00510204081632653 3.644314868804664e-05
and 0.02857142857142857 0.8571428571428571 0.024489795918367346
wants 0.007142857142857143 0.04591836734693878 0.00032798833819241985
better 0.007142857142857143 0.01020408163265306 7.288629737609328e-05
lives 0.007142857142857143 0.12244897959183673 0.0008746355685131195
for 0.007142857142857143 0.3877551020408163 0.002769679300291545
women 0.014285714285714285 0.061224489795918366 0.0008746355685131195
her 0.02857142857142857 0.2755102040816326 0.007871720116618075
decides 0.007142857142857143 0.061224489795918366 0.00043731778425655976
to 0.05714285714285714 0.7806122448979592 0.0446064139941691
enter 0.014285714285714285 0.02040816326530612 0.0002915451895043731
politics 0.007142857142857143 0.01020408163265306 7.288629737609328e-05
but 0.014285714285714285 0.3112244897959184 0.004446064139941691
a 0.02857142857142857 0.8826530612244898 0.02521865889212828
powerful 0.007142857142857143 0.03571428571428571 0.0002551020408163265
contender 0.007142857142857143 0.00510204081632653 3.644314868804664e-05
raziabai 0.007142857142857143 0.00510204081632653 3.644314868804664e-05
opposite 0.007142857142857143 0.00510204081632653 3.644314868804664e-05
her 0.02857142857142857 0.2755102040816326 0.007871720116618075
