december 0.008064516129032258 0.01020408163265306 8.229098090849243e-05
in 0.03225806451612903 0.7346938775510204 0.02369980250164582
vyazma 0.008064516129032258 0.00510204081632653 4.114549045424621e-05
cauldron 0.008064516129032258 0.00510204081632653 4.114549045424621e-05
there 0.008064516129032258 0.08163265306122448 0.0006583278472679394
is 0.016129032258064516 0.5663265306122449 0.00913429888084266
a 0.04032258064516129 0.8826530612244898 0.035590849242922974
small 0.008064516129032258 0.07653061224489796 0.0006171823568136933
group 0.008064516129032258 0.05102040816326531 0.00041145490454246215
soviet 0.008064516129032258 0.030612244897959183 0.00024687294272547725
soldiers 0.016129032258064516 0.015306122448979591 0.00024687294272547725
who 0.016129032258064516 0.39285714285714285 0.0063364055299539165
trying 0.008064516129032258 0.030612244897959183 0.00024687294272547725
to 0.03225806451612903 0.7806122448979592 0.025181040157998685
reach 0.008064516129032258 0.025510204081632654 0.00020572745227123108
their 0.016129032258064516 0.3520408163265306 0.005678077682685977
comrades 0.008064516129032258 0.00510204081632653 4.114549045424621e-05
after 0.008064516129032258 0.1989795918367347 0.0016046741277156024
having 0.008064516129032258 0.04081632653061224 0.0003291639236339697
escaped 0.008064516129032258 0.01020408163265306 8.229098090849243e-05
a 0.04032258064516129 0.8826530612244898 0.035590849242922974
nazi 0.016129032258064516 0.01020408163265306 0.00016458196181698485
encirclement 0.008064516129032258 0.00510204081632653 4.114549045424621e-05
in 0.03225806451612903 0.7346938775510204 0.02369980250164582
the 0.06451612903225806 0.9540816326530612 0.061553653719552334
movie 0.016129032258064516 0.030612244897959183 0.0004937458854509545
they 0.016129032258064516 0.28061224489795916 0.004526003949967083
suddenly 0.008064516129032258 0.030612244897959183 0.00024687294272547725
caught 0.008064516129032258 0.015306122448979591 0.00012343647136273862
in 0.03225806451612903 0.7346938775510204 0.02369980250164582
an 0.008064516129032258 0.3622448979591837 0.002921329822251481
unequal 0.008064516129032258 0.00510204081632653 4.114549045424621e-05
battle 0.016129032258064516 0.061224489795918366 0.000987491770901909
with 0.008064516129032258 0.4387755102040816 0.0035385121790651743
a 0.04032258064516129 0.8826530612244898 0.035590849242922974
special 0.008064516129032258 0.025510204081632654 0.00020572745227123108
unit 0.008064516129032258 0.00510204081632653 4.114549045424621e-05
the 0.06451612903225806 0.9540816326530612 0.061553653719552334
wehrmacht 0.008064516129032258 0.00510204081632653 4.114549045424621e-05
none 0.008064516129032258 0.01020408163265306 8.229098090849243e-05
these 0.008064516129032258 0.05102040816326531 0.00041145490454246215
brave 0.008064516129032258 0.00510204081632653 4.114549045424621e-05
people 0.008064516129032258 0.11734693877551021 0.000946346280447663
born 0.008064516129032258 0.02040816326530612 0.00016458196181698485
a 0.04032258064516129 0.8826530612244898 0.035590849242922974
hero 0.016129032258064516 0.025510204081632654 0.00041145490454246215
but 0.008064516129032258 0.3112244897959184 0.002509874917709019
they 0.016129032258064516 0.28061224489795916 0.004526003949967083
became 0.008064516129032258 0.015306122448979591 0.00012343647136273862
heroes 0.008064516129032258 0.02040816326530612 0.00016458196181698485
and 0.016129032258064516 0.8571428571428571 0.013824884792626727
helped 0.008064516129032258 0.01020408163265306 8.229098090849243e-05
in 0.03225806451612903 0.7346938775510204 0.02369980250164582
their 0.016129032258064516 0.3520408163265306 0.005678077682685977
battle 0.016129032258064516 0.061224489795918366 0.000987491770901909
by 0.016129032258064516 0.33163265306122447 0.005348913759052007
the 0.06451612903225806 0.9540816326530612 0.061553653719552334
red 0.016129032258064516 0.01020408163265306 0.00016458196181698485
ghost 0.016129032258064516 0.01020408163265306 0.00016458196181698485
the 0.06451612903225806 0.9540816326530612 0.061553653719552334
myth 0.008064516129032258 0.015306122448979591 0.00012343647136273862
the 0.06451612903225806 0.9540816326530612 0.061553653719552334
red 0.016129032258064516 0.01020408163265306 0.00016458196181698485
ghost 0.016129032258064516 0.01020408163265306 0.00016458196181698485
the 0.06451612903225806 0.9540816326530612 0.061553653719552334
movie 0.016129032258064516 0.030612244897959183 0.0004937458854509545
is 0.016129032258064516 0.5663265306122449 0.00913429888084266
a 0.04032258064516129 0.8826530612244898 0.035590849242922974
lone 0.008064516129032258 0.00510204081632653 4.114549045424621e-05
hero 0.016129032258064516 0.025510204081632654 0.00041145490454246215
who 0.016129032258064516 0.39285714285714285 0.0063364055299539165
picks 0.008064516129032258 0.00510204081632653 4.114549045424621e-05
nazi 0.016129032258064516 0.01020408163265306 0.00016458196181698485
soldiers 0.016129032258064516 0.015306122448979591 0.00024687294272547725
one 0.016129032258064516 0.18877551020408162 0.0030447662936142197
by 0.016129032258064516 0.33163265306122447 0.005348913759052007
one 0.016129032258064516 0.18877551020408162 0.0030447662936142197
he 0.008064516129032258 0.34183673469387754 0.002756747860434496
seems 0.008064516129032258 0.04591836734693878 0.00037030941408821595
to 0.03225806451612903 0.7806122448979592 0.025181040157998685
able 0.008064516129032258 0.030612244897959183 0.00024687294272547725
to 0.03225806451612903 0.7806122448979592 0.025181040157998685
vanish 0.008064516129032258 0.00510204081632653 4.114549045424621e-05
almost 0.008064516129032258 0.01020408163265306 8.229098090849243e-05
magically 0.008064516129032258 0.00510204081632653 4.114549045424621e-05
the 0.06451612903225806 0.9540816326530612 0.061553653719552334
forests 0.008064516129032258 0.015306122448979591 0.00012343647136273862
and 0.016129032258064516 0.8571428571428571 0.013824884792626727
even 0.008064516129032258 0.07142857142857142 0.000576036866359447
to 0.03225806451612903 0.7806122448979592 0.025181040157998685
come 0.008064516129032258 0.025510204081632654 0.00020572745227123108
back 0.008064516129032258 0.08673469387755102 0.0006994733377221857
from 0.008064516129032258 0.3520408163265306 0.0028390388413429887
the 0.06451612903225806 0.9540816326530612 0.061553653719552334
dead 0.008064516129032258 0.015306122448979591 0.00012343647136273862
