neil 0.014285714285714285 0.01020408163265306 0.00014577259475218656
and 0.02857142857142857 0.8571428571428571 0.024489795918367346
alice 0.014285714285714285 0.01020408163265306 0.00014577259475218656
bennett 0.014285714285714285 0.00510204081632653 7.288629737609328e-05
tim 0.014285714285714285 0.00510204081632653 7.288629737609328e-05
roth 0.014285714285714285 0.00510204081632653 7.288629737609328e-05
charlotte 0.014285714285714285 0.02040816326530612 0.0002915451895043731
gainsbourg 0.014285714285714285 0.00510204081632653 7.288629737609328e-05
the 0.04285714285714286 0.9540816326530612 0.04088921282798834
core 0.014285714285714285 0.01020408163265306 0.00014577259475218656
a 0.02857142857142857 0.8826530612244898 0.02521865889212828
wealthy 0.014285714285714285 0.025510204081632654 0.00036443148688046647
family 0.02857142857142857 0.22448979591836735 0.006413994169096209
on 0.014285714285714285 0.3520408163265306 0.005029154518950437
vacation 0.014285714285714285 0.00510204081632653 7.288629737609328e-05
in 0.02857142857142857 0.7346938775510204 0.02099125364431487
mexico 0.014285714285714285 0.015306122448979591 0.00021865889212827988
with 0.014285714285714285 0.4387755102040816 0.006268221574344023
younger 0.014285714285714285 0.01020408163265306 0.00014577259475218656
members 0.014285714285714285 0.02040816326530612 0.0002915451895043731
colin 0.014285714285714285 0.00510204081632653 7.288629737609328e-05
and 0.02857142857142857 0.8571428571428571 0.024489795918367346
alexa 0.014285714285714285 0.00510204081632653 7.288629737609328e-05
samuel 0.014285714285714285 0.00510204081632653 7.288629737609328e-05
bottomley 0.014285714285714285 0.00510204081632653 7.288629737609328e-05
albertine 0.014285714285714285 0.00510204081632653 7.288629737609328e-05
kotting 0.014285714285714285 0.00510204081632653 7.288629737609328e-05
mcmillan 0.014285714285714285 0.00510204081632653 7.288629737609328e-05
a 0.02857142857142857 0.8826530612244898 0.02521865889212828
distant 0.014285714285714285 0.00510204081632653 7.288629737609328e-05
emergency 0.014285714285714285 0.00510204081632653 7.288629737609328e-05
cuts 0.014285714285714285 0.01020408163265306 0.00014577259475218656
their 0.014285714285714285 0.3520408163265306 0.005029154518950437
trip 0.014285714285714285 0.02040816326530612 0.0002915451895043731
short 0.014285714285714285 0.01020408163265306 0.00014577259475218656
when 0.014285714285714285 0.27040816326530615 0.0038629737609329447
one 0.014285714285714285 0.18877551020408162 0.0026967930029154516
relative 0.014285714285714285 0.01020408163265306 0.00014577259475218656
disrupts 0.014285714285714285 0.00510204081632653 7.288629737609328e-05
the 0.04285714285714286 0.9540816326530612 0.04088921282798834
family 0.02857142857142857 0.22448979591836735 0.006413994169096209
order 0.014285714285714285 0.04081632653061224 0.0005830903790087462
simmering 0.014285714285714285 0.00510204081632653 7.288629737609328e-05
tensions 0.014285714285714285 0.00510204081632653 7.288629737609328e-05
rise 0.014285714285714285 0.02040816326530612 0.0002915451895043731
to 0.014285714285714285 0.7806122448979592 0.011151603498542275
the 0.04285714285714286 0.9540816326530612 0.04088921282798834
fore 0.014285714285714285 0.00510204081632653 7.288629737609328e-05
in 0.02857142857142857 0.7346938775510204 0.02099125364431487
this 0.014285714285714285 0.17346938775510204 0.002478134110787172
suspenseful 0.014285714285714285 0.01020408163265306 0.00014577259475218656
jolt 0.014285714285714285 0.00510204081632653 7.288629737609328e-05
from 0.014285714285714285 0.3520408163265306 0.005029154518950437
michel 0.014285714285714285 0.00510204081632653 7.288629737609328e-05
franco 0.014285714285714285 0.00510204081632653 7.288629737609328e-05
