in 0.02512562814070352 0.7346938775510204 0.018459645164598505
early 0.005025125628140704 0.030612244897959183 0.00015383037637165418
adolescence 0.005025125628140704 0.00510204081632653 2.5638396061942365e-05
humbert 0.035175879396984924 0.00510204081632653 0.00017946877243359653
fell 0.005025125628140704 0.01020408163265306 5.127679212388473e-05
hopelessly 0.005025125628140704 0.00510204081632653 2.5638396061942365e-05
and 0.035175879396984924 0.8571428571428571 0.03015075376884422
tragically 0.005025125628140704 0.00510204081632653 2.5638396061942365e-05
in 0.02512562814070352 0.7346938775510204 0.018459645164598505
love 0.005025125628140704 0.09183673469387756 0.0004614911291149626
with 0.010050251256281407 0.4387755102040816 0.004409804122654086
a 0.05025125628140704 0.8826530612244898 0.0443544251871603
girl 0.01507537688442211 0.08673469387755102 0.0013075581991590605
his 0.010050251256281407 0.44387755102040816 0.004461080914777971
age 0.005025125628140704 0.025510204081632654 0.00012819198030971182
and 0.035175879396984924 0.8571428571428571 0.03015075376884422
as 0.010050251256281407 0.3469387755102041 0.0034868218644241618
he 0.020100502512562814 0.34183673469387754 0.006871090144600554
grew 0.005025125628140704 0.00510204081632653 2.5638396061942365e-05
adulthood 0.005025125628140704 0.00510204081632653 2.5638396061942365e-05
he 0.020100502512562814 0.34183673469387754 0.006871090144600554
never 0.005025125628140704 0.03571428571428571 0.00017946877243359653
lost 0.005025125628140704 0.05102040816326531 0.00025638396061942363
his 0.010050251256281407 0.44387755102040816 0.004461080914777971
obsession 0.005025125628140704 0.00510204081632653 2.5638396061942365e-05
with 0.010050251256281407 0.4387755102040816 0.004409804122654086
nymphets 0.005025125628140704 0.00510204081632653 2.5638396061942365e-05
teenagers 0.005025125628140704 0.015306122448979591 7.691518818582709e-05
who 0.010050251256281407 0.39285714285714285 0.003948312993539124
walk 0.005025125628140704 0.015306122448979591 7.691518818582709e-05
a 0.05025125628140704 0.8826530612244898 0.0443544251871603
fine 0.005025125628140704 0.00510204081632653 2.5638396061942365e-05
line 0.005025125628140704 0.01020408163265306 5.127679212388473e-05
being 0.005025125628140704 0.07653061224489796 0.0003845759409291355
a 0.05025125628140704 0.8826530612244898 0.0443544251871603
girl 0.01507537688442211 0.08673469387755102 0.0013075581991590605
and 0.035175879396984924 0.8571428571428571 0.03015075376884422
a 0.05025125628140704 0.8826530612244898 0.0443544251871603
woman 0.010050251256281407 0.07142857142857142 0.0007178750897343861
while 0.005025125628140704 0.12244897959183673 0.0006153215054866167
looking 0.005025125628140704 0.02040816326530612 0.00010255358424776946
for 0.005025125628140704 0.3877551020408163 0.0019485181007076198
a 0.05025125628140704 0.8826530612244898 0.0443544251871603
place 0.005025125628140704 0.05612244897959184 0.000282022356681366
to 0.035175879396984924 0.7806122448979592 0.027458722182340273
live 0.005025125628140704 0.05612244897959184 0.000282022356681366
after 0.005025125628140704 0.1989795918367347 0.0009998974464157523
securing 0.005025125628140704 0.00510204081632653 2.5638396061942365e-05
a 0.05025125628140704 0.8826530612244898 0.0443544251871603
new 0.005025125628140704 0.1377551020408163 0.0006922366936724437
teaching 0.005025125628140704 0.00510204081632653 2.5638396061942365e-05
position 0.005025125628140704 0.01020408163265306 5.127679212388473e-05
he 0.020100502512562814 0.34183673469387754 0.006871090144600554
meets 0.010050251256281407 0.05102040816326531 0.0005127679212388473
charlotte 0.01507537688442211 0.02040816326530612 0.00030766075274330835
haze 0.010050251256281407 0.00510204081632653 5.127679212388473e-05
melanie 0.005025125628140704 0.00510204081632653 2.5638396061942365e-05
griffith 0.005025125628140704 0.00510204081632653 2.5638396061942365e-05
a 0.05025125628140704 0.8826530612244898 0.0443544251871603
pretentious 0.005025125628140704 0.00510204081632653 2.5638396061942365e-05
and 0.035175879396984924 0.8571428571428571 0.03015075376884422
annoying 0.005025125628140704 0.00510204081632653 2.5638396061942365e-05
woman 0.010050251256281407 0.07142857142857142 0.0007178750897343861
who 0.010050251256281407 0.39285714285714285 0.003948312993539124
seems 0.005025125628140704 0.04591836734693878 0.0002307455645574813
desperately 0.005025125628140704 0.01020408163265306 5.127679212388473e-05
lonely 0.005025125628140704 0.00510204081632653 2.5638396061942365e-05
and 0.035175879396984924 0.8571428571428571 0.03015075376884422
is 0.005025125628140704 0.5663265306122449 0.0028458619628756025
obviously 0.005025125628140704 0.00510204081632653 2.5638396061942365e-05
attracted 0.005025125628140704 0.015306122448979591 7.691518818582709e-05
to 0.035175879396984924 0.7806122448979592 0.027458722182340273
humbert 0.035175879396984924 0.00510204081632653 0.00017946877243359653
humbert 0.035175879396984924 0.00510204081632653 0.00017946877243359653
pays 0.005025125628140704 0.00510204081632653 2.5638396061942365e-05
her 0.02512562814070352 0.2755102040816326 0.006922366936724439
little 0.005025125628140704 0.04591836734693878 0.0002307455645574813
mind 0.005025125628140704 0.01020408163265306 5.127679212388473e-05
he 0.020100502512562814 0.34183673469387754 0.006871090144600554
meets 0.010050251256281407 0.05102040816326531 0.0005127679212388473
her 0.02512562814070352 0.2755102040816326 0.006922366936724439
daughter 0.010050251256281407 0.05102040816326531 0.0005127679212388473
lolita 0.01507537688442211 0.00510204081632653 7.691518818582709e-05
dominique 0.005025125628140704 0.00510204081632653 2.5638396061942365e-05
swain 0.005025125628140704 0.00510204081632653 2.5638396061942365e-05
the 0.02512562814070352 0.9540816326530612 0.02397190031791611
image 0.005025125628140704 0.00510204081632653 2.5638396061942365e-05
the 0.02512562814070352 0.9540816326530612 0.02397190031791611
girl 0.01507537688442211 0.08673469387755102 0.0013075581991590605
that 0.005025125628140704 0.40816326530612246 0.002051071684955389
humbert 0.035175879396984924 0.00510204081632653 0.00017946877243359653
once 0.005025125628140704 0.061224489795918366 0.00030766075274330835
loved 0.005025125628140704 0.02040816326530612 0.00010255358424776946
humbert 0.035175879396984924 0.00510204081632653 0.00017946877243359653
moves 0.005025125628140704 0.030612244897959183 0.00015383037637165418
the 0.02512562814070352 0.9540816326530612 0.02397190031791611
haze 0.010050251256281407 0.00510204081632653 5.127679212388473e-05
home 0.005025125628140704 0.07653061224489796 0.0003845759409291355
as 0.010050251256281407 0.3469387755102041 0.0034868218644241618
a 0.05025125628140704 0.8826530612244898 0.0443544251871603
boarder 0.005025125628140704 0.00510204081632653 2.5638396061942365e-05
and 0.035175879396984924 0.8571428571428571 0.03015075376884422
eventually 0.005025125628140704 0.025510204081632654 0.00012819198030971182
marries 0.005025125628140704 0.01020408163265306 5.127679212388473e-05
charlotte 0.01507537688442211 0.02040816326530612 0.00030766075274330835
in 0.02512562814070352 0.7346938775510204 0.018459645164598505
order 0.005025125628140704 0.04081632653061224 0.00020510716849553892
to 0.035175879396984924 0.7806122448979592 0.027458722182340273
closer 0.005025125628140704 0.025510204081632654 0.00012819198030971182
to 0.035175879396984924 0.7806122448979592 0.027458722182340273
lolita 0.01507537688442211 0.00510204081632653 7.691518818582709e-05
when 0.005025125628140704 0.27040816326530615 0.0013588349912829454
charlotte 0.01507537688442211 0.02040816326530612 0.00030766075274330835
finds 0.005025125628140704 0.0663265306122449 0.0003332991488052508
out 0.005025125628140704 0.18877551020408162 0.0009486206542918675
humbert 0.035175879396984924 0.00510204081632653 0.00017946877243359653
attraction 0.005025125628140704 0.015306122448979591 7.691518818582709e-05
to 0.035175879396984924 0.7806122448979592 0.027458722182340273
her 0.02512562814070352 0.2755102040816326 0.006922366936724439
daughter 0.010050251256281407 0.05102040816326531 0.0005127679212388473
she 0.005025125628140704 0.19387755102040816 0.0009742590503538099
flees 0.005025125628140704 0.00510204081632653 2.5638396061942365e-05
the 0.02512562814070352 0.9540816326530612 0.02397190031791611
house 0.005025125628140704 0.061224489795918366 0.00030766075274330835
in 0.02512562814070352 0.7346938775510204 0.018459645164598505
a 0.05025125628140704 0.8826530612244898 0.0443544251871603
rage 0.005025125628140704 0.01020408163265306 5.127679212388473e-05
to 0.035175879396984924 0.7806122448979592 0.027458722182340273
killed 0.005025125628140704 0.025510204081632654 0.00012819198030971182
in 0.02512562814070352 0.7346938775510204 0.018459645164598505
an 0.005025125628140704 0.3622448979591837 0.001820326120397908
auto 0.010050251256281407 0.015306122448979591 0.00015383037637165418
accident 0.005025125628140704 0.025510204081632654 0.00012819198030971182
without 0.005025125628140704 0.04081632653061224 0.00020510716849553892
telling 0.005025125628140704 0.015306122448979591 7.691518818582709e-05
lolita 0.01507537688442211 0.00510204081632653 7.691518818582709e-05
her 0.02512562814070352 0.2755102040816326 0.006922366936724439
mother 0.005025125628140704 0.05612244897959184 0.000282022356681366
fate 0.005025125628140704 0.015306122448979591 7.691518818582709e-05
humbert 0.035175879396984924 0.00510204081632653 0.00017946877243359653
takes 0.005025125628140704 0.05612244897959184 0.000282022356681366
her 0.02512562814070352 0.2755102040816326 0.006922366936724439
on 0.005025125628140704 0.3520408163265306 0.0017690493282740232
a 0.05025125628140704 0.8826530612244898 0.0443544251871603
auto 0.010050251256281407 0.015306122448979591 0.00015383037637165418
trip 0.005025125628140704 0.02040816326530612 0.00010255358424776946
where 0.005025125628140704 0.11224489795918367 0.000564044713362732
their 0.005025125628140704 0.3520408163265306 0.0017690493282740232
relationship 0.005025125628140704 0.05612244897959184 0.000282022356681366
begins 0.005025125628140704 0.07142857142857142 0.00035893754486719307
to 0.035175879396984924 0.7806122448979592 0.027458722182340273
move 0.005025125628140704 0.025510204081632654 0.00012819198030971182
beyond 0.005025125628140704 0.01020408163265306 5.127679212388473e-05
the 0.02512562814070352 0.9540816326530612 0.02397190031791611
traditional 0.005025125628140704 0.00510204081632653 2.5638396061942365e-05
boundaries 0.005025125628140704 0.00510204081632653 2.5638396061942365e-05
stepfather 0.005025125628140704 0.01020408163265306 5.127679212388473e-05
and 0.035175879396984924 0.8571428571428571 0.03015075376884422
