the 0.08411214953271028 0.9540816326530612 0.08024985695212664
year 0.009345794392523364 0.01020408163265306 9.536524890329963e-05
is 0.018691588785046728 0.5663265306122449 0.01058554262826626
and 0.037383177570093455 0.8571428571428571 0.032042723631508674
with 0.028037383177570093 0.4387755102040816 0.012302117108525653
the 0.08411214953271028 0.9540816326530612 0.08024985695212664
abolition 0.009345794392523364 0.00510204081632653 4.7682624451649815e-05
the 0.08411214953271028 0.9540816326530612 0.08024985695212664
death 0.009345794392523364 0.04591836734693878 0.00042914362006484836
penalty 0.009345794392523364 0.00510204081632653 4.7682624451649815e-05
prisons 0.009345794392523364 0.00510204081632653 4.7682624451649815e-05
overflowing 0.009345794392523364 0.00510204081632653 4.7682624451649815e-05
across 0.009345794392523364 0.04081632653061224 0.0003814609956131985
the 0.08411214953271028 0.9540816326530612 0.08024985695212664
globe 0.009345794392523364 0.00510204081632653 4.7682624451649815e-05
presenting 0.009345794392523364 0.01020408163265306 9.536524890329963e-05
a 0.04672897196261682 0.8826530612244898 0.041245470150677095
major 0.009345794392523364 0.04081632653061224 0.0003814609956131985
problem 0.009345794392523364 0.02040816326530612 0.00019073049780659926
for 0.009345794392523364 0.3877551020408163 0.003623879458325386
the 0.08411214953271028 0.9540816326530612 0.08024985695212664
authorities 0.018691588785046728 0.015306122448979591 0.0002860957467098989
the 0.08411214953271028 0.9540816326530612 0.08024985695212664
solution 0.009345794392523364 0.00510204081632653 4.7682624451649815e-05
is 0.018691588785046728 0.5663265306122449 0.01058554262826626
to 0.037383177570093455 0.7806122448979592 0.02918176616440969
ship 0.009345794392523364 0.02040816326530612 0.00019073049780659926
a 0.04672897196261682 0.8826530612244898 0.041245470150677095
consignment 0.009345794392523364 0.01020408163265306 9.536524890329963e-05
to 0.037383177570093455 0.7806122448979592 0.02918176616440969
a 0.04672897196261682 0.8826530612244898 0.041245470150677095
freezing 0.009345794392523364 0.00510204081632653 4.7682624451649815e-05
place 0.009345794392523364 0.05612244897959184 0.000524508868968148
and 0.037383177570093455 0.8571428571428571 0.032042723631508674
let 0.009345794392523364 0.02040816326530612 0.00019073049780659926
colonize 0.009345794392523364 0.00510204081632653 4.7682624451649815e-05
it 0.009345794392523364 0.2193877551020408 0.002050352851420942
when 0.009345794392523364 0.27040816326530615 0.0025271790959374403
they 0.009345794392523364 0.28061224489795916 0.00262254434484074
find 0.009345794392523364 0.08163265306122448 0.000762921991226397
deposited 0.009345794392523364 0.00510204081632653 4.7682624451649815e-05
at 0.009345794392523364 0.23469387755102042 0.0021934007247758915
their 0.018691588785046728 0.3520408163265306 0.006580202174327675
new 0.009345794392523364 0.1377551020408163 0.001287430860194545
home 0.009345794392523364 0.07653061224489796 0.0007152393667747473
the 0.08411214953271028 0.9540816326530612 0.08024985695212664
authorities 0.018691588785046728 0.015306122448979591 0.0002860957467098989
leave 0.009345794392523364 0.02040816326530612 0.00019073049780659926
a 0.04672897196261682 0.8826530612244898 0.041245470150677095
pile 0.009345794392523364 0.00510204081632653 4.7682624451649815e-05
numbered 0.009345794392523364 0.00510204081632653 4.7682624451649815e-05
keys 0.009345794392523364 0.00510204081632653 4.7682624451649815e-05
with 0.028037383177570093 0.4387755102040816 0.012302117108525653
to 0.037383177570093455 0.7806122448979592 0.02918176616440969
unlock 0.009345794392523364 0.015306122448979591 0.00014304787335494944
their 0.018691588785046728 0.3520408163265306 0.006580202174327675
chains 0.009345794392523364 0.00510204081632653 4.7682624451649815e-05
and 0.037383177570093455 0.8571428571428571 0.032042723631508674
then 0.009345794392523364 0.05612244897959184 0.000524508868968148
retreat 0.009345794392523364 0.00510204081632653 4.7682624451649815e-05
to 0.037383177570093455 0.7806122448979592 0.02918176616440969
a 0.04672897196261682 0.8826530612244898 0.041245470150677095
safe 0.009345794392523364 0.01020408163265306 9.536524890329963e-05
distance 0.009345794392523364 0.00510204081632653 4.7682624451649815e-05
all 0.009345794392523364 0.17346938775510204 0.0016212092313560938
hell 0.009345794392523364 0.015306122448979591 0.00014304787335494944
breaks 0.009345794392523364 0.01020408163265306 9.536524890329963e-05
loose 0.009345794392523364 0.00510204081632653 4.7682624451649815e-05
and 0.037383177570093455 0.8571428571428571 0.032042723631508674
among 0.009345794392523364 0.02040816326530612 0.00019073049780659926
scenes 0.009345794392523364 0.00510204081632653 4.7682624451649815e-05
carnage 0.009345794392523364 0.00510204081632653 4.7682624451649815e-05
the 0.08411214953271028 0.9540816326530612 0.08024985695212664
russians 0.009345794392523364 0.01020408163265306 9.536524890329963e-05
kill 0.009345794392523364 0.030612244897959183 0.0002860957467098989
the 0.08411214953271028 0.9540816326530612 0.08024985695212664
chechens 0.009345794392523364 0.00510204081632653 4.7682624451649815e-05
with 0.028037383177570093 0.4387755102040816 0.012302117108525653
uncontrolled 0.009345794392523364 0.00510204081632653 4.7682624451649815e-05
acts 0.009345794392523364 0.00510204081632653 4.7682624451649815e-05
murderous 0.009345794392523364 0.00510204081632653 4.7682624451649815e-05
violence 0.009345794392523364 0.01020408163265306 9.536524890329963e-05
kardaris 0.009345794392523364 0.00510204081632653 4.7682624451649815e-05
