a 0.10344827586206896 0.8826530612244898 0.09130893736805067
wolf 0.034482758620689655 0.00510204081632653 0.00017593244194229413
pup 0.034482758620689655 0.00510204081632653 0.00017593244194229413
and 0.034482758620689655 0.8571428571428571 0.029556650246305417
a 0.10344827586206896 0.8826530612244898 0.09130893736805067
lost 0.034482758620689655 0.05102040816326531 0.0017593244194229415
lion 0.034482758620689655 0.00510204081632653 0.00017593244194229413
cub 0.034482758620689655 0.00510204081632653 0.00017593244194229413
rescued 0.034482758620689655 0.00510204081632653 0.00017593244194229413
by 0.034482758620689655 0.33163265306122447 0.01143560872624912
a 0.10344827586206896 0.8826530612244898 0.09130893736805067
girl 0.034482758620689655 0.08673469387755102 0.0029908515130190006
in 0.034482758620689655 0.7346938775510204 0.025334271639690358
the 0.06896551724137931 0.9540816326530612 0.06579873328641801
heart 0.034482758620689655 0.030612244897959183 0.001055594651653765
the 0.06896551724137931 0.9540816326530612 0.06579873328641801
canadian 0.034482758620689655 0.00510204081632653 0.00017593244194229413
wilderness 0.034482758620689655 0.00510204081632653 0.00017593244194229413
their 0.06896551724137931 0.3520408163265306 0.024278676988036593
friendship 0.034482758620689655 0.01020408163265306 0.00035186488388458826
will 0.034482758620689655 0.1989795918367347 0.006861365235749472
change 0.034482758620689655 0.02040816326530612 0.0007037297677691765
their 0.06896551724137931 0.3520408163265306 0.024278676988036593
lives 0.034482758620689655 0.12244897959183673 0.00422237860661506
forever 0.034482758620689655 0.00510204081632653 0.00017593244194229413
