pushpa 0.03278688524590164 0.00510204081632653 0.00016728002676480428
a 0.01639344262295082 0.8826530612244898 0.014469722315155573
labor 0.004098360655737705 0.01020408163265306 4.182000669120107e-05
works 0.004098360655737705 0.04081632653061224 0.00016728002676480428
for 0.012295081967213115 0.3877551020408163 0.004767480762796922
small 0.004098360655737705 0.07653061224489796 0.00031365005018400805
sum 0.004098360655737705 0.01020408163265306 4.182000669120107e-05
but 0.01639344262295082 0.3112244897959184 0.005102040816326531
dreams 0.004098360655737705 0.04081632653061224 0.00016728002676480428
living 0.004098360655737705 0.05612244897959184 0.0002300100368016059
a 0.01639344262295082 0.8826530612244898 0.014469722315155573
life 0.004098360655737705 0.20408163265306123 0.0008364001338240215
king 0.004098360655737705 0.030612244897959183 0.00012546002007360322
but 0.01639344262295082 0.3112244897959184 0.005102040816326531
he 0.00819672131147541 0.34183673469387754 0.002801940448310472
is 0.00819672131147541 0.5663265306122449 0.00464202074272332
always 0.00819672131147541 0.02040816326530612 0.00016728002676480428
let 0.004098360655737705 0.02040816326530612 8.364001338240214e-05
by 0.00819672131147541 0.33163265306122447 0.0027183004349280696
his 0.03278688524590164 0.44387755102040816 0.014553362328537973
step 0.00819672131147541 0.00510204081632653 4.182000669120107e-05
brothers 0.012295081967213115 0.02040816326530612 0.0002509200401472064
for 0.012295081967213115 0.3877551020408163 0.004767480762796922
being 0.004098360655737705 0.07653061224489796 0.00031365005018400805
an 0.004098360655737705 0.3622448979591837 0.0014846102375376381
illegitimate 0.004098360655737705 0.01020408163265306 4.182000669120107e-05
child 0.004098360655737705 0.04081632653061224 0.00016728002676480428
their 0.00819672131147541 0.3520408163265306 0.002885580461692874
father 0.00819672131147541 0.11734693877551021 0.0009618601538976247
he 0.00819672131147541 0.34183673469387754 0.002801940448310472
gets 0.004098360655737705 0.04081632653061224 0.00016728002676480428
chance 0.004098360655737705 0.025510204081632654 0.00010455001672800268
to 0.05737704918032787 0.7806122448979592 0.04478922716627635
work 0.004098360655737705 0.04591836734693878 0.00018819003011040484
in 0.00819672131147541 0.7346938775510204 0.006022080963532955
dense 0.004098360655737705 0.00510204081632653 2.0910003345600535e-05
forest 0.004098360655737705 0.04081632653061224 0.00016728002676480428
red 0.01639344262295082 0.01020408163265306 0.00016728002676480428
sanders 0.01639344262295082 0.00510204081632653 8.364001338240214e-05
where 0.004098360655737705 0.11224489795918367 0.0004600200736032118
red 0.01639344262295082 0.01020408163265306 0.00016728002676480428
sanders 0.01639344262295082 0.00510204081632653 8.364001338240214e-05
smuggled 0.004098360655737705 0.00510204081632653 2.0910003345600535e-05
to 0.05737704918032787 0.7806122448979592 0.04478922716627635
countries 0.004098360655737705 0.00510204081632653 2.0910003345600535e-05
the 0.020491803278688523 0.9540816326530612 0.019550853128136498
labors 0.004098360655737705 0.01020408163265306 4.182000669120107e-05
always 0.00819672131147541 0.02040816326530612 0.00016728002676480428
under 0.00819672131147541 0.0663265306122449 0.000543660086985614
the 0.020491803278688523 0.9540816326530612 0.019550853128136498
scanner 0.004098360655737705 0.00510204081632653 2.0910003345600535e-05
dsp 0.01639344262295082 0.00510204081632653 8.364001338240214e-05
govindappa 0.004098360655737705 0.00510204081632653 2.0910003345600535e-05
but 0.01639344262295082 0.3112244897959184 0.005102040816326531
pushpa 0.03278688524590164 0.00510204081632653 0.00016728002676480428
dares 0.004098360655737705 0.00510204081632653 2.0910003345600535e-05
to 0.05737704918032787 0.7806122448979592 0.04478922716627635
go 0.004098360655737705 0.09183673469387756 0.0003763800602208097
everyone 0.004098360655737705 0.03571428571428571 0.00014637002341920375
creating 0.004098360655737705 0.015306122448979591 6.273001003680161e-05
hurdles 0.004098360655737705 0.00510204081632653 2.0910003345600535e-05
for 0.012295081967213115 0.3877551020408163 0.004767480762796922
dsp 0.01639344262295082 0.00510204081632653 8.364001338240214e-05
pushpa 0.03278688524590164 0.00510204081632653 0.00016728002676480428
manages 0.00819672131147541 0.025510204081632654 0.00020910003345600537
to 0.05737704918032787 0.7806122448979592 0.04478922716627635
save 0.004098360655737705 0.030612244897959183 0.00012546002007360322
a 0.01639344262295082 0.8826530612244898 0.014469722315155573
smuggling 0.00819672131147541 0.00510204081632653 4.182000669120107e-05
consignment 0.004098360655737705 0.01020408163265306 4.182000669120107e-05
worth 0.004098360655737705 0.01020408163265306 4.182000669120107e-05
crores 0.004098360655737705 0.00510204081632653 2.0910003345600535e-05
under 0.00819672131147541 0.0663265306122449 0.000543660086985614
the 0.020491803278688523 0.9540816326530612 0.019550853128136498
eye 0.004098360655737705 0.02040816326530612 8.364001338240214e-05
dsp 0.01639344262295082 0.00510204081632653 8.364001338240214e-05
and 0.028688524590163935 0.8571428571428571 0.02459016393442623
becomes 0.00819672131147541 0.07142857142857142 0.000585480093676815
known 0.00819672131147541 0.05612244897959184 0.0004600200736032118
to 0.05737704918032787 0.7806122448979592 0.04478922716627635
reddy 0.03278688524590164 0.00510204081632653 0.00016728002676480428
brothers 0.012295081967213115 0.02040816326530612 0.0002509200401472064
konda 0.01639344262295082 0.00510204081632653 8.364001338240214e-05
reddy 0.03278688524590164 0.00510204081632653 0.00016728002676480428
jakka 0.004098360655737705 0.00510204081632653 2.0910003345600535e-05
reddy 0.03278688524590164 0.00510204081632653 0.00016728002676480428
and 0.028688524590163935 0.8571428571428571 0.02459016393442623
jolly 0.004098360655737705 0.00510204081632653 2.0910003345600535e-05
reddy 0.03278688524590164 0.00510204081632653 0.00016728002676480428
known 0.00819672131147541 0.05612244897959184 0.0004600200736032118
to 0.05737704918032787 0.7806122448979592 0.04478922716627635
smuggling 0.00819672131147541 0.00510204081632653 4.182000669120107e-05
red 0.01639344262295082 0.01020408163265306 0.00016728002676480428
sanders 0.01639344262295082 0.00510204081632653 8.364001338240214e-05
pushpa 0.03278688524590164 0.00510204081632653 0.00016728002676480428
manages 0.00819672131147541 0.025510204081632654 0.00020910003345600537
to 0.05737704918032787 0.7806122448979592 0.04478922716627635
smuggle 0.004098360655737705 0.00510204081632653 2.0910003345600535e-05
red 0.01639344262295082 0.01020408163265306 0.00016728002676480428
sanders 0.01639344262295082 0.00510204081632653 8.364001338240214e-05
often 0.004098360655737705 0.015306122448979591 6.273001003680161e-05
with 0.00819672131147541 0.4387755102040816 0.003596520575443292
his 0.03278688524590164 0.44387755102040816 0.014553362328537973
tricks 0.004098360655737705 0.00510204081632653 2.0910003345600535e-05
by 0.00819672131147541 0.33163265306122447 0.0027183004349280696
bluffing 0.004098360655737705 0.00510204081632653 2.0910003345600535e-05
dsp 0.01639344262295082 0.00510204081632653 8.364001338240214e-05
and 0.028688524590163935 0.8571428571428571 0.02459016393442623
his 0.03278688524590164 0.44387755102040816 0.014553362328537973
team 0.004098360655737705 0.04081632653061224 0.00016728002676480428
and 0.028688524590163935 0.8571428571428571 0.02459016393442623
becomes 0.00819672131147541 0.07142857142857142 0.000585480093676815
close 0.004098360655737705 0.00510204081632653 2.0910003345600535e-05
side 0.004098360655737705 0.015306122448979591 6.273001003680161e-05
konda 0.01639344262295082 0.00510204081632653 8.364001338240214e-05
reddy 0.03278688524590164 0.00510204081632653 0.00016728002676480428
pushpa 0.03278688524590164 0.00510204081632653 0.00016728002676480428
changes 0.004098360655737705 0.030612244897959183 0.00012546002007360322
his 0.03278688524590164 0.44387755102040816 0.014553362328537973
lifestyle 0.004098360655737705 0.00510204081632653 2.0910003345600535e-05
and 0.028688524590163935 0.8571428571428571 0.02459016393442623
decides 0.012295081967213115 0.061224489795918366 0.0007527601204416192
to 0.05737704918032787 0.7806122448979592 0.04478922716627635
marry 0.004098360655737705 0.03571428571428571 0.00014637002341920375
srivelli 0.004098360655737705 0.00510204081632653 2.0910003345600535e-05
but 0.01639344262295082 0.3112244897959184 0.005102040816326531
his 0.03278688524590164 0.44387755102040816 0.014553362328537973
step 0.00819672131147541 0.00510204081632653 4.182000669120107e-05
brothers 0.012295081967213115 0.02040816326530612 0.0002509200401472064
disclose 0.004098360655737705 0.01020408163265306 4.182000669120107e-05
his 0.03278688524590164 0.44387755102040816 0.014553362328537973
mother 0.004098360655737705 0.05612244897959184 0.0002300100368016059
relationship 0.004098360655737705 0.05612244897959184 0.0002300100368016059
with 0.00819672131147541 0.4387755102040816 0.003596520575443292
their 0.00819672131147541 0.3520408163265306 0.002885580461692874
father 0.00819672131147541 0.11734693877551021 0.0009618601538976247
thus 0.004098360655737705 0.01020408163265306 4.182000669120107e-05
calling 0.004098360655737705 0.00510204081632653 2.0910003345600535e-05
the 0.020491803278688523 0.9540816326530612 0.019550853128136498
marriage 0.004098360655737705 0.02040816326530612 8.364001338240214e-05
pushpa 0.03278688524590164 0.00510204081632653 0.00016728002676480428
who 0.004098360655737705 0.39285714285714285 0.0016100702576112413
now 0.004098360655737705 0.07653061224489796 0.00031365005018400805
decides 0.012295081967213115 0.061224489795918366 0.0007527601204416192
not 0.004098360655737705 0.14795918367346939 0.0006063900970224155
to 0.05737704918032787 0.7806122448979592 0.04478922716627635
stop 0.004098360655737705 0.03571428571428571 0.00014637002341920375
in 0.00819672131147541 0.7346938775510204 0.006022080963532955
reaching 0.004098360655737705 0.00510204081632653 2.0910003345600535e-05
heights 0.004098360655737705 0.00510204081632653 2.0910003345600535e-05
and 0.028688524590163935 0.8571428571428571 0.02459016393442623
finds 0.004098360655737705 0.0663265306122449 0.000271830043492807
that 0.004098360655737705 0.40816326530612246 0.001672800267648043
mangalam 0.004098360655737705 0.00510204081632653 2.0910003345600535e-05
sinu 0.004098360655737705 0.00510204081632653 2.0910003345600535e-05
a 0.01639344262295082 0.8826530612244898 0.014469722315155573
syndicate 0.004098360655737705 0.00510204081632653 2.0910003345600535e-05
member 0.004098360655737705 0.00510204081632653 2.0910003345600535e-05
is 0.00819672131147541 0.5663265306122449 0.00464202074272332
giving 0.004098360655737705 0.00510204081632653 2.0910003345600535e-05
reddy 0.03278688524590164 0.00510204081632653 0.00016728002676480428
gang 0.004098360655737705 0.02040816326530612 8.364001338240214e-05
much 0.004098360655737705 0.03571428571428571 0.00014637002341920375
lesser 0.004098360655737705 0.00510204081632653 2.0910003345600535e-05
share 0.004098360655737705 0.030612244897959183 0.00012546002007360322
they 0.004098360655737705 0.28061224489795916 0.0011500501840080294
deserve 0.004098360655737705 0.01020408163265306 4.182000669120107e-05
and 0.028688524590163935 0.8571428571428571 0.02459016393442623
asks 0.00819672131147541 0.01020408163265306 8.364001338240214e-05
konda 0.01639344262295082 0.00510204081632653 8.364001338240214e-05
reddy 0.03278688524590164 0.00510204081632653 0.00016728002676480428
to 0.05737704918032787 0.7806122448979592 0.04478922716627635
hike 0.004098360655737705 0.01020408163265306 4.182000669120107e-05
profit 0.004098360655737705 0.00510204081632653 2.0910003345600535e-05
konda 0.01639344262295082 0.00510204081632653 8.364001338240214e-05
reddy 0.03278688524590164 0.00510204081632653 0.00016728002676480428
asks 0.00819672131147541 0.01020408163265306 8.364001338240214e-05
pushpa 0.03278688524590164 0.00510204081632653 0.00016728002676480428
to 0.05737704918032787 0.7806122448979592 0.04478922716627635
take 0.00819672131147541 0.09183673469387756 0.0007527601204416193
thing 0.004098360655737705 0.00510204081632653 2.0910003345600535e-05
sin 0.004098360655737705 0.01020408163265306 4.182000669120107e-05
his 0.03278688524590164 0.44387755102040816 0.014553362328537973
hands 0.004098360655737705 0.025510204081632654 0.00010455001672800268
as 0.004098360655737705 0.3469387755102041 0.0014218802275008365
his 0.03278688524590164 0.44387755102040816 0.014553362328537973
involvement 0.004098360655737705 0.01020408163265306 4.182000669120107e-05
will 0.004098360655737705 0.1989795918367347 0.0008154901304784209
lead 0.004098360655737705 0.02040816326530612 8.364001338240214e-05
to 0.05737704918032787 0.7806122448979592 0.04478922716627635
war 0.004098360655737705 0.05612244897959184 0.0002300100368016059
the 0.020491803278688523 0.9540816326530612 0.019550853128136498
two 0.00819672131147541 0.12755102040816327 0.0010455001672800268
fearless 0.004098360655737705 0.01020408163265306 4.182000669120107e-05
pushpa 0.03278688524590164 0.00510204081632653 0.00016728002676480428
decides 0.012295081967213115 0.061224489795918366 0.0007527601204416192
to 0.05737704918032787 0.7806122448979592 0.04478922716627635
take 0.00819672131147541 0.09183673469387756 0.0007527601204416193
control 0.004098360655737705 0.04591836734693878 0.00018819003011040484
things 0.004098360655737705 0.04081632653061224 0.00016728002676480428
leading 0.004098360655737705 0.02040816326530612 8.364001338240214e-05
to 0.05737704918032787 0.7806122448979592 0.04478922716627635
disagreements 0.004098360655737705 0.00510204081632653 2.0910003345600535e-05
two 0.00819672131147541 0.12755102040816327 0.0010455001672800268
gangs 0.004098360655737705 0.00510204081632653 2.0910003345600535e-05
