a 0.08620689655172414 0.8826530612244898 0.07609078114004224
young 0.017241379310344827 0.15816326530612246 0.0027269528501055597
and 0.05172413793103448 0.8571428571428571 0.04433497536945812
modern 0.017241379310344827 0.015306122448979591 0.00026389866291344125
couple 0.034482758620689655 0.03571428571428571 0.0012315270935960591
who 0.017241379310344827 0.39285714285714285 0.006773399014778325
go 0.017241379310344827 0.09183673469387756 0.0015833919774806474
to 0.034482758620689655 0.7806122448979592 0.026917663617171007
france 0.017241379310344827 0.030612244897959183 0.0005277973258268825
to 0.034482758620689655 0.7806122448979592 0.026917663617171007
explore 0.017241379310344827 0.015306122448979591 0.00026389866291344125
an 0.017241379310344827 0.3622448979591837 0.006245601688951443
underwater 0.017241379310344827 0.00510204081632653 8.796622097114707e-05
house 0.05172413793103448 0.061224489795918366 0.0031667839549612948
and 0.05172413793103448 0.8571428571428571 0.04433497536945812
share 0.017241379310344827 0.030612244897959183 0.0005277973258268825
their 0.034482758620689655 0.3520408163265306 0.012139338494018296
findings 0.017241379310344827 0.00510204081632653 8.796622097114707e-05
on 0.017241379310344827 0.3520408163265306 0.006069669247009148
social 0.017241379310344827 0.04081632653061224 0.0007037297677691765
media 0.017241379310344827 0.025510204081632654 0.0004398311048557354
undergoes 0.017241379310344827 0.01020408163265306 0.00017593244194229413
a 0.08620689655172414 0.8826530612244898 0.07609078114004224
serious 0.017241379310344827 0.01020408163265306 0.00017593244194229413
change 0.017241379310344827 0.02040816326530612 0.00035186488388458826
plans 0.017241379310344827 0.015306122448979591 0.00026389866291344125
when 0.017241379310344827 0.27040816326530615 0.004662209711470796
the 0.06896551724137931 0.9540816326530612 0.06579873328641801
couple 0.034482758620689655 0.03571428571428571 0.0012315270935960591
enters 0.017241379310344827 0.015306122448979591 0.00026389866291344125
the 0.06896551724137931 0.9540816326530612 0.06579873328641801
interior 0.017241379310344827 0.00510204081632653 8.796622097114707e-05
a 0.08620689655172414 0.8826530612244898 0.07609078114004224
strange 0.017241379310344827 0.03571428571428571 0.0006157635467980296
house 0.05172413793103448 0.061224489795918366 0.0031667839549612948
located 0.017241379310344827 0.01020408163265306 0.00017593244194229413
at 0.017241379310344827 0.23469387755102042 0.004046446164672765
the 0.06896551724137931 0.9540816326530612 0.06579873328641801
bottom 0.017241379310344827 0.00510204081632653 8.796622097114707e-05
a 0.08620689655172414 0.8826530612244898 0.07609078114004224
lake 0.017241379310344827 0.015306122448979591 0.00026389866291344125
and 0.05172413793103448 0.8571428571428571 0.04433497536945812
their 0.034482758620689655 0.3520408163265306 0.012139338494018296
presence 0.017241379310344827 0.01020408163265306 0.00017593244194229413
awakens 0.017241379310344827 0.00510204081632653 8.796622097114707e-05
a 0.08620689655172414 0.8826530612244898 0.07609078114004224
dark 0.017241379310344827 0.025510204081632654 0.0004398311048557354
spirit 0.017241379310344827 0.01020408163265306 0.00017593244194229413
that 0.017241379310344827 0.40816326530612246 0.007037297677691766
haunts 0.017241379310344827 0.00510204081632653 8.796622097114707e-05
the 0.06896551724137931 0.9540816326530612 0.06579873328641801
house 0.05172413793103448 0.061224489795918366 0.0031667839549612948
berman 0.017241379310344827 0.00510204081632653 8.796622097114707e-05
