house 0.031746031746031744 0.061224489795918366 0.001943634596695821
gucci 0.047619047619047616 0.00510204081632653 0.0002429543245869776
is 0.015873015873015872 0.5663265306122449 0.008989310009718173
inspired 0.015873015873015872 0.025510204081632654 0.0004049238743116294
by 0.015873015873015872 0.33163265306122447 0.005264010366051182
the 0.06349206349206349 0.9540816326530612 0.060576611597019756
family 0.047619047619047616 0.22448979591836735 0.010689990281827016
empire 0.015873015873015872 0.01020408163265306 0.00016196954972465174
behind 0.015873015873015872 0.05612244897959184 0.0008908325234855847
the 0.06349206349206349 0.9540816326530612 0.060576611597019756
italian 0.015873015873015872 0.00510204081632653 8.098477486232587e-05
fashion 0.015873015873015872 0.01020408163265306 0.00016196954972465174
house 0.031746031746031744 0.061224489795918366 0.001943634596695821
gucci 0.047619047619047616 0.00510204081632653 0.0002429543245869776
when 0.015873015873015872 0.27040816326530615 0.0042921930677032715
patrizia 0.015873015873015872 0.00510204081632653 8.098477486232587e-05
reggiani 0.015873015873015872 0.00510204081632653 8.098477486232587e-05
lady 0.015873015873015872 0.00510204081632653 8.098477486232587e-05
gaga 0.015873015873015872 0.00510204081632653 8.098477486232587e-05
an 0.015873015873015872 0.3622448979591837 0.005749919015225137
outsider 0.015873015873015872 0.01020408163265306 0.00016196954972465174
from 0.015873015873015872 0.3520408163265306 0.005587949465500485
humble 0.015873015873015872 0.00510204081632653 8.098477486232587e-05
beginnings 0.015873015873015872 0.00510204081632653 8.098477486232587e-05
marries 0.015873015873015872 0.01020408163265306 0.00016196954972465174
the 0.06349206349206349 0.9540816326530612 0.060576611597019756
gucci 0.047619047619047616 0.00510204081632653 0.0002429543245869776
family 0.047619047619047616 0.22448979591836735 0.010689990281827016
her 0.015873015873015872 0.2755102040816326 0.004373177842565597
unbridled 0.015873015873015872 0.00510204081632653 8.098477486232587e-05
ambition 0.015873015873015872 0.01020408163265306 0.00016196954972465174
begins 0.015873015873015872 0.07142857142857142 0.0011337868480725622
to 0.015873015873015872 0.7806122448979592 0.01239067055393586
unravel 0.015873015873015872 0.00510204081632653 8.098477486232587e-05
the 0.06349206349206349 0.9540816326530612 0.060576611597019756
family 0.047619047619047616 0.22448979591836735 0.010689990281827016
legacy 0.015873015873015872 0.015306122448979591 0.00024295432458697764
and 0.031746031746031744 0.8571428571428571 0.027210884353741492
triggers 0.015873015873015872 0.00510204081632653 8.098477486232587e-05
a 0.015873015873015872 0.8826530612244898 0.014010366051182378
reckless 0.015873015873015872 0.00510204081632653 8.098477486232587e-05
spiral 0.015873015873015872 0.01020408163265306 0.00016196954972465174
betrayal 0.015873015873015872 0.01020408163265306 0.00016196954972465174
decadence 0.015873015873015872 0.00510204081632653 8.098477486232587e-05
revenge 0.015873015873015872 0.02040816326530612 0.0003239390994493035
and 0.031746031746031744 0.8571428571428571 0.027210884353741492
ultimately 0.015873015873015872 0.025510204081632654 0.0004049238743116294
murder 0.015873015873015872 0.030612244897959183 0.00048590864917395527
