the 0.046875 0.9540816326530612 0.04472257653061225
movie 0.0078125 0.030612244897959183 0.00023915816326530612
is 0.0234375 0.5663265306122449 0.01327327806122449
an 0.0078125 0.3622448979591837 0.0028300382653061226
epic 0.0078125 0.01020408163265306 7.971938775510203e-05
story 0.0078125 0.12755102040816327 0.0009964923469387755
a 0.0390625 0.8826530612244898 0.034478635204081634
young 0.0078125 0.15816326530612246 0.0012356505102040817
genghis 0.0078125 0.00510204081632653 3.985969387755102e-05
khan 0.0078125 0.00510204081632653 3.985969387755102e-05
and 0.0234375 0.8571428571428571 0.020089285714285712
how 0.0078125 0.09183673469387756 0.0007174744897959184
events 0.0078125 0.05102040816326531 0.0003985969387755102
in 0.0078125 0.7346938775510204 0.005739795918367347
his 0.03125 0.44387755102040816 0.013871173469387755
early 0.0078125 0.030612244897959183 0.00023915816326530612
life 0.0078125 0.20408163265306123 0.0015943877551020409
lead 0.0078125 0.02040816326530612 0.00015943877551020407
to 0.046875 0.7806122448979592 0.03659119897959184
become 0.015625 0.05612244897959184 0.0008769132653061224
a 0.0390625 0.8826530612244898 0.034478635204081634
legendary 0.0078125 0.025510204081632654 0.0001992984693877551
conqueror 0.0078125 0.01020408163265306 7.971938775510203e-05
the 0.046875 0.9540816326530612 0.04472257653061225
temüjin 0.0234375 0.00510204081632653 0.00011957908163265306
is 0.0234375 0.5663265306122449 0.01327327806122449
taken 0.0078125 0.02040816326530612 0.00015943877551020407
on 0.015625 0.3520408163265306 0.005500637755102041
a 0.0390625 0.8826530612244898 0.034478635204081634
trip 0.015625 0.02040816326530612 0.00031887755102040814
by 0.0078125 0.33163265306122447 0.002590880102040816
his 0.03125 0.44387755102040816 0.013871173469387755
father 0.015625 0.11734693877551021 0.001833545918367347
to 0.046875 0.7806122448979592 0.03659119897959184
select 0.0078125 0.00510204081632653 3.985969387755102e-05
a 0.0390625 0.8826530612244898 0.034478635204081634
girl 0.0078125 0.08673469387755102 0.0006776147959183673
as 0.015625 0.3469387755102041 0.005420918367346939
his 0.03125 0.44387755102040816 0.013871173469387755
future 0.0078125 0.030612244897959183 0.00023915816326530612
wife 0.0078125 0.05612244897959184 0.0004384566326530612
he 0.03125 0.34183673469387754 0.010682397959183673
meets 0.0078125 0.05102040816326531 0.0003985969387755102
börte 0.015625 0.00510204081632653 7.971938775510203e-05
who 0.0078125 0.39285714285714285 0.0030691964285714285
says 0.0078125 0.01020408163265306 7.971938775510203e-05
she 0.0078125 0.19387755102040816 0.0015146683673469387
would 0.0078125 0.030612244897959183 0.00023915816326530612
like 0.0078125 0.03571428571428571 0.00027901785714285713
to 0.046875 0.7806122448979592 0.03659119897959184
chosen 0.0078125 0.015306122448979591 0.00011957908163265306
he 0.03125 0.34183673469387754 0.010682397959183673
he 0.03125 0.34183673469387754 0.010682397959183673
promises 0.0078125 0.025510204081632654 0.0001992984693877551
to 0.046875 0.7806122448979592 0.03659119897959184
return 0.0078125 0.030612244897959183 0.00023915816326530612
after 0.0078125 0.1989795918367347 0.0015545280612244898
five 0.0078125 0.030612244897959183 0.00023915816326530612
years 0.0078125 0.12244897959183673 0.0009566326530612245
to 0.046875 0.7806122448979592 0.03659119897959184
marry 0.0078125 0.03571428571428571 0.00027901785714285713
her 0.0078125 0.2755102040816326 0.002152423469387755
temüjin 0.0234375 0.00510204081632653 0.00011957908163265306
father 0.015625 0.11734693877551021 0.001833545918367347
is 0.0234375 0.5663265306122449 0.01327327806122449
poisoned 0.0078125 0.01020408163265306 7.971938775510203e-05
on 0.015625 0.3520408163265306 0.005500637755102041
the 0.046875 0.9540816326530612 0.04472257653061225
trip 0.015625 0.02040816326530612 0.00031887755102040814
and 0.0234375 0.8571428571428571 0.020089285714285712
dies 0.0078125 0.01020408163265306 7.971938775510203e-05
as 0.015625 0.3469387755102041 0.005420918367346939
a 0.0390625 0.8826530612244898 0.034478635204081634
boy 0.0078125 0.030612244897959183 0.00023915816326530612
temüjin 0.0234375 0.00510204081632653 0.00011957908163265306
passes 0.0078125 0.00510204081632653 3.985969387755102e-05
through 0.0078125 0.08163265306122448 0.0006377551020408163
starvation 0.0078125 0.00510204081632653 3.985969387755102e-05
humiliations 0.0078125 0.00510204081632653 3.985969387755102e-05
and 0.0234375 0.8571428571428571 0.020089285714285712
even 0.0078125 0.07142857142857142 0.0005580357142857143
slavery 0.0078125 0.01020408163265306 7.971938775510203e-05
but 0.0078125 0.3112244897959184 0.0024314413265306123
later 0.0078125 0.061224489795918366 0.00047831632653061223
with 0.0078125 0.4387755102040816 0.0034279336734693877
the 0.046875 0.9540816326530612 0.04472257653061225
help 0.0078125 0.10204081632653061 0.0007971938775510204
börte 0.015625 0.00510204081632653 7.971938775510203e-05
he 0.03125 0.34183673469387754 0.010682397959183673
overcomes 0.0078125 0.00510204081632653 3.985969387755102e-05
all 0.0078125 0.17346938775510204 0.0013552295918367347
his 0.03125 0.44387755102040816 0.013871173469387755
childhood 0.0078125 0.030612244897959183 0.00023915816326530612
hardships 0.0078125 0.00510204081632653 3.985969387755102e-05
to 0.046875 0.7806122448979592 0.03659119897959184
become 0.015625 0.05612244897959184 0.0008769132653061224
one 0.0078125 0.18877551020408162 0.0014748086734693877
the 0.046875 0.9540816326530612 0.04472257653061225
greatest 0.0078125 0.025510204081632654 0.0001992984693877551
conquerors 0.0078125 0.00510204081632653 3.985969387755102e-05
the 0.046875 0.9540816326530612 0.04472257653061225
world 0.0078125 0.19387755102040816 0.0015146683673469387
ever 0.0078125 0.05102040816326531 0.0003985969387755102
known 0.0078125 0.05612244897959184 0.0004384566326530612
movies 0.0078125 0.00510204081632653 3.985969387755102e-05
