as 0.013513513513513514 0.3469387755102041 0.004688361831218974
a 0.04054054054054054 0.8826530612244898 0.03578323221180364
group 0.013513513513513514 0.05102040816326531 0.0006894649751792609
agents 0.013513513513513514 0.01020408163265306 0.00013789299503585216
in 0.013513513513513514 0.7346938775510204 0.009928295642581358
paris 0.013513513513513514 0.04591836734693878 0.0006205184776613349
france 0.013513513513513514 0.030612244897959183 0.00041367898510755657
go 0.013513513513513514 0.09183673469387756 0.0012410369553226698
their 0.02702702702702703 0.3520408163265306 0.009514616657473801
lives 0.013513513513513514 0.12244897959183673 0.0016547159404302263
and 0.02702702702702703 0.8571428571428571 0.023166023166023165
work 0.013513513513513514 0.04591836734693878 0.0006205184776613349
they 0.02702702702702703 0.28061224489795916 0.007584114726971869
need 0.013513513513513514 0.01020408163265306 0.00013789299503585216
to 0.05405405405405406 0.7806122448979592 0.04219525648097077
figure 0.013513513513513514 0.01020408163265306 0.00013789299503585216
out 0.02702702702702703 0.18877551020408162 0.00510204081632653
how 0.013513513513513514 0.09183673469387756 0.0012410369553226698
to 0.05405405405405406 0.7806122448979592 0.04219525648097077
carry 0.013513513513513514 0.01020408163265306 0.00013789299503585216
on 0.013513513513513514 0.3520408163265306 0.004757308328736901
with 0.02702702702702703 0.4387755102040816 0.011858797573083288
the 0.02702702702702703 0.9540816326530612 0.02578599007170436
agency 0.013513513513513514 0.02040816326530612 0.0002757859900717043
after 0.013513513513513514 0.1989795918367347 0.0026889134031991176
their 0.02702702702702703 0.3520408163265306 0.009514616657473801
fearless 0.013513513513513514 0.01020408163265306 0.00013789299503585216
leader 0.013513513513513514 0.01020408163265306 0.00013789299503585216
passing 0.013513513513513514 0.00510204081632653 6.894649751792608e-05
this 0.013513513513513514 0.17346938775510204 0.002344180915609487
drama 0.02702702702702703 0.05102040816326531 0.0013789299503585218
plays 0.013513513513513514 0.015306122448979591 0.00020683949255377828
out 0.02702702702702703 0.18877551020408162 0.00510204081632653
much 0.013513513513513514 0.03571428571428571 0.00048262548262548264
like 0.013513513513513514 0.03571428571428571 0.00048262548262548264
a 0.04054054054054054 0.8826530612244898 0.03578323221180364
soap 0.013513513513513514 0.00510204081632653 6.894649751792608e-05
opera 0.013513513513513514 0.01020408163265306 0.00013789299503585216
but 0.013513513513513514 0.3112244897959184 0.004205736348593492
with 0.02702702702702703 0.4387755102040816 0.011858797573083288
more 0.013513513513513514 0.08163265306122448 0.0011031439602868173
realistic 0.013513513513513514 0.00510204081632653 6.894649751792608e-05
problems 0.013513513513513514 0.015306122448979591 0.00020683949255377828
and 0.02702702702702703 0.8571428571428571 0.023166023166023165
concerns 0.013513513513513514 0.01020408163265306 0.00013789299503585216
they 0.02702702702702703 0.28061224489795916 0.007584114726971869
gymnastics 0.013513513513513514 0.00510204081632653 6.894649751792608e-05
to 0.05405405405405406 0.7806122448979592 0.04219525648097077
create 0.013513513513513514 0.02040816326530612 0.0002757859900717043
drama 0.02702702702702703 0.05102040816326531 0.0013789299503585218
or 0.013513513513513514 0.09183673469387756 0.0012410369553226698
induce 0.013513513513513514 0.00510204081632653 6.894649751792608e-05
the 0.02702702702702703 0.9540816326530612 0.02578599007170436
viewer 0.013513513513513514 0.00510204081632653 6.894649751792608e-05
to 0.05405405405405406 0.7806122448979592 0.04219525648097077
believe 0.013513513513513514 0.00510204081632653 6.894649751792608e-05
a 0.04054054054054054 0.8826530612244898 0.03578323221180364
plot 0.013513513513513514 0.025510204081632654 0.00034473248758963045
