the 0.08333333333333333 0.9540816326530612 0.07950680272108843
family 0.03333333333333333 0.22448979591836735 0.007482993197278911
man 0.03333333333333333 0.12755102040816327 0.004251700680272109
is 0.016666666666666666 0.5663265306122449 0.009438775510204082
an 0.016666666666666666 0.3622448979591837 0.006037414965986395
edgy 0.016666666666666666 0.00510204081632653 8.503401360544217e-05
series 0.016666666666666666 0.07142857142857142 0.0011904761904761904
tells 0.016666666666666666 0.03571428571428571 0.0005952380952380952
the 0.08333333333333333 0.9540816326530612 0.07950680272108843
story 0.016666666666666666 0.12755102040816327 0.0021258503401360546
a 0.03333333333333333 0.8826530612244898 0.029421768707482993
man 0.03333333333333333 0.12755102040816327 0.004251700680272109
who 0.016666666666666666 0.39285714285714285 0.006547619047619048
works 0.016666666666666666 0.04081632653061224 0.0006802721088435374
for 0.016666666666666666 0.3877551020408163 0.006462585034013605
a 0.03333333333333333 0.8826530612244898 0.029421768707482993
special 0.016666666666666666 0.025510204081632654 0.00042517006802721087
cell 0.016666666666666666 0.00510204081632653 8.503401360544217e-05
the 0.08333333333333333 0.9540816326530612 0.07950680272108843
national 0.016666666666666666 0.01020408163265306 0.00017006802721088434
investigation 0.016666666666666666 0.025510204081632654 0.00042517006802721087
agency 0.016666666666666666 0.02040816326530612 0.0003401360544217687
while 0.016666666666666666 0.12244897959183673 0.002040816326530612
he 0.03333333333333333 0.34183673469387754 0.011394557823129252
tries 0.016666666666666666 0.030612244897959183 0.000510204081632653
to 0.03333333333333333 0.7806122448979592 0.026020408163265306
protect 0.03333333333333333 0.02040816326530612 0.0006802721088435374
the 0.08333333333333333 0.9540816326530612 0.07950680272108843
nation 0.016666666666666666 0.01020408163265306 0.00017006802721088434
from 0.03333333333333333 0.3520408163265306 0.01173469387755102
terrorists 0.016666666666666666 0.01020408163265306 0.00017006802721088434
he 0.03333333333333333 0.34183673469387754 0.011394557823129252
also 0.016666666666666666 0.09183673469387756 0.0015306122448979593
to 0.03333333333333333 0.7806122448979592 0.026020408163265306
protect 0.03333333333333333 0.02040816326530612 0.0006802721088435374
his 0.03333333333333333 0.44387755102040816 0.014795918367346938
family 0.03333333333333333 0.22448979591836735 0.007482993197278911
from 0.03333333333333333 0.3520408163265306 0.01173469387755102
the 0.08333333333333333 0.9540816326530612 0.07950680272108843
impact 0.016666666666666666 0.01020408163265306 0.00017006802721088434
his 0.03333333333333333 0.44387755102040816 0.014795918367346938
secretive 0.016666666666666666 0.00510204081632653 8.503401360544217e-05
and 0.016666666666666666 0.8571428571428571 0.014285714285714285
low 0.016666666666666666 0.00510204081632653 8.503401360544217e-05
paying 0.016666666666666666 0.00510204081632653 8.503401360544217e-05
job 0.016666666666666666 0.04591836734693878 0.0007653061224489797
