robin 0.015197568389057751 0.00510204081632653 7.753861422988648e-05
locksley 0.00303951367781155 0.00510204081632653 1.5507722845977294e-05
known 0.00303951367781155 0.05612244897959184 0.00017058495130575026
as 0.0060790273556231 0.3469387755102041 0.0021090503070529125
the 0.0790273556231003 0.9540816326530612 0.07539854847714161
most 0.00303951367781155 0.07653061224489796 0.00023261584268965946
skilled 0.00303951367781155 0.015306122448979591 4.652316853793189e-05
archer 0.00303951367781155 0.00510204081632653 1.5507722845977294e-05
the 0.0790273556231003 0.9540816326530612 0.07539854847714161
land 0.00303951367781155 0.030612244897959183 9.304633707586378e-05
returned 0.00303951367781155 0.00510204081632653 1.5507722845977294e-05
to 0.030395136778115502 0.7806122448979592 0.023726815954345264
england 0.0060790273556231 0.015306122448979591 9.304633707586378e-05
after 0.00303951367781155 0.1989795918367347 0.0006048011909931145
fighting 0.00911854103343465 0.02040816326530612 0.00018609267415172753
in 0.02127659574468085 0.7346938775510204 0.015631784628745114
the 0.0790273556231003 0.9540816326530612 0.07539854847714161
holy 0.00303951367781155 0.01020408163265306 3.101544569195459e-05
crusades 0.0060790273556231 0.00510204081632653 3.101544569195459e-05
where 0.00303951367781155 0.11224489795918367 0.0003411699026115005
king 0.00303951367781155 0.030612244897959183 9.304633707586378e-05
richard 0.00911854103343465 0.00510204081632653 4.652316853793188e-05
the 0.0790273556231003 0.9540816326530612 0.07539854847714161
lionheart 0.00303951367781155 0.00510204081632653 1.5507722845977294e-05
is 0.015197568389057751 0.5663265306122449 0.008606786179517401
also 0.00303951367781155 0.09183673469387756 0.00027913901122759136
fighting 0.00911854103343465 0.02040816326530612 0.00018609267415172753
robin 0.015197568389057751 0.00510204081632653 7.753861422988648e-05
finds 0.00303951367781155 0.0663265306122449 0.00020160039699770486
that 0.0060790273556231 0.40816326530612246 0.0024812356553563673
much 0.00303951367781155 0.03571428571428571 0.00010855405992184107
what 0.00303951367781155 0.1377551020408163 0.00041870851684138697
he 0.00911854103343465 0.34183673469387754 0.0031170522920414365
knew 0.00303951367781155 0.00510204081632653 1.5507722845977294e-05
england 0.0060790273556231 0.015306122448979591 9.304633707586378e-05
gone 0.00303951367781155 0.015306122448979591 4.652316853793189e-05
to 0.030395136778115502 0.7806122448979592 0.023726815954345264
ruin 0.00303951367781155 0.01020408163265306 3.101544569195459e-05
including 0.00303951367781155 0.025510204081632654 7.753861422988648e-05
his 0.00911854103343465 0.44387755102040816 0.004047515662800074
longtime 0.0060790273556231 0.00510204081632653 3.101544569195459e-05
family 0.00303951367781155 0.22448979591836735 0.000682339805223001
home 0.00303951367781155 0.07653061224489796 0.00023261584268965946
having 0.00303951367781155 0.04081632653061224 0.00012406178276781835
taken 0.00303951367781155 0.02040816326530612 6.203089138390918e-05
away 0.00303951367781155 0.04081632653061224 0.00012406178276781835
all 0.00303951367781155 0.17346938775510204 0.0005272625767632281
at 0.00911854103343465 0.23469387755102042 0.002140065752744867
the 0.0790273556231003 0.9540816326530612 0.07539854847714161
hands 0.00303951367781155 0.025510204081632654 7.753861422988648e-05
the 0.0790273556231003 0.9540816326530612 0.07539854847714161
evil 0.0060790273556231 0.03571428571428571 0.00021710811984368213
prince 0.0060790273556231 0.015306122448979591 9.304633707586378e-05
john 0.015197568389057751 0.01020408163265306 0.00015507722845977296
richard 0.00911854103343465 0.00510204081632653 4.652316853793188e-05
brother 0.00303951367781155 0.04081632653061224 0.00012406178276781835
who 0.0182370820668693 0.39285714285714285 0.007164567954841511
assumed 0.00303951367781155 0.00510204081632653 1.5507722845977294e-05
the 0.0790273556231003 0.9540816326530612 0.07539854847714161
throne 0.0060790273556231 0.00510204081632653 3.101544569195459e-05
in 0.02127659574468085 0.7346938775510204 0.015631784628745114
richard 0.00911854103343465 0.00510204081632653 4.652316853793188e-05
absence 0.00303951367781155 0.00510204081632653 1.5507722845977294e-05
neurotic 0.00303951367781155 0.00510204081632653 1.5507722845977294e-05
john 0.015197568389057751 0.01020408163265306 0.00015507722845977296
is 0.015197568389057751 0.5663265306122449 0.008606786179517401
basically 0.00303951367781155 0.00510204081632653 1.5507722845977294e-05
being 0.00911854103343465 0.07653061224489796 0.0006978475280689783
controlled 0.00303951367781155 0.00510204081632653 1.5507722845977294e-05
by 0.00303951367781155 0.33163265306122447 0.0010080019849885242
the 0.0790273556231003 0.9540816326530612 0.07539854847714161
equally 0.00303951367781155 0.01020408163265306 3.101544569195459e-05
evil 0.0060790273556231 0.03571428571428571 0.00021710811984368213
sheriff 0.0121580547112462 0.01020408163265306 0.00012406178276781835
rottingham 0.00303951367781155 0.00510204081632653 1.5507722845977294e-05
everything 0.00303951367781155 0.025510204081632654 7.753861422988648e-05
they 0.0060790273556231 0.28061224489795916 0.0017058495130575025
to 0.030395136778115502 0.7806122448979592 0.023726815954345264
fatten 0.00303951367781155 0.00510204081632653 1.5507722845977294e-05
their 0.00911854103343465 0.3520408163265306 0.0032100986291173
coffers 0.00303951367781155 0.00510204081632653 1.5507722845977294e-05
at 0.00911854103343465 0.23469387755102042 0.002140065752744867
the 0.0790273556231003 0.9540816326530612 0.07539854847714161
expense 0.00303951367781155 0.00510204081632653 1.5507722845977294e-05
the 0.0790273556231003 0.9540816326530612 0.07539854847714161
commoners 0.00303951367781155 0.00510204081632653 1.5507722845977294e-05
and 0.0243161094224924 0.8571428571428571 0.020842379504993486
peasants 0.00303951367781155 0.00510204081632653 1.5507722845977294e-05
as 0.0060790273556231 0.3469387755102041 0.0021090503070529125
such 0.00303951367781155 0.025510204081632654 7.753861422988648e-05
robin 0.015197568389057751 0.00510204081632653 7.753861422988648e-05
recruits 0.00303951367781155 0.00510204081632653 1.5507722845977294e-05
a 0.02127659574468085 0.8826530612244898 0.018779852366478507
band 0.00303951367781155 0.02040816326530612 6.203089138390918e-05
merry 0.00303951367781155 0.00510204081632653 1.5507722845977294e-05
men 0.00303951367781155 0.04591836734693878 0.00013956950561379568
to 0.030395136778115502 0.7806122448979592 0.023726815954345264
help 0.00303951367781155 0.10204081632653061 0.0003101544569195459
battle 0.00303951367781155 0.061224489795918366 0.00018609267415172756
prince 0.0060790273556231 0.015306122448979591 9.304633707586378e-05
john 0.015197568389057751 0.01020408163265306 0.00015507722845977296
and 0.0243161094224924 0.8571428571428571 0.020842379504993486
the 0.0790273556231003 0.9540816326530612 0.07539854847714161
sheriff 0.0121580547112462 0.01020408163265306 0.00012406178276781835
they 0.0060790273556231 0.28061224489795916 0.0017058495130575025
who 0.0182370820668693 0.39285714285714285 0.007164567954841511
include 0.00303951367781155 0.00510204081632653 1.5507722845977294e-05
blinkin 0.00303951367781155 0.00510204081632653 1.5507722845977294e-05
his 0.00911854103343465 0.44387755102040816 0.004047515662800074
blind 0.00303951367781155 0.00510204081632653 1.5507722845977294e-05
longtime 0.0060790273556231 0.00510204081632653 3.101544569195459e-05
servant 0.00303951367781155 0.00510204081632653 1.5507722845977294e-05
ahchoo 0.00303951367781155 0.00510204081632653 1.5507722845977294e-05
the 0.0790273556231003 0.9540816326530612 0.07539854847714161
misguided 0.00303951367781155 0.00510204081632653 1.5507722845977294e-05
son 0.00303951367781155 0.08163265306122448 0.0002481235655356367
asneeze 0.00303951367781155 0.00510204081632653 1.5507722845977294e-05
the 0.0790273556231003 0.9540816326530612 0.07539854847714161
man 0.00911854103343465 0.12755102040816327 0.0011630792134482973
who 0.0182370820668693 0.39285714285714285 0.007164567954841511
helped 0.00303951367781155 0.01020408163265306 3.101544569195459e-05
escape 0.00303951367781155 0.04591836734693878 0.00013956950561379568
from 0.00303951367781155 0.3520408163265306 0.0010700328763724334
prison 0.00303951367781155 0.015306122448979591 4.652316853793189e-05
while 0.00303951367781155 0.12244897959183673 0.0003721853483034551
fighting 0.00911854103343465 0.02040816326530612 0.00018609267415172753
in 0.02127659574468085 0.7346938775510204 0.015631784628745114
the 0.0790273556231003 0.9540816326530612 0.07539854847714161
crusades 0.0060790273556231 0.00510204081632653 3.101544569195459e-05
little 0.00911854103343465 0.04591836734693878 0.000418708516841387
john 0.015197568389057751 0.01020408163265306 0.00015507722845977296
who 0.0182370820668693 0.39285714285714285 0.007164567954841511
seems 0.00303951367781155 0.04591836734693878 0.00013956950561379568
to 0.030395136778115502 0.7806122448979592 0.023726815954345264
think 0.00303951367781155 0.01020408163265306 3.101544569195459e-05
that 0.0060790273556231 0.40816326530612246 0.0024812356553563673
being 0.00911854103343465 0.07653061224489796 0.0006978475280689783
called 0.00303951367781155 0.04591836734693878 0.00013956950561379568
little 0.00911854103343465 0.04591836734693878 0.000418708516841387
is 0.015197568389057751 0.5663265306122449 0.008606786179517401
coincidental 0.00303951367781155 0.00510204081632653 1.5507722845977294e-05
to 0.030395136778115502 0.7806122448979592 0.023726815954345264
the 0.0790273556231003 0.9540816326530612 0.07539854847714161
fact 0.00303951367781155 0.02040816326530612 6.203089138390918e-05
he 0.00911854103343465 0.34183673469387754 0.0031170522920414365
being 0.00911854103343465 0.07653061224489796 0.0006978475280689783
a 0.02127659574468085 0.8826530612244898 0.018779852366478507
hulking 0.00303951367781155 0.00510204081632653 1.5507722845977294e-05
man 0.00911854103343465 0.12755102040816327 0.0011630792134482973
and 0.0243161094224924 0.8571428571428571 0.020842379504993486
little 0.00911854103343465 0.04591836734693878 0.000418708516841387
john 0.015197568389057751 0.01020408163265306 0.00015507722845977296
friend 0.00303951367781155 0.0663265306122449 0.00020160039699770486
will 0.00303951367781155 0.1989795918367347 0.0006048011909931145
scarlet 0.00303951367781155 0.01020408163265306 3.101544569195459e-05
a 0.02127659574468085 0.8826530612244898 0.018779852366478507
master 0.00303951367781155 0.00510204081632653 1.5507722845977294e-05
with 0.0060790273556231 0.4387755102040816 0.002667328329508095
daggers 0.00303951367781155 0.00510204081632653 1.5507722845977294e-05
in 0.02127659574468085 0.7346938775510204 0.015631784628745114
going 0.00303951367781155 0.03571428571428571 0.00010855405992184107
to 0.030395136778115502 0.7806122448979592 0.023726815954345264
the 0.0790273556231003 0.9540816326530612 0.07539854847714161
palace 0.00303951367781155 0.015306122448979591 4.652316853793189e-05
robin 0.015197568389057751 0.00510204081632653 7.753861422988648e-05
falls 0.00303951367781155 0.03571428571428571 0.00010855405992184107
in 0.02127659574468085 0.7346938775510204 0.015631784628745114
love 0.00303951367781155 0.09183673469387756 0.00027913901122759136
at 0.00911854103343465 0.23469387755102042 0.002140065752744867
first 0.00303951367781155 0.08163265306122448 0.0002481235655356367
sight 0.00303951367781155 0.00510204081632653 1.5507722845977294e-05
with 0.0060790273556231 0.4387755102040816 0.002667328329508095
marian 0.0121580547112462 0.00510204081632653 6.203089138390918e-05
bagelle 0.00303951367781155 0.00510204081632653 1.5507722845977294e-05
a 0.02127659574468085 0.8826530612244898 0.018779852366478507
maid 0.0060790273556231 0.00510204081632653 3.101544569195459e-05
the 0.0790273556231003 0.9540816326530612 0.07539854847714161
court 0.0060790273556231 0.015306122448979591 9.304633707586378e-05
marian 0.0121580547112462 0.00510204081632653 6.203089138390918e-05
is 0.015197568389057751 0.5663265306122449 0.008606786179517401
looking 0.00303951367781155 0.02040816326530612 6.203089138390918e-05
for 0.00911854103343465 0.3877551020408163 0.0035357608088828233
the 0.0790273556231003 0.9540816326530612 0.07539854847714161
man 0.00911854103343465 0.12755102040816327 0.0011630792134482973
who 0.0182370820668693 0.39285714285714285 0.007164567954841511
the 0.0790273556231003 0.9540816326530612 0.07539854847714161
figurative 0.00303951367781155 0.00510204081632653 1.5507722845977294e-05
and 0.0243161094224924 0.8571428571428571 0.020842379504993486
literal 0.00303951367781155 0.00510204081632653 1.5507722845977294e-05
key 0.00303951367781155 0.015306122448979591 4.652316853793189e-05
to 0.030395136778115502 0.7806122448979592 0.023726815954345264
unlock 0.00303951367781155 0.015306122448979591 4.652316853793189e-05
her 0.00303951367781155 0.2755102040816326 0.0008374170336827739
heart 0.0060790273556231 0.030612244897959183 0.00018609267415172756
and 0.0243161094224924 0.8571428571428571 0.020842379504993486
private 0.00303951367781155 0.01020408163265306 3.101544569195459e-05
parts 0.00303951367781155 0.01020408163265306 3.101544569195459e-05
the 0.0790273556231003 0.9540816326530612 0.07539854847714161
sheriff 0.0121580547112462 0.01020408163265306 0.00012406178276781835
his 0.00911854103343465 0.44387755102040816 0.004047515662800074
eyes 0.00303951367781155 0.030612244897959183 9.304633707586378e-05
on 0.00303951367781155 0.3520408163265306 0.0010700328763724334
marian 0.0121580547112462 0.00510204081632653 6.203089138390918e-05
he 0.00911854103343465 0.34183673469387754 0.0031170522920414365
who 0.0182370820668693 0.39285714285714285 0.007164567954841511
in 0.02127659574468085 0.7346938775510204 0.015631784628745114
turn 0.00303951367781155 0.025510204081632654 7.753861422988648e-05
is 0.015197568389057751 0.5663265306122449 0.008606786179517401
the 0.0790273556231003 0.9540816326530612 0.07539854847714161
object 0.00303951367781155 0.00510204081632653 1.5507722845977294e-05
desire 0.00303951367781155 0.02040816326530612 6.203089138390918e-05
latrine 0.00303951367781155 0.00510204081632653 1.5507722845977294e-05
a 0.02127659574468085 0.8826530612244898 0.018779852366478507
powerful 0.00303951367781155 0.03571428571428571 0.00010855405992184107
hag 0.00303951367781155 0.00510204081632653 1.5507722845977294e-05
a 0.02127659574468085 0.8826530612244898 0.018779852366478507
sorceress 0.00303951367781155 0.00510204081632653 1.5507722845977294e-05
the 0.0790273556231003 0.9540816326530612 0.07539854847714161
court 0.0060790273556231 0.015306122448979591 9.304633707586378e-05
robin 0.015197568389057751 0.00510204081632653 7.753861422988648e-05
and 0.0243161094224924 0.8571428571428571 0.020842379504993486
the 0.0790273556231003 0.9540816326530612 0.07539854847714161
sheriff 0.0121580547112462 0.01020408163265306 0.00012406178276781835
in 0.02127659574468085 0.7346938775510204 0.015631784628745114
particular 0.00303951367781155 0.00510204081632653 1.5507722845977294e-05
a 0.02127659574468085 0.8826530612244898 0.018779852366478507
fight 0.00303951367781155 0.03571428571428571 0.00010855405992184107
to 0.030395136778115502 0.7806122448979592 0.023726815954345264
the 0.0790273556231003 0.9540816326530612 0.07539854847714161
death 0.00303951367781155 0.04591836734693878 0.00013956950561379568
mentality 0.00303951367781155 0.00510204081632653 1.5507722845977294e-05
to 0.030395136778115502 0.7806122448979592 0.023726815954345264
achieve 0.00303951367781155 0.015306122448979591 4.652316853793189e-05
their 0.00911854103343465 0.3520408163265306 0.0032100986291173
end 0.00303951367781155 0.04591836734693878 0.00013956950561379568
goals 0.00303951367781155 0.00510204081632653 1.5507722845977294e-05
for 0.00911854103343465 0.3877551020408163 0.0035357608088828233
protection 0.00303951367781155 0.01020408163265306 3.101544569195459e-05
the 0.0790273556231003 0.9540816326530612 0.07539854847714161
throne 0.0060790273556231 0.00510204081632653 3.101544569195459e-05
for 0.00911854103343465 0.3877551020408163 0.0035357608088828233
their 0.00911854103343465 0.3520408163265306 0.0032100986291173
trusted 0.00303951367781155 0.00510204081632653 1.5507722845977294e-05
royal 0.00303951367781155 0.00510204081632653 1.5507722845977294e-05
and 0.0243161094224924 0.8571428571428571 0.020842379504993486
the 0.0790273556231003 0.9540816326530612 0.07539854847714161
heart 0.0060790273556231 0.030612244897959183 0.00018609267415172756
and 0.0243161094224924 0.8571428571428571 0.020842379504993486
cherry 0.00303951367781155 0.00510204081632653 1.5507722845977294e-05
maid 0.0060790273556231 0.00510204081632653 3.101544569195459e-05
marian 0.0121580547112462 0.00510204081632653 6.203089138390918e-05
