the 0.053763440860215055 0.9540816326530612 0.05129471143296028
narrative 0.010752688172043012 0.01020408163265306 0.00010972130787798991
revolves 0.010752688172043012 0.02040816326530612 0.00021944261575597982
around 0.010752688172043012 0.08673469387755102 0.0009326311169629142
bantu 0.03225806451612903 0.00510204081632653 0.00016458196181698485
allu 0.010752688172043012 0.00510204081632653 5.4860653938994955e-05
arjun 0.010752688172043012 0.01020408163265306 0.00010972130787798991
a 0.043010752688172046 0.8826530612244898 0.037963572525784514
skilled 0.010752688172043012 0.015306122448979591 0.00016458196181698488
man 0.010752688172043012 0.12755102040816327 0.0013715163484748739
who 0.021505376344086023 0.39285714285714285 0.008448540706605223
is 0.021505376344086023 0.5663265306122449 0.01217906517445688
despised 0.010752688172043012 0.00510204081632653 5.4860653938994955e-05
and 0.021505376344086023 0.8571428571428571 0.018433179723502304
often 0.010752688172043012 0.015306122448979591 0.00016458196181698488
neglected 0.010752688172043012 0.01020408163265306 0.00010972130787798991
by 0.021505376344086023 0.33163265306122447 0.007131885012069344
his 0.043010752688172046 0.44387755102040816 0.019091507570770244
father 0.010752688172043012 0.11734693877551021 0.0012617950405968842
valmiki 0.021505376344086023 0.00510204081632653 0.00010972130787798991
murali 0.010752688172043012 0.01020408163265306 0.00010972130787798991
sharma 0.010752688172043012 0.00510204081632653 5.4860653938994955e-05
what 0.010752688172043012 0.1377551020408163 0.0014812376563528636
bantu 0.03225806451612903 0.00510204081632653 0.00016458196181698485
know 0.010752688172043012 0.07142857142857142 0.0007680491551459293
is 0.021505376344086023 0.5663265306122449 0.01217906517445688
that 0.010752688172043012 0.40816326530612246 0.004388852315119597
he 0.021505376344086023 0.34183673469387754 0.007351327627825324
actually 0.010752688172043012 0.02040816326530612 0.00021944261575597982
the 0.053763440860215055 0.9540816326530612 0.05129471143296028
son 0.021505376344086023 0.08163265306122448 0.0017555409260478386
a 0.043010752688172046 0.8826530612244898 0.037963572525784514
businessman 0.010752688172043012 0.01020408163265306 0.00010972130787798991
swapped 0.010752688172043012 0.00510204081632653 5.4860653938994955e-05
by 0.021505376344086023 0.33163265306122447 0.007131885012069344
valmiki 0.021505376344086023 0.00510204081632653 0.00010972130787798991
with 0.010752688172043012 0.4387755102040816 0.004718016238753566
his 0.043010752688172046 0.44387755102040816 0.019091507570770244
son 0.021505376344086023 0.08163265306122448 0.0017555409260478386
to 0.03225806451612903 0.7806122448979592 0.025181040157998685
give 0.010752688172043012 0.015306122448979591 0.00016458196181698488
the 0.053763440860215055 0.9540816326530612 0.05129471143296028
latter 0.010752688172043012 0.00510204081632653 5.4860653938994955e-05
a 0.043010752688172046 0.8826530612244898 0.037963572525784514
comfortable 0.010752688172043012 0.00510204081632653 5.4860653938994955e-05
life 0.010752688172043012 0.20408163265306123 0.0021944261575597983
a 0.043010752688172046 0.8826530612244898 0.037963572525784514
violent 0.010752688172043012 0.015306122448979591 0.00016458196181698488
incident 0.010752688172043012 0.02040816326530612 0.00021944261575597982
draws 0.010752688172043012 0.01020408163265306 0.00010972130787798991
bantu 0.03225806451612903 0.00510204081632653 0.00016458196181698485
closer 0.010752688172043012 0.025510204081632654 0.0002743032696949748
to 0.03225806451612903 0.7806122448979592 0.025181040157998685
the 0.053763440860215055 0.9540816326530612 0.05129471143296028
truth 0.010752688172043012 0.04081632653061224 0.00043888523151195964
upon 0.010752688172043012 0.025510204081632654 0.0002743032696949748
learning 0.010752688172043012 0.01020408163265306 0.00010972130787798991
he 0.021505376344086023 0.34183673469387754 0.007351327627825324
decides 0.010752688172043012 0.061224489795918366 0.0006583278472679395
to 0.03225806451612903 0.7806122448979592 0.025181040157998685
enter 0.010752688172043012 0.02040816326530612 0.00021944261575597982
vaikunthapuram 0.010752688172043012 0.00510204081632653 5.4860653938994955e-05
the 0.053763440860215055 0.9540816326530612 0.05129471143296028
home 0.010752688172043012 0.07653061224489796 0.0008229098090849244
his 0.043010752688172046 0.44387755102040816 0.019091507570770244
real 0.010752688172043012 0.030612244897959183 0.00032916392363396976
parents 0.010752688172043012 0.025510204081632654 0.0002743032696949748
and 0.021505376344086023 0.8571428571428571 0.018433179723502304
eventually 0.010752688172043012 0.025510204081632654 0.0002743032696949748
confront 0.010752688172043012 0.015306122448979591 0.00016458196181698488
who 0.021505376344086023 0.39285714285714285 0.008448540706605223
threaten 0.010752688172043012 0.01020408163265306 0.00010972130787798991
his 0.043010752688172046 0.44387755102040816 0.019091507570770244
family 0.010752688172043012 0.22448979591836735 0.002413868773315778
