jayakrishnan 0.0375 0.00510204081632653 0.0001913265306122449
enters 0.0125 0.015306122448979591 0.00019132653061224492
real 0.0125 0.030612244897959183 0.00038265306122448983
estate 0.0125 0.01020408163265306 0.00012755102040816325
business 0.0125 0.025510204081632654 0.0003188775510204082
with 0.025 0.4387755102040816 0.01096938775510204
varki 0.0125 0.00510204081632653 6.377551020408162e-05
however 0.0125 0.04081632653061224 0.000510204081632653
it 0.0125 0.2193877551020408 0.00274234693877551
becomes 0.0125 0.07142857142857142 0.0008928571428571428
a 0.05 0.8826530612244898 0.04413265306122449
trap 0.0125 0.00510204081632653 6.377551020408162e-05
for 0.0375 0.3877551020408163 0.014540816326530611
and 0.025 0.8571428571428571 0.02142857142857143
he 0.0375 0.34183673469387754 0.012818877551020407
looses 0.0125 0.00510204081632653 6.377551020408162e-05
his 0.0125 0.44387755102040816 0.005548469387755103
home 0.0125 0.07653061224489796 0.0009566326530612246
and 0.025 0.8571428571428571 0.02142857142857143
land 0.0375 0.030612244897959183 0.0011479591836734693
the 0.05 0.9540816326530612 0.047704081632653064
land 0.0375 0.030612244897959183 0.0011479591836734693
that 0.0375 0.40816326530612246 0.015306122448979591
he 0.0375 0.34183673469387754 0.012818877551020407
ended 0.0125 0.01020408163265306 0.00012755102040816325
buying 0.0125 0.00510204081632653 6.377551020408162e-05
a 0.05 0.8826530612244898 0.04413265306122449
land 0.0375 0.030612244897959183 0.0011479591836734693
that 0.0375 0.40816326530612246 0.015306122448979591
already 0.0125 0.01020408163265306 0.00012755102040816325
the 0.05 0.9540816326530612 0.047704081632653064
central 0.0125 0.02040816326530612 0.0002551020408163265
government 0.0125 0.02040816326530612 0.0002551020408163265
marked 0.0125 0.00510204081632653 6.377551020408162e-05
for 0.0375 0.3877551020408163 0.014540816326530611
a 0.05 0.8826530612244898 0.04413265306122449
railway 0.0125 0.01020408163265306 0.00012755102040816325
project 0.0125 0.00510204081632653 6.377551020408162e-05
he 0.0375 0.34183673469387754 0.012818877551020407
with 0.025 0.4387755102040816 0.01096938775510204
the 0.05 0.9540816326530612 0.047704081632653064
help 0.0125 0.10204081632653061 0.0012755102040816328
a 0.05 0.8826530612244898 0.04413265306122449
political 0.0125 0.015306122448979591 0.00019132653061224492
shark 0.0125 0.00510204081632653 6.377551020408162e-05
xavier 0.0125 0.00510204081632653 6.377551020408162e-05
sells 0.0125 0.00510204081632653 6.377551020408162e-05
that 0.0375 0.40816326530612246 0.015306122448979591
property 0.0125 0.01020408163265306 0.00012755102040816325
to 0.0125 0.7806122448979592 0.00975765306122449
ashraf 0.0125 0.00510204081632653 6.377551020408162e-05
hajji 0.0125 0.00510204081632653 6.377551020408162e-05
who 0.0125 0.39285714285714285 0.004910714285714286
bought 0.0125 0.01020408163265306 0.00012755102040816325
jayakrishnan 0.0375 0.00510204081632653 0.0001913265306122449
properties 0.0125 0.01020408163265306 0.00012755102040816325
for 0.0375 0.3877551020408163 0.014540816326530611
the 0.05 0.9540816326530612 0.047704081632653064
fair 0.0125 0.015306122448979591 0.00019132653061224492
price 0.0125 0.01020408163265306 0.00012755102040816325
by 0.0125 0.33163265306122447 0.004145408163265306
dominating 0.0125 0.00510204081632653 6.377551020408162e-05
jayakrishnan 0.0375 0.00510204081632653 0.0001913265306122449
dire 0.0125 0.00510204081632653 6.377551020408162e-05
situation 0.0125 0.015306122448979591 0.00019132653061224492
