rahim 0.021739130434782608 0.01020408163265306 0.00022182786157941436
is 0.021739130434782608 0.5663265306122449 0.012311446317657498
in 0.021739130434782608 0.7346938775510204 0.015971606033717837
prison 0.021739130434782608 0.015306122448979591 0.00033274179236912155
a 0.043478260869565216 0.8826530612244898 0.03837622005323869
debt 0.021739130434782608 0.00510204081632653 0.00011091393078970718
he 0.043478260869565216 0.34183673469387754 0.014862466725820762
unable 0.021739130434782608 0.01020408163265306 0.00022182786157941436
to 0.06521739130434782 0.7806122448979592 0.0509094942324756
repay 0.021739130434782608 0.00510204081632653 0.00011091393078970718
during 0.021739130434782608 0.04591836734693878 0.0009982253771073648
a 0.043478260869565216 0.8826530612244898 0.03837622005323869
leave 0.021739130434782608 0.02040816326530612 0.0004436557231588287
he 0.043478260869565216 0.34183673469387754 0.014862466725820762
tries 0.021739130434782608 0.030612244897959183 0.0006654835847382431
to 0.06521739130434782 0.7806122448979592 0.0509094942324756
convince 0.021739130434782608 0.01020408163265306 0.00022182786157941436
his 0.043478260869565216 0.44387755102040816 0.01929902395740905
creditor 0.021739130434782608 0.00510204081632653 0.00011091393078970718
to 0.06521739130434782 0.7806122448979592 0.0509094942324756
withdraw 0.021739130434782608 0.00510204081632653 0.00011091393078970718
his 0.043478260869565216 0.44387755102040816 0.01929902395740905
complaint 0.021739130434782608 0.00510204081632653 0.00011091393078970718
the 0.043478260869565216 0.9540816326530612 0.04148181011535049
payment 0.021739130434782608 0.00510204081632653 0.00011091393078970718
part 0.021739130434782608 0.04081632653061224 0.0008873114463176574
the 0.043478260869565216 0.9540816326530612 0.04148181011535049
sum 0.021739130434782608 0.01020408163265306 0.00022182786157941436
but 0.021739130434782608 0.3112244897959184 0.006765749778172138
things 0.021739130434782608 0.04081632653061224 0.0008873114463176574
go 0.021739130434782608 0.09183673469387756 0.0019964507542147296
as 0.021739130434782608 0.3469387755102041 0.0075421472937000885
planned 0.021739130434782608 0.00510204081632653 0.00011091393078970718
