inspired 0.037037037037037035 0.025510204081632654 0.0009448223733938019
by 0.07407407407407407 0.33163265306122447 0.024565381708238847
the 0.037037037037037035 0.9540816326530612 0.03533635676492819
adventures 0.037037037037037035 0.015306122448979591 0.0005668934240362811
arsène 0.037037037037037035 0.00510204081632653 0.00018896447467876037
lupin 0.037037037037037035 0.00510204081632653 0.00018896447467876037
gentleman 0.037037037037037035 0.00510204081632653 0.00018896447467876037
thief 0.037037037037037035 0.00510204081632653 0.00018896447467876037
assane 0.037037037037037035 0.00510204081632653 0.00018896447467876037
diop 0.037037037037037035 0.00510204081632653 0.00018896447467876037
sets 0.037037037037037035 0.05612244897959184 0.0020786092214663643
out 0.037037037037037035 0.18877551020408162 0.0069916855631141335
to 0.037037037037037035 0.7806122448979592 0.02891156462585034
avenge 0.037037037037037035 0.00510204081632653 0.00018896447467876037
his 0.037037037037037035 0.44387755102040816 0.016439909297052153
father 0.037037037037037035 0.11734693877551021 0.004346182917611489
for 0.037037037037037035 0.3877551020408163 0.014361300075585788
an 0.037037037037037035 0.3622448979591837 0.013416477702191988
injustice 0.037037037037037035 0.00510204081632653 0.00018896447467876037
inflicted 0.037037037037037035 0.00510204081632653 0.00018896447467876037
by 0.07407407407407407 0.33163265306122447 0.024565381708238847
a 0.037037037037037035 0.8826530612244898 0.032690854119425544
wealthy 0.037037037037037035 0.025510204081632654 0.0009448223733938019
family 0.037037037037037035 0.22448979591836735 0.008314436885865457
