seventeen 0.005649717514124294 0.00510204081632653 2.8825089357777006e-05
kim 0.02824858757062147 0.00510204081632653 0.00014412544678888504
is 0.011299435028248588 0.5663265306122449 0.006399169837426496
the 0.03954802259887006 0.9540816326530612 0.03773204196933011
pride 0.005649717514124294 0.00510204081632653 2.8825089357777006e-05
and 0.03389830508474576 0.8571428571428571 0.029055690072639223
joy 0.005649717514124294 0.01020408163265306 5.765017871555401e-05
her 0.05084745762711865 0.2755102040816326 0.014008993427879627
father 0.022598870056497175 0.11734693877551021 0.002651908220915485
bryan 0.01694915254237288 0.00510204081632653 8.647526807333102e-05
mills 0.011299435028248588 0.00510204081632653 5.765017871555401e-05
bryan 0.01694915254237288 0.00510204081632653 8.647526807333102e-05
is 0.011299435028248588 0.5663265306122449 0.006399169837426496
a 0.01694915254237288 0.8826530612244898 0.014960221376686268
retired 0.005649717514124294 0.015306122448979591 8.647526807333103e-05
agent 0.005649717514124294 0.015306122448979591 8.647526807333103e-05
who 0.005649717514124294 0.39285714285714285 0.0022195318805488294
left 0.005649717514124294 0.04081632653061224 0.00023060071486221605
the 0.03954802259887006 0.9540816326530612 0.03773204196933011
central 0.005649717514124294 0.02040816326530612 0.00011530035743110802
intelligence 0.005649717514124294 0.01020408163265306 5.765017871555401e-05
agency 0.005649717514124294 0.02040816326530612 0.00011530035743110802
to 0.062146892655367235 0.7806122448979592 0.04851262538913871
near 0.005649717514124294 0.015306122448979591 8.647526807333103e-05
kim 0.02824858757062147 0.00510204081632653 0.00014412544678888504
in 0.01694915254237288 0.7346938775510204 0.012452438602559669
california 0.005649717514124294 0.00510204081632653 2.8825089357777006e-05
kim 0.02824858757062147 0.00510204081632653 0.00014412544678888504
lives 0.005649717514124294 0.12244897959183673 0.0006918021445866483
with 0.01694915254237288 0.4387755102040816 0.007436873054306468
her 0.05084745762711865 0.2755102040816326 0.014008993427879627
mother 0.005649717514124294 0.05612244897959184 0.0003170759829355471
lenore 0.005649717514124294 0.00510204081632653 2.8825089357777006e-05
and 0.03389830508474576 0.8571428571428571 0.029055690072639223
her 0.05084745762711865 0.2755102040816326 0.014008993427879627
wealthy 0.005649717514124294 0.025510204081632654 0.00014412544678888504
stepfather 0.005649717514124294 0.01020408163265306 5.765017871555401e-05
stuart 0.005649717514124294 0.00510204081632653 2.8825089357777006e-05
kim 0.02824858757062147 0.00510204081632653 0.00014412544678888504
manages 0.005649717514124294 0.025510204081632654 0.00014412544678888504
to 0.062146892655367235 0.7806122448979592 0.04851262538913871
convince 0.005649717514124294 0.01020408163265306 5.765017871555401e-05
her 0.05084745762711865 0.2755102040816326 0.014008993427879627
reluctant 0.005649717514124294 0.00510204081632653 2.8825089357777006e-05
father 0.022598870056497175 0.11734693877551021 0.002651908220915485
to 0.062146892655367235 0.7806122448979592 0.04851262538913871
allow 0.005649717514124294 0.00510204081632653 2.8825089357777006e-05
her 0.05084745762711865 0.2755102040816326 0.014008993427879627
to 0.062146892655367235 0.7806122448979592 0.04851262538913871
travel 0.005649717514124294 0.015306122448979591 8.647526807333103e-05
to 0.062146892655367235 0.7806122448979592 0.04851262538913871
paris 0.022598870056497175 0.04591836734693878 0.0010377032168799724
with 0.01694915254237288 0.4387755102040816 0.007436873054306468
her 0.05084745762711865 0.2755102040816326 0.014008993427879627
friend 0.011299435028248588 0.0663265306122449 0.0007494523233022022
amanda 0.011299435028248588 0.00510204081632653 5.765017871555401e-05
when 0.005649717514124294 0.27040816326530615 0.0015277297359621816
the 0.03954802259887006 0.9540816326530612 0.03773204196933011
girls 0.011299435028248588 0.02040816326530612 0.00023060071486221605
arrive 0.005649717514124294 0.02040816326530612 0.00011530035743110802
in 0.01694915254237288 0.7346938775510204 0.012452438602559669
paris 0.022598870056497175 0.04591836734693878 0.0010377032168799724
they 0.01694915254237288 0.28061224489795916 0.004756139744033206
share 0.005649717514124294 0.030612244897959183 0.00017295053614666206
a 0.01694915254237288 0.8826530612244898 0.014960221376686268
cab 0.005649717514124294 0.00510204081632653 2.8825089357777006e-05
with 0.01694915254237288 0.4387755102040816 0.007436873054306468
a 0.01694915254237288 0.8826530612244898 0.014960221376686268
stranger 0.005649717514124294 0.015306122448979591 8.647526807333103e-05
named 0.005649717514124294 0.03571428571428571 0.00020177562550443906
peter 0.005649717514124294 0.02040816326530612 0.00011530035743110802
and 0.03389830508474576 0.8571428571428571 0.029055690072639223
amanda 0.011299435028248588 0.00510204081632653 5.765017871555401e-05
lets 0.005649717514124294 0.01020408163265306 5.765017871555401e-05
it 0.005649717514124294 0.2193877551020408 0.0012394788423844114
slip 0.005649717514124294 0.00510204081632653 2.8825089357777006e-05
that 0.005649717514124294 0.40816326530612246 0.0023060071486221607
they 0.01694915254237288 0.28061224489795916 0.004756139744033206
alone 0.005649717514124294 0.015306122448979591 8.647526807333103e-05
in 0.01694915254237288 0.7346938775510204 0.012452438602559669
paris 0.022598870056497175 0.04591836734693878 0.0010377032168799724
using 0.005649717514124294 0.015306122448979591 8.647526807333103e-05
this 0.005649717514124294 0.17346938775510204 0.0009800530381644183
information 0.011299435028248588 0.00510204081632653 5.765017871555401e-05
an 0.005649717514124294 0.3622448979591837 0.002046581344402168
albanian 0.005649717514124294 0.00510204081632653 2.8825089357777006e-05
gang 0.005649717514124294 0.02040816326530612 0.00011530035743110802
human 0.005649717514124294 0.05612244897959184 0.0003170759829355471
traffickers 0.005649717514124294 0.00510204081632653 2.8825089357777006e-05
kidnaps 0.005649717514124294 0.00510204081632653 2.8825089357777006e-05
the 0.03954802259887006 0.9540816326530612 0.03773204196933011
girls 0.011299435028248588 0.02040816326530612 0.00023060071486221605
kim 0.02824858757062147 0.00510204081632653 0.00014412544678888504
barely 0.005649717514124294 0.00510204081632653 2.8825089357777006e-05
time 0.005649717514124294 0.14795918367346939 0.0008359275913755333
to 0.062146892655367235 0.7806122448979592 0.04851262538913871
call 0.005649717514124294 0.01020408163265306 5.765017871555401e-05
her 0.05084745762711865 0.2755102040816326 0.014008993427879627
father 0.022598870056497175 0.11734693877551021 0.002651908220915485
and 0.03389830508474576 0.8571428571428571 0.029055690072639223
give 0.005649717514124294 0.015306122448979591 8.647526807333103e-05
information 0.011299435028248588 0.00510204081632653 5.765017871555401e-05
her 0.05084745762711865 0.2755102040816326 0.014008993427879627
father 0.022598870056497175 0.11734693877551021 0.002651908220915485
gets 0.005649717514124294 0.04081632653061224 0.00023060071486221605
to 0.062146892655367235 0.7806122448979592 0.04851262538913871
speak 0.005649717514124294 0.00510204081632653 2.8825089357777006e-05
briefly 0.005649717514124294 0.00510204081632653 2.8825089357777006e-05
to 0.062146892655367235 0.7806122448979592 0.04851262538913871
one 0.005649717514124294 0.18877551020408162 0.0010665283062377493
the 0.03954802259887006 0.9540816326530612 0.03773204196933011
kidnappers 0.011299435028248588 0.00510204081632653 5.765017871555401e-05
and 0.03389830508474576 0.8571428571428571 0.029055690072639223
he 0.005649717514124294 0.34183673469387754 0.0019312809869710596
promises 0.005649717514124294 0.025510204081632654 0.00014412544678888504
to 0.062146892655367235 0.7806122448979592 0.04851262538913871
kill 0.005649717514124294 0.030612244897959183 0.00017295053614666206
the 0.03954802259887006 0.9540816326530612 0.03773204196933011
kidnappers 0.011299435028248588 0.00510204081632653 5.765017871555401e-05
if 0.005649717514124294 0.03571428571428571 0.00020177562550443906
they 0.01694915254237288 0.28061224489795916 0.004756139744033206
not 0.005649717514124294 0.14795918367346939 0.0008359275913755333
let 0.005649717514124294 0.02040816326530612 0.00011530035743110802
his 0.011299435028248588 0.44387755102040816 0.005015565548253199
daughter 0.011299435028248588 0.05102040816326531 0.0005765017871555402
go 0.005649717514124294 0.09183673469387756 0.0005188516084399862
free 0.005649717514124294 0.025510204081632654 0.00014412544678888504
the 0.03954802259887006 0.9540816326530612 0.03773204196933011
kidnapper 0.005649717514124294 0.00510204081632653 2.8825089357777006e-05
wishes 0.005649717514124294 0.00510204081632653 2.8825089357777006e-05
good 0.005649717514124294 0.025510204081632654 0.00014412544678888504
luck 0.005649717514124294 0.00510204081632653 2.8825089357777006e-05
so 0.005649717514124294 0.030612244897959183 0.00017295053614666206
bryan 0.01694915254237288 0.00510204081632653 8.647526807333102e-05
mills 0.011299435028248588 0.00510204081632653 5.765017871555401e-05
travels 0.005649717514124294 0.00510204081632653 2.8825089357777006e-05
to 0.062146892655367235 0.7806122448979592 0.04851262538913871
paris 0.022598870056497175 0.04591836734693878 0.0010377032168799724
to 0.062146892655367235 0.7806122448979592 0.04851262538913871
search 0.005649717514124294 0.030612244897959183 0.00017295053614666206
for 0.005649717514124294 0.3877551020408163 0.0021907067911910525
his 0.011299435028248588 0.44387755102040816 0.005015565548253199
daughter 0.011299435028248588 0.05102040816326531 0.0005765017871555402
and 0.03389830508474576 0.8571428571428571 0.029055690072639223
her 0.05084745762711865 0.2755102040816326 0.014008993427879627
friend 0.011299435028248588 0.0663265306122449 0.0007494523233022022
carvalho 0.005649717514124294 0.02040816326530612 0.00011530035743110802
rio 0.005649717514124294 0.025510204081632654 0.00014412544678888504
de 0.005649717514124294 0.025510204081632654 0.00014412544678888504
janeiro 0.005649717514124294 0.02040816326530612 0.00011530035743110802
brazil 0.005649717514124294 0.02040816326530612 0.00011530035743110802
