mark 0.024390243902439025 0.01020408163265306 0.00024888003982080636
leads 0.024390243902439025 0.030612244897959183 0.0007466401194624191
a 0.07317073170731707 0.8826530612244898 0.06458437033349926
team 0.024390243902439025 0.04081632653061224 0.0009955201592832255
office 0.024390243902439025 0.01020408163265306 0.00024888003982080636
workers 0.024390243902439025 0.00510204081632653 0.00012444001991040318
whose 0.024390243902439025 0.04591836734693878 0.0011199601791936288
memories 0.024390243902439025 0.015306122448979591 0.00037332005973120957
surgically 0.024390243902439025 0.00510204081632653 0.00012444001991040318
divided 0.024390243902439025 0.01020408163265306 0.00024888003982080636
their 0.04878048780487805 0.3520408163265306 0.01717272274763564
work 0.04878048780487805 0.04591836734693878 0.0022399203583872576
and 0.024390243902439025 0.8571428571428571 0.020905923344947733
personal 0.024390243902439025 0.03571428571428571 0.0008710801393728223
lives 0.024390243902439025 0.12244897959183673 0.0029865604778496766
when 0.024390243902439025 0.27040816326530615 0.00659532105525137
a 0.07317073170731707 0.8826530612244898 0.06458437033349926
mysterious 0.024390243902439025 0.08673469387755102 0.002115480338476854
colleague 0.024390243902439025 0.00510204081632653 0.00012444001991040318
appears 0.024390243902439025 0.015306122448979591 0.00037332005973120957
outside 0.024390243902439025 0.02040816326530612 0.0004977600796416127
work 0.04878048780487805 0.04591836734693878 0.0022399203583872576
it 0.024390243902439025 0.2193877551020408 0.005350920856147337
begins 0.024390243902439025 0.07142857142857142 0.0017421602787456446
a 0.07317073170731707 0.8826530612244898 0.06458437033349926
journey 0.024390243902439025 0.08163265306122448 0.001991040318566451
to 0.024390243902439025 0.7806122448979592 0.01903932304629169
discover 0.024390243902439025 0.025510204081632654 0.000622200099552016
the 0.024390243902439025 0.9540816326530612 0.023270283723245397
truth 0.024390243902439025 0.04081632653061224 0.0009955201592832255
their 0.04878048780487805 0.3520408163265306 0.01717272274763564
jobs 0.024390243902439025 0.01020408163265306 0.00024888003982080636
