it 0.008130081300813009 0.2193877551020408 0.0017836402853824457
supposed 0.008130081300813009 0.00510204081632653 4.148000663680106e-05
to 0.032520325203252036 0.7806122448979592 0.025385764061722254
a 0.04878048780487805 0.8826530612244898 0.043056246888999505
simple 0.008130081300813009 0.025510204081632654 0.00020740003318400535
job 0.008130081300813009 0.04591836734693878 0.0003733200597312096
all 0.008130081300813009 0.17346938775510204 0.0014103202256512363
lucy 0.032520325203252036 0.00510204081632653 0.00016592002654720425
to 0.032520325203252036 0.7806122448979592 0.025385764061722254
deliver 0.008130081300813009 0.00510204081632653 4.148000663680106e-05
a 0.04878048780487805 0.8826530612244898 0.043056246888999505
mysterious 0.008130081300813009 0.08673469387755102 0.0007051601128256181
briefcase 0.008130081300813009 0.00510204081632653 4.148000663680106e-05
to 0.032520325203252036 0.7806122448979592 0.025385764061722254
jang 0.008130081300813009 0.00510204081632653 4.148000663680106e-05
but 0.008130081300813009 0.3112244897959184 0.0025302804048448653
immediately 0.008130081300813009 0.00510204081632653 4.148000663680106e-05
lucy 0.032520325203252036 0.00510204081632653 0.00016592002654720425
is 0.024390243902439025 0.5663265306122449 0.013812842210054755
caught 0.008130081300813009 0.015306122448979591 0.0001244400199104032
in 0.008130081300813009 0.7346938775510204 0.005973120955699354
a 0.04878048780487805 0.8826530612244898 0.043056246888999505
nightmarish 0.008130081300813009 0.01020408163265306 8.296001327360213e-05
deal 0.008130081300813009 0.015306122448979591 0.0001244400199104032
where 0.008130081300813009 0.11224489795918367 0.0009125601460096234
she 0.024390243902439025 0.19387755102040816 0.004728720756595321
is 0.024390243902439025 0.5663265306122449 0.013812842210054755
captured 0.008130081300813009 0.01020408163265306 8.296001327360213e-05
and 0.024390243902439025 0.8571428571428571 0.020905923344947733
turned 0.008130081300813009 0.04081632653061224 0.0003318400530944085
a 0.04878048780487805 0.8826530612244898 0.043056246888999505
drug 0.016260162601626018 0.04081632653061224 0.000663680106188817
mule 0.008130081300813009 0.00510204081632653 4.148000663680106e-05
for 0.008130081300813009 0.3877551020408163 0.003152480504396881
a 0.04878048780487805 0.8826530612244898 0.043056246888999505
new 0.008130081300813009 0.1377551020408163 0.0011199601791936286
and 0.024390243902439025 0.8571428571428571 0.020905923344947733
powerful 0.008130081300813009 0.03571428571428571 0.00029036004645760743
synthetic 0.008130081300813009 0.00510204081632653 4.148000663680106e-05
drug 0.016260162601626018 0.04081632653061224 0.000663680106188817
when 0.008130081300813009 0.27040816326530615 0.0021984403517504567
the 0.024390243902439025 0.9540816326530612 0.023270283723245397
bag 0.008130081300813009 0.00510204081632653 4.148000663680106e-05
she 0.024390243902439025 0.19387755102040816 0.004728720756595321
is 0.024390243902439025 0.5663265306122449 0.013812842210054755
carrying 0.008130081300813009 0.00510204081632653 4.148000663680106e-05
inside 0.008130081300813009 0.02040816326530612 0.00016592002654720425
her 0.032520325203252036 0.2755102040816326 0.008959681433549029
stomach 0.008130081300813009 0.00510204081632653 4.148000663680106e-05
leaks 0.008130081300813009 0.00510204081632653 4.148000663680106e-05
lucy 0.032520325203252036 0.00510204081632653 0.00016592002654720425
body 0.008130081300813009 0.02040816326530612 0.00016592002654720425
undergoes 0.008130081300813009 0.01020408163265306 8.296001327360213e-05
unimaginable 0.008130081300813009 0.00510204081632653 4.148000663680106e-05
changes 0.008130081300813009 0.030612244897959183 0.0002488800398208064
that 0.008130081300813009 0.40816326530612246 0.0033184005309440856
begins 0.008130081300813009 0.07142857142857142 0.0005807200929152149
to 0.032520325203252036 0.7806122448979592 0.025385764061722254
unlock 0.008130081300813009 0.015306122448979591 0.0001244400199104032
her 0.032520325203252036 0.2755102040816326 0.008959681433549029
mind 0.016260162601626018 0.01020408163265306 0.00016592002654720425
full 0.008130081300813009 0.025510204081632654 0.00020740003318400535
potential 0.008130081300813009 0.00510204081632653 4.148000663680106e-05
with 0.008130081300813009 0.4387755102040816 0.0035672805707648914
her 0.032520325203252036 0.2755102040816326 0.008959681433549029
powers 0.008130081300813009 0.030612244897959183 0.0002488800398208064
lucy 0.032520325203252036 0.00510204081632653 0.00016592002654720425
turns 0.008130081300813009 0.030612244897959183 0.0002488800398208064
a 0.04878048780487805 0.8826530612244898 0.043056246888999505
merciless 0.008130081300813009 0.00510204081632653 4.148000663680106e-05
warrior 0.008130081300813009 0.015306122448979591 0.0001244400199104032
intent 0.008130081300813009 0.00510204081632653 4.148000663680106e-05
on 0.016260162601626018 0.3520408163265306 0.005724240915878547
getting 0.008130081300813009 0.02040816326530612 0.00016592002654720425
back 0.008130081300813009 0.08673469387755102 0.0007051601128256181
at 0.008130081300813009 0.23469387755102042 0.001908080305292849
her 0.032520325203252036 0.2755102040816326 0.008959681433549029
captors 0.008130081300813009 0.00510204081632653 4.148000663680106e-05
she 0.024390243902439025 0.19387755102040816 0.004728720756595321
receives 0.008130081300813009 0.015306122448979591 0.0001244400199104032
invaluable 0.008130081300813009 0.00510204081632653 4.148000663680106e-05
help 0.008130081300813009 0.10204081632653061 0.0008296001327360214
from 0.008130081300813009 0.3520408163265306 0.0028621204579392734
professor 0.008130081300813009 0.015306122448979591 0.0001244400199104032
norman 0.008130081300813009 0.01020408163265306 8.296001327360213e-05
the 0.024390243902439025 0.9540816326530612 0.023270283723245397
leading 0.008130081300813009 0.02040816326530612 0.00016592002654720425
authority 0.008130081300813009 0.00510204081632653 4.148000663680106e-05
on 0.016260162601626018 0.3520408163265306 0.005724240915878547
the 0.024390243902439025 0.9540816326530612 0.023270283723245397
human 0.008130081300813009 0.05612244897959184 0.0004562800730048117
mind 0.016260162601626018 0.01020408163265306 0.00016592002654720425
and 0.024390243902439025 0.8571428571428571 0.020905923344947733
french 0.008130081300813009 0.03571428571428571 0.00029036004645760743
police 0.008130081300813009 0.08163265306122448 0.000663680106188817
captain 0.008130081300813009 0.015306122448979591 0.0001244400199104032
pierre 0.008130081300813009 0.015306122448979591 0.0001244400199104032
del 0.008130081300813009 0.00510204081632653 4.148000663680106e-05
rio 0.008130081300813009 0.025510204081632654 0.00020740003318400535
