old 0.010416666666666666 0.05612244897959184 0.000584608843537415
danila 0.020833333333333332 0.015306122448979591 0.00031887755102040814
lives 0.010416666666666666 0.12244897959183673 0.0012755102040816326
with 0.020833333333333332 0.4387755102040816 0.009141156462585034
oppressive 0.010416666666666666 0.00510204081632653 5.314625850340135e-05
mother 0.010416666666666666 0.05612244897959184 0.000584608843537415
galina 0.010416666666666666 0.00510204081632653 5.314625850340135e-05
and 0.041666666666666664 0.8571428571428571 0.03571428571428571
brutal 0.010416666666666666 0.00510204081632653 5.314625850340135e-05
father 0.010416666666666666 0.11734693877551021 0.0012223639455782313
pasha 0.03125 0.00510204081632653 0.00015943877551020407
in 0.041666666666666664 0.7346938775510204 0.030612244897959183
a 0.03125 0.8826530612244898 0.027582908163265307
small 0.010416666666666666 0.07653061224489796 0.0007971938775510204
village 0.010416666666666666 0.025510204081632654 0.00026573129251700677
lost 0.010416666666666666 0.05102040816326531 0.0005314625850340135
in 0.041666666666666664 0.7346938775510204 0.030612244897959183
the 0.010416666666666666 0.9540816326530612 0.009938350340136053
middle 0.010416666666666666 0.025510204081632654 0.00026573129251700677
a 0.03125 0.8826530612244898 0.027582908163265307
boundless 0.010416666666666666 0.00510204081632653 5.314625850340135e-05
forest 0.010416666666666666 0.04081632653061224 0.0004251700680272108
cut 0.010416666666666666 0.01020408163265306 0.0001062925170068027
from 0.010416666666666666 0.3520408163265306 0.0036670918367346936
society 0.010416666666666666 0.03571428571428571 0.0003720238095238095
he 0.010416666666666666 0.34183673469387754 0.0035607993197278908
a 0.03125 0.8826530612244898 0.027582908163265307
problem 0.010416666666666666 0.02040816326530612 0.0002125850340136054
adjusting 0.010416666666666666 0.00510204081632653 5.314625850340135e-05
to 0.020833333333333332 0.7806122448979592 0.016262755102040817
school 0.010416666666666666 0.05102040816326531 0.0005314625850340135
life 0.010416666666666666 0.20408163265306123 0.002125850340136054
and 0.041666666666666664 0.8571428571428571 0.03571428571428571
is 0.020833333333333332 0.5663265306122449 0.011798469387755101
bullied 0.010416666666666666 0.00510204081632653 5.314625850340135e-05
for 0.020833333333333332 0.3877551020408163 0.008078231292517005
his 0.03125 0.44387755102040816 0.013871173469387755
sullen 0.010416666666666666 0.00510204081632653 5.314625850340135e-05
manners 0.010416666666666666 0.00510204081632653 5.314625850340135e-05
and 0.041666666666666664 0.8571428571428571 0.03571428571428571
total 0.010416666666666666 0.00510204081632653 5.314625850340135e-05
lack 0.010416666666666666 0.01020408163265306 0.0001062925170068027
interest 0.010416666666666666 0.01020408163265306 0.0001062925170068027
in 0.041666666666666664 0.7346938775510204 0.030612244897959183
girls 0.010416666666666666 0.02040816326530612 0.0002125850340136054
meanwhile 0.010416666666666666 0.030612244897959183 0.00031887755102040814
pasha 0.03125 0.00510204081632653 0.00015943877551020407
lusts 0.010416666666666666 0.00510204081632653 5.314625850340135e-05
after 0.010416666666666666 0.1989795918367347 0.0020727040816326528
katya 0.020833333333333332 0.01020408163265306 0.0002125850340136054
even 0.010416666666666666 0.07142857142857142 0.000744047619047619
promising 0.010416666666666666 0.00510204081632653 5.314625850340135e-05
her 0.010416666666666666 0.2755102040816326 0.002869897959183673
to 0.020833333333333332 0.7806122448979592 0.016262755102040817
leave 0.010416666666666666 0.02040816326530612 0.0002125850340136054
his 0.03125 0.44387755102040816 0.013871173469387755
family 0.010416666666666666 0.22448979591836735 0.00233843537414966
if 0.010416666666666666 0.03571428571428571 0.0003720238095238095
she 0.010416666666666666 0.19387755102040816 0.0020195578231292513
gives 0.010416666666666666 0.015306122448979591 0.00015943877551020407
in 0.041666666666666664 0.7346938775510204 0.030612244897959183
katya 0.020833333333333332 0.01020408163265306 0.0002125850340136054
husband 0.010416666666666666 0.03571428571428571 0.0003720238095238095
kolka 0.010416666666666666 0.00510204081632653 5.314625850340135e-05
is 0.020833333333333332 0.5663265306122449 0.011798469387755101
an 0.010416666666666666 0.3622448979591837 0.0037733843537414965
alcoholic 0.010416666666666666 0.01020408163265306 0.0001062925170068027
with 0.020833333333333332 0.4387755102040816 0.009141156462585034
physical 0.010416666666666666 0.015306122448979591 0.00015943877551020407
and 0.041666666666666664 0.8571428571428571 0.03571428571428571
emotional 0.010416666666666666 0.03571428571428571 0.0003720238095238095
impairments 0.010416666666666666 0.00510204081632653 5.314625850340135e-05
little 0.010416666666666666 0.04591836734693878 0.00047831632653061223
pasha 0.03125 0.00510204081632653 0.00015943877551020407
know 0.010416666666666666 0.07142857142857142 0.000744047619047619
that 0.010416666666666666 0.40816326530612246 0.004251700680272108
danila 0.020833333333333332 0.015306122448979591 0.00031887755102040814
shares 0.010416666666666666 0.00510204081632653 5.314625850340135e-05
his 0.03125 0.44387755102040816 0.013871173469387755
taste 0.010416666666666666 0.00510204081632653 5.314625850340135e-05
for 0.020833333333333332 0.3877551020408163 0.008078231292517005
women 0.010416666666666666 0.061224489795918366 0.0006377551020408163
