the 0.12903225806451613 0.9540816326530612 0.12310730743910467
roy 0.03225806451612903 0.00510204081632653 0.00016458196181698485
family 0.03225806451612903 0.22448979591836735 0.007241606319947334
is 0.03225806451612903 0.5663265306122449 0.01826859776168532
known 0.03225806451612903 0.05612244897959184 0.0018104015799868334
for 0.03225806451612903 0.3877551020408163 0.012508229098090849
controlling 0.03225806451612903 0.00510204081632653 0.00016458196181698485
the 0.12903225806451613 0.9540816326530612 0.12310730743910467
biggest 0.03225806451612903 0.01020408163265306 0.0003291639236339697
media 0.03225806451612903 0.025510204081632654 0.0008229098090849243
and 0.03225806451612903 0.8571428571428571 0.027649769585253454
entertainment 0.03225806451612903 0.015306122448979591 0.0004937458854509545
company 0.06451612903225806 0.01020408163265306 0.0006583278472679394
in 0.03225806451612903 0.7346938775510204 0.02369980250164582
the 0.12903225806451613 0.9540816326530612 0.12310730743910467
world 0.06451612903225806 0.19387755102040816 0.012508229098090849
however 0.03225806451612903 0.04081632653061224 0.0013166556945358788
their 0.06451612903225806 0.3520408163265306 0.02271231073074391
world 0.06451612903225806 0.19387755102040816 0.012508229098090849
changes 0.03225806451612903 0.030612244897959183 0.000987491770901909
when 0.03225806451612903 0.27040816326530615 0.008722843976300198
their 0.06451612903225806 0.3520408163265306 0.02271231073074391
father 0.03225806451612903 0.11734693877551021 0.003785385121790652
steps 0.03225806451612903 0.00510204081632653 0.00016458196181698485
from 0.03225806451612903 0.3520408163265306 0.011356155365371955
the 0.12903225806451613 0.9540816326530612 0.12310730743910467
company 0.06451612903225806 0.01020408163265306 0.0006583278472679394
