in 0.03225806451612903 0.7346938775510204 0.02369980250164582
the 0.08064516129032258 0.9540816326530612 0.07694206714944042
mythical 0.016129032258064516 0.00510204081632653 8.229098090849243e-05
continent 0.016129032258064516 0.01020408163265306 0.00016458196181698485
westeros 0.016129032258064516 0.00510204081632653 8.229098090849243e-05
several 0.016129032258064516 0.02040816326530612 0.0003291639236339697
powerful 0.016129032258064516 0.03571428571428571 0.000576036866359447
families 0.016129032258064516 0.01020408163265306 0.00016458196181698485
fight 0.016129032258064516 0.03571428571428571 0.000576036866359447
for 0.016129032258064516 0.3877551020408163 0.006254114549045424
control 0.016129032258064516 0.04591836734693878 0.0007406188281764319
the 0.08064516129032258 0.9540816326530612 0.07694206714944042
seven 0.016129032258064516 0.00510204081632653 8.229098090849243e-05
kingdoms 0.03225806451612903 0.01020408163265306 0.0003291639236339697
as 0.016129032258064516 0.3469387755102041 0.005595786701777485
conflict 0.016129032258064516 0.01020408163265306 0.00016458196181698485
erupts 0.016129032258064516 0.00510204081632653 8.229098090849243e-05
in 0.03225806451612903 0.7346938775510204 0.02369980250164582
the 0.08064516129032258 0.9540816326530612 0.07694206714944042
kingdoms 0.03225806451612903 0.01020408163265306 0.0003291639236339697
men 0.016129032258064516 0.04591836734693878 0.0007406188281764319
an 0.016129032258064516 0.3622448979591837 0.005842659644502962
ancient 0.016129032258064516 0.01020408163265306 0.00016458196181698485
enemy 0.016129032258064516 0.025510204081632654 0.00041145490454246215
rises 0.016129032258064516 0.01020408163265306 0.00016458196181698485
once 0.016129032258064516 0.061224489795918366 0.000987491770901909
to 0.03225806451612903 0.7806122448979592 0.025181040157998685
threaten 0.016129032258064516 0.01020408163265306 0.00016458196181698485
all 0.016129032258064516 0.17346938775510204 0.0027978933508887426
meanwhile 0.016129032258064516 0.030612244897959183 0.0004937458854509545
the 0.08064516129032258 0.9540816326530612 0.07694206714944042
last 0.016129032258064516 0.04591836734693878 0.0007406188281764319
heirs 0.016129032258064516 0.01020408163265306 0.00016458196181698485
a 0.016129032258064516 0.8826530612244898 0.014236339697169191
recently 0.016129032258064516 0.025510204081632654 0.00041145490454246215
usurped 0.016129032258064516 0.00510204081632653 8.229098090849243e-05
dynasty 0.016129032258064516 0.00510204081632653 8.229098090849243e-05
plot 0.016129032258064516 0.025510204081632654 0.00041145490454246215
to 0.03225806451612903 0.7806122448979592 0.025181040157998685
take 0.016129032258064516 0.09183673469387756 0.0014812376563528638
back 0.016129032258064516 0.08673469387755102 0.0013989466754443713
their 0.016129032258064516 0.3520408163265306 0.005678077682685977
homeland 0.016129032258064516 0.00510204081632653 8.229098090849243e-05
from 0.016129032258064516 0.3520408163265306 0.005678077682685977
across 0.016129032258064516 0.04081632653061224 0.0006583278472679394
the 0.08064516129032258 0.9540816326530612 0.07694206714944042
narrow 0.016129032258064516 0.00510204081632653 8.229098090849243e-05
sea 0.016129032258064516 0.015306122448979591 0.00024687294272547725
gray 0.016129032258064516 0.00510204081632653 8.229098090849243e-05
