a 0.00847457627118644 0.8826530612244898 0.007480110688343134
telling 0.00847457627118644 0.015306122448979591 0.00012971290210999655
the 0.0847457627118644 0.9540816326530612 0.08085437564856451
battalion 0.025423728813559324 0.00510204081632653 0.00012971290210999655
cavalry 0.00847457627118644 0.00510204081632653 4.323763403666551e-05
regiment 0.00847457627118644 0.00510204081632653 4.323763403666551e-05
calvary 0.00847457627118644 0.00510204081632653 4.323763403666551e-05
division 0.00847457627118644 0.00510204081632653 4.323763403666551e-05
battle 0.01694915254237288 0.061224489795918366 0.0010377032168799724
overwhelming 0.00847457627118644 0.00510204081632653 4.323763403666551e-05
odds 0.00847457627118644 0.01020408163265306 8.647526807333102e-05
in 0.03389830508474576 0.7346938775510204 0.024904877205119337
the 0.0847457627118644 0.9540816326530612 0.08085437564856451
ia 0.00847457627118644 0.00510204081632653 4.323763403666551e-05
drang 0.00847457627118644 0.00510204081632653 4.323763403666551e-05
valley 0.00847457627118644 0.00510204081632653 4.323763403666551e-05
vietnam 0.025423728813559324 0.00510204081632653 0.00012971290210999655
in 0.03389830508474576 0.7346938775510204 0.024904877205119337
seen 0.00847457627118644 0.02040816326530612 0.00017295053614666204
through 0.00847457627118644 0.08163265306122448 0.0006918021445866481
the 0.0847457627118644 0.9540816326530612 0.08085437564856451
eyes 0.00847457627118644 0.030612244897959183 0.0002594258042199931
the 0.0847457627118644 0.9540816326530612 0.08085437564856451
battalion 0.025423728813559324 0.00510204081632653 0.00012971290210999655
commander 0.00847457627118644 0.015306122448979591 0.00012971290210999655
lieutenant 0.00847457627118644 0.01020408163265306 8.647526807333102e-05
colonel 0.00847457627118644 0.00510204081632653 4.323763403666551e-05
hal 0.00847457627118644 0.00510204081632653 4.323763403666551e-05
moore 0.00847457627118644 0.00510204081632653 4.323763403666551e-05
played 0.00847457627118644 0.01020408163265306 8.647526807333102e-05
by 0.00847457627118644 0.33163265306122447 0.0028104462123832584
mel 0.00847457627118644 0.00510204081632653 4.323763403666551e-05
gibson 0.00847457627118644 0.01020408163265306 8.647526807333102e-05
we 0.01694915254237288 0.01020408163265306 0.00017295053614666204
see 0.01694915254237288 0.04081632653061224 0.0006918021445866481
take 0.00847457627118644 0.09183673469387756 0.0007782774126599793
command 0.00847457627118644 0.01020408163265306 8.647526807333102e-05
the 0.0847457627118644 0.9540816326530612 0.08085437564856451
battalion 0.025423728813559324 0.00510204081632653 0.00012971290210999655
and 0.03389830508474576 0.8571428571428571 0.029055690072639223
preparations 0.00847457627118644 0.00510204081632653 4.323763403666551e-05
to 0.01694915254237288 0.7806122448979592 0.013230716015219648
go 0.00847457627118644 0.09183673469387756 0.0007782774126599793
vietnam 0.025423728813559324 0.00510204081632653 0.00012971290210999655
we 0.01694915254237288 0.01020408163265306 0.00017295053614666204
also 0.00847457627118644 0.09183673469387756 0.0007782774126599793
see 0.01694915254237288 0.04081632653061224 0.0006918021445866481
how 0.00847457627118644 0.09183673469387756 0.0007782774126599793
the 0.0847457627118644 0.9540816326530612 0.08085437564856451
french 0.00847457627118644 0.03571428571428571 0.00030266343825665856
years 0.00847457627118644 0.12244897959183673 0.0010377032168799724
earlier 0.00847457627118644 0.01020408163265306 8.647526807333102e-05
defeated 0.00847457627118644 0.01020408163265306 8.647526807333102e-05
in 0.03389830508474576 0.7346938775510204 0.024904877205119337
the 0.0847457627118644 0.9540816326530612 0.08085437564856451
area 0.00847457627118644 0.025510204081632654 0.00021618817018332758
the 0.0847457627118644 0.9540816326530612 0.08085437564856451
battle 0.01694915254237288 0.061224489795918366 0.0010377032168799724
to 0.01694915254237288 0.7806122448979592 0.013230716015219648
the 0.0847457627118644 0.9540816326530612 0.08085437564856451
first 0.00847457627118644 0.08163265306122448 0.0006918021445866481
major 0.00847457627118644 0.04081632653061224 0.00034590107229332407
engagement 0.00847457627118644 0.00510204081632653 4.323763403666551e-05
and 0.03389830508474576 0.8571428571428571 0.029055690072639223
forces 0.00847457627118644 0.061224489795918366 0.0005188516084399862
in 0.03389830508474576 0.7346938775510204 0.024904877205119337
south 0.00847457627118644 0.01020408163265306 8.647526807333102e-05
vietnam 0.025423728813559324 0.00510204081632653 0.00012971290210999655
and 0.03389830508474576 0.8571428571428571 0.029055690072639223
showed 0.00847457627118644 0.01020408163265306 8.647526807333102e-05
the 0.0847457627118644 0.9540816326530612 0.08085437564856451
use 0.00847457627118644 0.02040816326530612 0.00017295053614666204
helicopters 0.00847457627118644 0.00510204081632653 4.323763403666551e-05
as 0.00847457627118644 0.3469387755102041 0.002940159114493255
mobility 0.00847457627118644 0.00510204081632653 4.323763403666551e-05
providers 0.00847457627118644 0.00510204081632653 4.323763403666551e-05
and 0.03389830508474576 0.8571428571428571 0.029055690072639223
assault 0.00847457627118644 0.00510204081632653 4.323763403666551e-05
support 0.00847457627118644 0.01020408163265306 8.647526807333102e-05
aircraft 0.00847457627118644 0.01020408163265306 8.647526807333102e-05
