the 0.12 0.9540816326530612 0.11448979591836735
secret 0.04 0.061224489795918366 0.0024489795918367346
magic 0.04 0.025510204081632654 0.0010204081632653062
control 0.04 0.04591836734693878 0.0018367346938775511
agency 0.04 0.02040816326530612 0.0008163265306122448
sends 0.04 0.01020408163265306 0.0004081632653061224
two 0.04 0.12755102040816327 0.005102040816326531
best 0.04 0.03571428571428571 0.0014285714285714286
agents 0.04 0.01020408163265306 0.0004081632653061224
hansel 0.04 0.00510204081632653 0.0002040816326530612
and 0.04 0.8571428571428571 0.03428571428571429
gretel 0.04 0.00510204081632653 0.0002040816326530612
to 0.04 0.7806122448979592 0.03122448979591837
fight 0.04 0.03571428571428571 0.0014285714285714286
the 0.12 0.9540816326530612 0.11448979591836735
witch 0.04 0.00510204081632653 0.0002040816326530612
the 0.12 0.9540816326530612 0.11448979591836735
gingerbread 0.04 0.00510204081632653 0.0002040816326530612
house 0.04 0.061224489795918366 0.0024489795918367346
