when 0.030303030303030304 0.27040816326530615 0.008194186765615338
a 0.06060606060606061 0.8826530612244898 0.053494124922696354
single 0.030303030303030304 0.030612244897959183 0.0009276437847866419
mom 0.030303030303030304 0.01020408163265306 0.0003092145949288806
and 0.06060606060606061 0.8571428571428571 0.051948051948051945
her 0.030303030303030304 0.2755102040816326 0.008348794063079777
two 0.030303030303030304 0.12755102040816327 0.003865182436611008
kids 0.030303030303030304 0.02040816326530612 0.0006184291898577612
arrive 0.030303030303030304 0.02040816326530612 0.0006184291898577612
in 0.030303030303030304 0.7346938775510204 0.02226345083487941
a 0.06060606060606061 0.8826530612244898 0.053494124922696354
small 0.030303030303030304 0.07653061224489796 0.002319109461966605
town 0.030303030303030304 0.05102040816326531 0.0015460729746444033
they 0.030303030303030304 0.28061224489795916 0.008503401360544217
begin 0.030303030303030304 0.025510204081632654 0.0007730364873222016
to 0.06060606060606061 0.7806122448979592 0.047309833024118744
discover 0.030303030303030304 0.025510204081632654 0.0007730364873222016
their 0.06060606060606061 0.3520408163265306 0.021335807050092765
connection 0.030303030303030304 0.00510204081632653 0.0001546072974644403
to 0.06060606060606061 0.7806122448979592 0.047309833024118744
the 0.06060606060606061 0.9540816326530612 0.05782312925170068
original 0.030303030303030304 0.015306122448979591 0.00046382189239332097
ghostbusters 0.030303030303030304 0.00510204081632653 0.0001546072974644403
and 0.06060606060606061 0.8571428571428571 0.051948051948051945
the 0.06060606060606061 0.9540816326530612 0.05782312925170068
secret 0.030303030303030304 0.061224489795918366 0.0018552875695732839
legacy 0.030303030303030304 0.015306122448979591 0.00046382189239332097
their 0.06060606060606061 0.3520408163265306 0.021335807050092765
grandfather 0.030303030303030304 0.01020408163265306 0.0003092145949288806
left 0.030303030303030304 0.04081632653061224 0.0012368583797155224
behind 0.030303030303030304 0.05612244897959184 0.0017006802721088435
