the 0.16666666666666666 0.9540816326530612 0.15901360544217685
legendary 0.023809523809523808 0.025510204081632654 0.0006073858114674441
bounty 0.023809523809523808 0.00510204081632653 0.0001214771622934888
hunter 0.023809523809523808 0.01020408163265306 0.0002429543245869776
boba 0.023809523809523808 0.00510204081632653 0.0001214771622934888
fett 0.023809523809523808 0.00510204081632653 0.0001214771622934888
navigates 0.023809523809523808 0.00510204081632653 0.0001214771622934888
the 0.16666666666666666 0.9540816326530612 0.15901360544217685
underworld 0.023809523809523808 0.00510204081632653 0.0001214771622934888
the 0.16666666666666666 0.9540816326530612 0.15901360544217685
galaxy 0.023809523809523808 0.00510204081632653 0.0001214771622934888
with 0.023809523809523808 0.4387755102040816 0.010447035957240038
mercenary 0.023809523809523808 0.015306122448979591 0.00036443148688046647
fennec 0.023809523809523808 0.00510204081632653 0.0001214771622934888
shand 0.023809523809523808 0.00510204081632653 0.0001214771622934888
when 0.023809523809523808 0.27040816326530615 0.006438289601554908
they 0.023809523809523808 0.28061224489795916 0.0066812439261418844
return 0.023809523809523808 0.030612244897959183 0.0007288629737609329
to 0.047619047619047616 0.7806122448979592 0.03717201166180758
the 0.16666666666666666 0.9540816326530612 0.15901360544217685
sands 0.023809523809523808 0.00510204081632653 0.0001214771622934888
tatooine 0.023809523809523808 0.00510204081632653 0.0001214771622934888
to 0.047619047619047616 0.7806122448979592 0.03717201166180758
stake 0.023809523809523808 0.00510204081632653 0.0001214771622934888
their 0.023809523809523808 0.3520408163265306 0.008381924198250729
claim 0.023809523809523808 0.00510204081632653 0.0001214771622934888
on 0.023809523809523808 0.3520408163265306 0.008381924198250729
the 0.16666666666666666 0.9540816326530612 0.15901360544217685
territory 0.023809523809523808 0.015306122448979591 0.00036443148688046647
formerly 0.023809523809523808 0.00510204081632653 0.0001214771622934888
ruled 0.023809523809523808 0.00510204081632653 0.0001214771622934888
by 0.023809523809523808 0.33163265306122447 0.007896015549076773
the 0.16666666666666666 0.9540816326530612 0.15901360544217685
deceased 0.023809523809523808 0.00510204081632653 0.0001214771622934888
crime 0.023809523809523808 0.030612244897959183 0.0007288629737609329
lord 0.023809523809523808 0.01020408163265306 0.0002429543245869776
jabba 0.023809523809523808 0.00510204081632653 0.0001214771622934888
the 0.16666666666666666 0.9540816326530612 0.15901360544217685
hutt 0.023809523809523808 0.00510204081632653 0.0001214771622934888
