kate 0.009900990099009901 0.01020408163265306 0.00010103051121438674
dibiasky 0.0049504950495049506 0.00510204081632653 2.5257627803596685e-05
jennifer 0.0049504950495049506 0.00510204081632653 2.5257627803596685e-05
lawrence 0.0049504950495049506 0.00510204081632653 2.5257627803596685e-05
an 0.024752475247524754 0.3622448979591837 0.008966457870276825
astronomy 0.0049504950495049506 0.00510204081632653 2.5257627803596685e-05
grad 0.0049504950495049506 0.00510204081632653 2.5257627803596685e-05
student 0.0049504950495049506 0.025510204081632654 0.00012628813901798344
and 0.0297029702970297 0.8571428571428571 0.025459688826025458
her 0.009900990099009901 0.2755102040816326 0.002727823802788442
professor 0.0049504950495049506 0.015306122448979591 7.577288341079006e-05
randall 0.009900990099009901 0.01020408163265306 0.00010103051121438674
mindy 0.0049504950495049506 0.00510204081632653 2.5257627803596685e-05
leonardo 0.0049504950495049506 0.00510204081632653 2.5257627803596685e-05
dicaprio 0.0049504950495049506 0.01020408163265306 5.051525560719337e-05
make 0.0049504950495049506 0.061224489795918366 0.0003030915336431602
an 0.024752475247524754 0.3622448979591837 0.008966457870276825
astounding 0.0049504950495049506 0.00510204081632653 2.5257627803596685e-05
discovery 0.0049504950495049506 0.00510204081632653 2.5257627803596685e-05
a 0.019801980198019802 0.8826530612244898 0.017478278440088906
comet 0.009900990099009901 0.00510204081632653 5.051525560719337e-05
orbiting 0.0049504950495049506 0.00510204081632653 2.5257627803596685e-05
within 0.0049504950495049506 0.00510204081632653 2.5257627803596685e-05
the 0.06435643564356436 0.9540816326530612 0.06140129319054355
solar 0.0049504950495049506 0.00510204081632653 2.5257627803596685e-05
system 0.0049504950495049506 0.00510204081632653 2.5257627803596685e-05
the 0.06435643564356436 0.9540816326530612 0.06140129319054355
problem 0.009900990099009901 0.02040816326530612 0.00020206102242877348
it 0.01485148514851485 0.2193877551020408 0.0032582339866639724
on 0.009900990099009901 0.3520408163265306 0.003485552636896343
a 0.019801980198019802 0.8826530612244898 0.017478278440088906
direct 0.0049504950495049506 0.00510204081632653 2.5257627803596685e-05
collision 0.0049504950495049506 0.00510204081632653 2.5257627803596685e-05
course 0.0049504950495049506 0.00510204081632653 2.5257627803596685e-05
with 0.01485148514851485 0.4387755102040816 0.006516467973327945
earth 0.0049504950495049506 0.05102040816326531 0.0002525762780359669
the 0.06435643564356436 0.9540816326530612 0.06140129319054355
problem 0.009900990099009901 0.02040816326530612 0.00020206102242877348
no 0.0049504950495049506 0.07142857142857142 0.00035360678925035356
one 0.0049504950495049506 0.18877551020408162 0.0009345322287330774
really 0.0049504950495049506 0.01020408163265306 5.051525560719337e-05
seems 0.0049504950495049506 0.04591836734693878 0.00022731865023237018
to 0.024752475247524754 0.7806122448979592 0.019322085269751467
care 0.0049504950495049506 0.01020408163265306 5.051525560719337e-05
turns 0.0049504950495049506 0.030612244897959183 0.0001515457668215801
out 0.0049504950495049506 0.18877551020408162 0.0009345322287330774
warning 0.0049504950495049506 0.00510204081632653 2.5257627803596685e-05
mankind 0.0049504950495049506 0.030612244897959183 0.0001515457668215801
a 0.019801980198019802 0.8826530612244898 0.017478278440088906
the 0.06435643564356436 0.9540816326530612 0.06140129319054355
size 0.0049504950495049506 0.00510204081632653 2.5257627803596685e-05
mount 0.0049504950495049506 0.00510204081632653 2.5257627803596685e-05
everest 0.0049504950495049506 0.00510204081632653 2.5257627803596685e-05
is 0.0049504950495049506 0.5663265306122449 0.002803596686199232
an 0.024752475247524754 0.3622448979591837 0.008966457870276825
inconvenient 0.0049504950495049506 0.00510204081632653 2.5257627803596685e-05
fact 0.0049504950495049506 0.02040816326530612 0.00010103051121438674
to 0.024752475247524754 0.7806122448979592 0.019322085269751467
navigate 0.0049504950495049506 0.00510204081632653 2.5257627803596685e-05
with 0.01485148514851485 0.4387755102040816 0.006516467973327945
the 0.06435643564356436 0.9540816326530612 0.06140129319054355
help 0.0049504950495049506 0.10204081632653061 0.0005051525560719338
oglethorpe 0.0049504950495049506 0.00510204081632653 2.5257627803596685e-05
rob 0.0049504950495049506 0.00510204081632653 2.5257627803596685e-05
morgan 0.0049504950495049506 0.00510204081632653 2.5257627803596685e-05
kate 0.009900990099009901 0.01020408163265306 0.00010103051121438674
and 0.0297029702970297 0.8571428571428571 0.025459688826025458
randall 0.009900990099009901 0.01020408163265306 0.00010103051121438674
embark 0.0049504950495049506 0.00510204081632653 2.5257627803596685e-05
on 0.009900990099009901 0.3520408163265306 0.003485552636896343
a 0.019801980198019802 0.8826530612244898 0.017478278440088906
media 0.009900990099009901 0.025510204081632654 0.0002525762780359669
tour 0.0049504950495049506 0.00510204081632653 2.5257627803596685e-05
that 0.0049504950495049506 0.40816326530612246 0.002020610224287735
takes 0.0049504950495049506 0.05612244897959184 0.0002778339058395636
from 0.0049504950495049506 0.3520408163265306 0.0017427763184481714
the 0.06435643564356436 0.9540816326530612 0.06140129319054355
office 0.0049504950495049506 0.01020408163265306 5.051525560719337e-05
an 0.024752475247524754 0.3622448979591837 0.008966457870276825
indifferent 0.0049504950495049506 0.00510204081632653 2.5257627803596685e-05
president 0.0049504950495049506 0.00510204081632653 2.5257627803596685e-05
orlean 0.0049504950495049506 0.00510204081632653 2.5257627803596685e-05
meryl 0.0049504950495049506 0.00510204081632653 2.5257627803596685e-05
streep 0.0049504950495049506 0.00510204081632653 2.5257627803596685e-05
and 0.0297029702970297 0.8571428571428571 0.025459688826025458
her 0.009900990099009901 0.2755102040816326 0.002727823802788442
sycophantic 0.0049504950495049506 0.00510204081632653 2.5257627803596685e-05
son 0.0049504950495049506 0.08163265306122448 0.00040412204485754696
and 0.0297029702970297 0.8571428571428571 0.025459688826025458
chief 0.0049504950495049506 0.01020408163265306 5.051525560719337e-05
staff 0.0049504950495049506 0.00510204081632653 2.5257627803596685e-05
jason 0.0049504950495049506 0.01020408163265306 5.051525560719337e-05
jonah 0.0049504950495049506 0.01020408163265306 5.051525560719337e-05
hill 0.0049504950495049506 0.00510204081632653 2.5257627803596685e-05
to 0.024752475247524754 0.7806122448979592 0.019322085269751467
the 0.06435643564356436 0.9540816326530612 0.06140129319054355
airwaves 0.0049504950495049506 0.00510204081632653 2.5257627803596685e-05
the 0.06435643564356436 0.9540816326530612 0.06140129319054355
daily 0.0049504950495049506 0.00510204081632653 2.5257627803596685e-05
rip 0.0049504950495049506 0.01020408163265306 5.051525560719337e-05
an 0.024752475247524754 0.3622448979591837 0.008966457870276825
upbeat 0.0049504950495049506 0.00510204081632653 2.5257627803596685e-05
morning 0.0049504950495049506 0.01020408163265306 5.051525560719337e-05
show 0.0049504950495049506 0.030612244897959183 0.0001515457668215801
hosted 0.0049504950495049506 0.00510204081632653 2.5257627803596685e-05
by 0.0049504950495049506 0.33163265306122447 0.0016417458072337846
brie 0.0049504950495049506 0.00510204081632653 2.5257627803596685e-05
cate 0.0049504950495049506 0.00510204081632653 2.5257627803596685e-05
blanchett 0.0049504950495049506 0.00510204081632653 2.5257627803596685e-05
and 0.0297029702970297 0.8571428571428571 0.025459688826025458
jack 0.0049504950495049506 0.015306122448979591 7.577288341079006e-05
tyler 0.0049504950495049506 0.00510204081632653 2.5257627803596685e-05
perry 0.0049504950495049506 0.00510204081632653 2.5257627803596685e-05
with 0.01485148514851485 0.4387755102040816 0.006516467973327945
six 0.0049504950495049506 0.025510204081632654 0.00012628813901798344
months 0.0049504950495049506 0.01020408163265306 5.051525560719337e-05
the 0.06435643564356436 0.9540816326530612 0.06140129319054355
comet 0.009900990099009901 0.00510204081632653 5.051525560719337e-05
makes 0.0049504950495049506 0.015306122448979591 7.577288341079006e-05
impact 0.0049504950495049506 0.01020408163265306 5.051525560719337e-05
managing 0.0049504950495049506 0.00510204081632653 2.5257627803596685e-05
the 0.06435643564356436 0.9540816326530612 0.06140129319054355
news 0.0049504950495049506 0.015306122448979591 7.577288341079006e-05
cycle 0.0049504950495049506 0.00510204081632653 2.5257627803596685e-05
and 0.0297029702970297 0.8571428571428571 0.025459688826025458
gaining 0.0049504950495049506 0.00510204081632653 2.5257627803596685e-05
the 0.06435643564356436 0.9540816326530612 0.06140129319054355
attention 0.0049504950495049506 0.00510204081632653 2.5257627803596685e-05
the 0.06435643564356436 0.9540816326530612 0.06140129319054355
social 0.0049504950495049506 0.04081632653061224 0.00020206102242877348
media 0.009900990099009901 0.025510204081632654 0.0002525762780359669
obsessed 0.0049504950495049506 0.01020408163265306 5.051525560719337e-05
public 0.0049504950495049506 0.01020408163265306 5.051525560719337e-05
it 0.01485148514851485 0.2193877551020408 0.0032582339866639724
late 0.0049504950495049506 0.02040816326530612 0.00010103051121438674
proves 0.0049504950495049506 0.01020408163265306 5.051525560719337e-05
shockingly 0.0049504950495049506 0.00510204081632653 2.5257627803596685e-05
comical 0.0049504950495049506 0.00510204081632653 2.5257627803596685e-05
what 0.0049504950495049506 0.1377551020408163 0.0006819559506971105
will 0.0049504950495049506 0.1989795918367347 0.0009850474843402708
it 0.01485148514851485 0.2193877551020408 0.0032582339866639724
take 0.0049504950495049506 0.09183673469387756 0.00045463730046474036
to 0.024752475247524754 0.7806122448979592 0.019322085269751467
get 0.0049504950495049506 0.0663265306122449 0.0003283491614467569
the 0.06435643564356436 0.9540816326530612 0.06140129319054355
world 0.0049504950495049506 0.19387755102040816 0.000959789856536674
to 0.024752475247524754 0.7806122448979592 0.019322085269751467
look 0.0049504950495049506 0.025510204081632654 0.00012628813901798344
