follows 0.05 0.0663265306122449 0.003316326530612245
the 0.15 0.9540816326530612 0.14311224489795918
dutton 0.05 0.01020408163265306 0.000510204081632653
family 0.05 0.22448979591836735 0.011224489795918368
on 0.05 0.3520408163265306 0.01760204081632653
a 0.05 0.8826530612244898 0.04413265306122449
journey 0.05 0.08163265306122448 0.004081632653061224
west 0.05 0.02040816326530612 0.001020408163265306
through 0.05 0.08163265306122448 0.004081632653061224
the 0.15 0.9540816326530612 0.14311224489795918
great 0.05 0.03571428571428571 0.0017857142857142857
plains 0.05 0.00510204081632653 0.0002551020408163265
toward 0.05 0.01020408163265306 0.000510204081632653
the 0.15 0.9540816326530612 0.14311224489795918
last 0.05 0.04591836734693878 0.002295918367346939
bastion 0.05 0.00510204081632653 0.0002551020408163265
uncolonised 0.05 0.00510204081632653 0.0002551020408163265
america 0.05 0.02040816326530612 0.001020408163265306
