an 0.031746031746031744 0.3622448979591837 0.011499838030450274
alien 0.015873015873015872 0.015306122448979591 0.00024295432458697764
spaceship 0.015873015873015872 0.00510204081632653 8.098477486232587e-05
following 0.015873015873015872 0.025510204081632654 0.0004049238743116294
an 0.031746031746031744 0.3622448979591837 0.011499838030450274
accident 0.015873015873015872 0.025510204081632654 0.0004049238743116294
in 0.047619047619047616 0.7346938775510204 0.03498542274052478
space 0.015873015873015872 0.02040816326530612 0.0003239390994493035
enters 0.015873015873015872 0.015306122448979591 0.00024295432458697764
the 0.06349206349206349 0.9540816326530612 0.060576611597019756
earth 0.015873015873015872 0.05102040816326531 0.0008098477486232588
atmosphere 0.015873015873015872 0.015306122448979591 0.00024295432458697764
and 0.031746031746031744 0.8571428571428571 0.027210884353741492
being 0.015873015873015872 0.07653061224489796 0.0012147716229348883
damaged 0.015873015873015872 0.00510204081632653 8.098477486232587e-05
by 0.015873015873015872 0.33163265306122447 0.005264010366051182
russian 0.015873015873015872 0.04081632653061224 0.000647878198898607
fighter 0.015873015873015872 0.00510204081632653 8.098477486232587e-05
jets 0.015873015873015872 0.00510204081632653 8.098477486232587e-05
crash 0.031746031746031744 0.01020408163265306 0.0003239390994493035
lands 0.015873015873015872 0.015306122448979591 0.00024295432458697764
in 0.047619047619047616 0.7346938775510204 0.03498542274052478
a 0.047619047619047616 0.8826530612244898 0.04203109815354713
populated 0.015873015873015872 0.00510204081632653 8.098477486232587e-05
area 0.015873015873015872 0.025510204081632654 0.0004049238743116294
moscow 0.015873015873015872 0.05102040816326531 0.0008098477486232588
taking 0.015873015873015872 0.00510204081632653 8.098477486232587e-05
a 0.047619047619047616 0.8826530612244898 0.04203109815354713
hundred 0.015873015873015872 0.00510204081632653 8.098477486232587e-05
human 0.015873015873015872 0.05612244897959184 0.0008908325234855847
lives 0.015873015873015872 0.12244897959183673 0.001943634596695821
in 0.047619047619047616 0.7346938775510204 0.03498542274052478
the 0.06349206349206349 0.9540816326530612 0.060576611597019756
crash 0.031746031746031744 0.01020408163265306 0.0003239390994493035
a 0.047619047619047616 0.8826530612244898 0.04203109815354713
school 0.015873015873015872 0.05102040816326531 0.0008098477486232588
girl 0.015873015873015872 0.08673469387755102 0.00137674117265954
saves 0.015873015873015872 0.01020408163265306 0.00016196954972465174
the 0.06349206349206349 0.9540816326530612 0.060576611597019756
life 0.015873015873015872 0.20408163265306123 0.003239390994493035
one 0.015873015873015872 0.18877551020408162 0.002996436669906057
the 0.06349206349206349 0.9540816326530612 0.060576611597019756
aliens 0.015873015873015872 0.01020408163265306 0.00016196954972465174
and 0.031746031746031744 0.8571428571428571 0.027210884353741492
together 0.015873015873015872 0.05612244897959184 0.0008908325234855847
must 0.015873015873015872 0.07653061224489796 0.0012147716229348883
deal 0.015873015873015872 0.015306122448979591 0.00024295432458697764
with 0.015873015873015872 0.4387755102040816 0.006964690638160026
humans 0.015873015873015872 0.025510204081632654 0.0004049238743116294
who 0.015873015873015872 0.39285714285714285 0.006235827664399092
intend 0.015873015873015872 0.00510204081632653 8.098477486232587e-05
harm 0.015873015873015872 0.01020408163265306 0.00016196954972465174
