things 0.058823529411764705 0.04081632653061224 0.0024009603841536613
change 0.058823529411764705 0.02040816326530612 0.0012004801920768306
when 0.058823529411764705 0.27040816326530615 0.015906362545018007
the 0.058823529411764705 0.9540816326530612 0.05612244897959184
egos 0.058823529411764705 0.00510204081632653 0.00030012004801920766
an 0.058823529411764705 0.3622448979591837 0.021308523409363747
upright 0.058823529411764705 0.00510204081632653 0.00030012004801920766
police 0.058823529411764705 0.08163265306122448 0.004801920768307323
officer 0.058823529411764705 0.04591836734693878 0.0027010804321728693
and 0.058823529411764705 0.8571428571428571 0.050420168067226885
a 0.058823529411764705 0.8826530612244898 0.05192076830732293
retired 0.058823529411764705 0.015306122448979591 0.000900360144057623
army 0.058823529411764705 0.025510204081632654 0.0015006002400960385
havildar 0.058823529411764705 0.00510204081632653 0.00030012004801920766
clash 0.058823529411764705 0.015306122448979591 0.000900360144057623
