kievan 0.02912621359223301 0.00510204081632653 0.0001486031305726174
rus 0.02912621359223301 0.00510204081632653 0.0001486031305726174
late 0.009708737864077669 0.02040816326530612 0.0001981375074301565
century 0.009708737864077669 0.03571428571428571 0.0003467406380027739
after 0.009708737864077669 0.1989795918367347 0.001931840697444026
the 0.05825242718446602 0.9540816326530612 0.05557757083415891
death 0.009708737864077669 0.04591836734693878 0.0004458093917178522
his 0.02912621359223301 0.44387755102040816 0.012928472359817714
father 0.009708737864077669 0.11734693877551021 0.0011392906677234
svyatoslav 0.009708737864077669 0.00510204081632653 4.953437685753912e-05
i 0.009708737864077669 0.00510204081632653 4.953437685753912e-05
ruler 0.009708737864077669 0.00510204081632653 4.953437685753912e-05
kievan 0.02912621359223301 0.00510204081632653 0.0001486031305726174
rus 0.02912621359223301 0.00510204081632653 0.0001486031305726174
the 0.05825242718446602 0.9540816326530612 0.05557757083415891
young 0.009708737864077669 0.15816326530612246 0.001535565682583713
viking 0.019417475728155338 0.00510204081632653 9.906875371507825e-05
prince 0.009708737864077669 0.015306122448979591 0.0001486031305726174
vladimir 0.019417475728155338 0.01020408163265306 0.0001981375074301565
novgorod 0.019417475728155338 0.00510204081632653 9.906875371507825e-05
danila 0.009708737864077669 0.015306122448979591 0.0001486031305726174
kozlovskiy 0.009708737864077669 0.00510204081632653 4.953437685753912e-05
is 0.009708737864077669 0.5663265306122449 0.0054983158311868435
forced 0.009708737864077669 0.04081632653061224 0.000396275014860313
exile 0.009708737864077669 0.00510204081632653 4.953437685753912e-05
across 0.009708737864077669 0.04081632653061224 0.000396275014860313
the 0.05825242718446602 0.9540816326530612 0.05557757083415891
frozen 0.009708737864077669 0.015306122448979591 0.0001486031305726174
sea 0.009708737864077669 0.015306122448979591 0.0001486031305726174
to 0.02912621359223301 0.7806122448979592 0.022736278977610463
escape 0.009708737864077669 0.04591836734693878 0.0004458093917178522
his 0.02912621359223301 0.44387755102040816 0.012928472359817714
treacherous 0.009708737864077669 0.01020408163265306 9.906875371507825e-05
yaropolk 0.019417475728155338 0.00510204081632653 9.906875371507825e-05
aleksandr 0.009708737864077669 0.00510204081632653 4.953437685753912e-05
ustyugov 0.009708737864077669 0.00510204081632653 4.953437685753912e-05
who 0.009708737864077669 0.39285714285714285 0.003814147018030513
murdered 0.009708737864077669 0.015306122448979591 0.0001486031305726174
his 0.02912621359223301 0.44387755102040816 0.012928472359817714
brother 0.009708737864077669 0.04081632653061224 0.000396275014860313
oleg 0.009708737864077669 0.01020408163265306 9.906875371507825e-05
kirill 0.009708737864077669 0.00510204081632653 4.953437685753912e-05
pletnyov 0.009708737864077669 0.00510204081632653 4.953437685753912e-05
and 0.019417475728155338 0.8571428571428571 0.016643550624133144
conquered 0.009708737864077669 0.00510204081632653 4.953437685753912e-05
the 0.05825242718446602 0.9540816326530612 0.05557757083415891
viking 0.019417475728155338 0.00510204081632653 9.906875371507825e-05
territory 0.009708737864077669 0.015306122448979591 0.0001486031305726174
kievan 0.02912621359223301 0.00510204081632653 0.0001486031305726174
rus 0.02912621359223301 0.00510204081632653 0.0001486031305726174
the 0.05825242718446602 0.9540816326530612 0.05557757083415891
old 0.009708737864077669 0.05612244897959184 0.0005448781454329304
warrior 0.009708737864077669 0.015306122448979591 0.0001486031305726174
sveneld 0.009708737864077669 0.00510204081632653 4.953437685753912e-05
maksim 0.009708737864077669 0.00510204081632653 4.953437685753912e-05
sukhanov 0.009708737864077669 0.00510204081632653 4.953437685753912e-05
convinces 0.009708737864077669 0.01020408163265306 9.906875371507825e-05
vladimir 0.019417475728155338 0.01020408163265306 0.0001981375074301565
to 0.02912621359223301 0.7806122448979592 0.022736278977610463
assemble 0.009708737864077669 0.00510204081632653 4.953437685753912e-05
a 0.009708737864077669 0.8826530612244898 0.008569447196354269
varangian 0.009708737864077669 0.00510204081632653 4.953437685753912e-05
armada 0.009708737864077669 0.00510204081632653 4.953437685753912e-05
hoping 0.009708737864077669 0.00510204081632653 4.953437685753912e-05
to 0.02912621359223301 0.7806122448979592 0.022736278977610463
reconquer 0.009708737864077669 0.00510204081632653 4.953437685753912e-05
novgorod 0.019417475728155338 0.00510204081632653 9.906875371507825e-05
from 0.009708737864077669 0.3520408163265306 0.0034178720031702
yaropolk 0.019417475728155338 0.00510204081632653 9.906875371507825e-05
and 0.019417475728155338 0.8571428571428571 0.016643550624133144
ultimately 0.009708737864077669 0.025510204081632654 0.0002476718842876956
face 0.009708737864077669 0.025510204081632654 0.0002476718842876956
the 0.05825242718446602 0.9540816326530612 0.05557757083415891
mighty 0.009708737864077669 0.01020408163265306 9.906875371507825e-05
byzantine 0.009708737864077669 0.00510204081632653 4.953437685753912e-05
forces 0.009708737864077669 0.061224489795918366 0.0005944125222904696
