the 0.08536585365853659 0.9540816326530612 0.0814459930313589
byrdes 0.012195121951219513 0.00510204081632653 6.222000995520159e-05
and 0.04878048780487805 0.8571428571428571 0.04181184668989547
their 0.012195121951219513 0.3520408163265306 0.00429318068690891
teenage 0.012195121951219513 0.025510204081632654 0.000311100049776008
kids 0.012195121951219513 0.02040816326530612 0.00024888003982080636
charlotte 0.012195121951219513 0.02040816326530612 0.00024888003982080636
and 0.04878048780487805 0.8571428571428571 0.04181184668989547
jonah 0.012195121951219513 0.01020408163265306 0.00012444001991040318
for 0.036585365853658534 0.3877551020408163 0.014186162269785961
all 0.012195121951219513 0.17346938775510204 0.002115480338476854
intents 0.012195121951219513 0.00510204081632653 6.222000995520159e-05
and 0.04878048780487805 0.8571428571428571 0.04181184668989547
purposes 0.012195121951219513 0.00510204081632653 6.222000995520159e-05
an 0.012195121951219513 0.3622448979591837 0.004417620706819314
ordinary 0.024390243902439025 0.03571428571428571 0.0008710801393728223
family 0.024390243902439025 0.22448979591836735 0.0054753608760577405
with 0.012195121951219513 0.4387755102040816 0.005350920856147337
ordinary 0.024390243902439025 0.03571428571428571 0.0008710801393728223
lives 0.012195121951219513 0.12244897959183673 0.0014932802389248383
except 0.012195121951219513 0.03571428571428571 0.00043554006968641115
for 0.036585365853658534 0.3877551020408163 0.014186162269785961
the 0.08536585365853659 0.9540816326530612 0.0814459930313589
job 0.012195121951219513 0.04591836734693878 0.0005599800895968144
marty 0.024390243902439025 0.00510204081632653 0.00012444001991040318
a 0.012195121951219513 0.8826530612244898 0.010764061722249876
chicago 0.024390243902439025 0.00510204081632653 0.00012444001991040318
financial 0.012195121951219513 0.01020408163265306 0.00012444001991040318
advisor 0.012195121951219513 0.00510204081632653 6.222000995520159e-05
who 0.012195121951219513 0.39285714285714285 0.004790940766550522
also 0.012195121951219513 0.09183673469387756 0.0011199601791936288
serves 0.012195121951219513 0.00510204081632653 6.222000995520159e-05
as 0.012195121951219513 0.3469387755102041 0.004230960676953708
the 0.08536585365853659 0.9540816326530612 0.0814459930313589
top 0.012195121951219513 0.00510204081632653 6.222000995520159e-05
money 0.012195121951219513 0.030612244897959183 0.00037332005973120957
launderer 0.012195121951219513 0.00510204081632653 6.222000995520159e-05
for 0.036585365853658534 0.3877551020408163 0.014186162269785961
the 0.08536585365853659 0.9540816326530612 0.0814459930313589
second 0.012195121951219513 0.02040816326530612 0.00024888003982080636
largest 0.012195121951219513 0.01020408163265306 0.00012444001991040318
drug 0.012195121951219513 0.04081632653061224 0.0004977600796416127
cartel 0.012195121951219513 0.00510204081632653 6.222000995520159e-05
in 0.012195121951219513 0.7346938775510204 0.00895968143354903
mexico 0.012195121951219513 0.015306122448979591 0.00018666002986560479
when 0.012195121951219513 0.27040816326530615 0.003297660527625685
things 0.012195121951219513 0.04081632653061224 0.0004977600796416127
go 0.012195121951219513 0.09183673469387756 0.0011199601791936288
awry 0.012195121951219513 0.01020408163265306 0.00012444001991040318
marty 0.024390243902439025 0.00510204081632653 0.00012444001991040318
must 0.012195121951219513 0.07653061224489796 0.000933300149328024
uproot 0.012195121951219513 0.00510204081632653 6.222000995520159e-05
his 0.012195121951219513 0.44387755102040816 0.005413140866102539
family 0.024390243902439025 0.22448979591836735 0.0054753608760577405
from 0.012195121951219513 0.3520408163265306 0.00429318068690891
the 0.08536585365853659 0.9540816326530612 0.0814459930313589
skyscrapers 0.012195121951219513 0.00510204081632653 6.222000995520159e-05
chicago 0.024390243902439025 0.00510204081632653 0.00012444001991040318
and 0.04878048780487805 0.8571428571428571 0.04181184668989547
relocate 0.012195121951219513 0.00510204081632653 6.222000995520159e-05
to 0.012195121951219513 0.7806122448979592 0.009519661523145845
the 0.08536585365853659 0.9540816326530612 0.0814459930313589
lazy 0.012195121951219513 0.00510204081632653 6.222000995520159e-05
lake 0.012195121951219513 0.015306122448979591 0.00018666002986560479
region 0.012195121951219513 0.01020408163265306 0.00012444001991040318
the 0.08536585365853659 0.9540816326530612 0.0814459930313589
missouri 0.012195121951219513 0.00510204081632653 6.222000995520159e-05
ozarks 0.012195121951219513 0.00510204081632653 6.222000995520159e-05
