set 0.004629629629629629 0.05102040816326531 0.00023620559334845047
in 0.023148148148148147 0.7346938775510204 0.017006802721088437
tumbbad 0.004629629629629629 0.00510204081632653 2.3620559334845046e-05
in 0.023148148148148147 0.7346938775510204 0.017006802721088437
the 0.09722222222222222 0.9540816326530612 0.09275793650793651
the 0.09722222222222222 0.9540816326530612 0.09275793650793651
story 0.009259259259259259 0.12755102040816327 0.0011810279667422525
revolves 0.004629629629629629 0.02040816326530612 9.448223733938019e-05
around 0.004629629629629629 0.08673469387755102 0.0004015495086923658
the 0.09722222222222222 0.9540816326530612 0.09275793650793651
three 0.004629629629629629 0.030612244897959183 0.00014172335600907027
generations 0.004629629629629629 0.00510204081632653 2.3620559334845046e-05
a 0.023148148148148147 0.8826530612244898 0.02043178382464097
family 0.004629629629629629 0.22448979591836735 0.0010393046107331821
facing 0.004629629629629629 0.00510204081632653 2.3620559334845046e-05
the 0.09722222222222222 0.9540816326530612 0.09275793650793651
consequences 0.004629629629629629 0.00510204081632653 2.3620559334845046e-05
when 0.018518518518518517 0.27040816326530615 0.00500755857898715
they 0.009259259259259259 0.28061224489795916 0.002598261526832955
build 0.004629629629629629 0.01020408163265306 4.724111866969009e-05
a 0.023148148148148147 0.8826530612244898 0.02043178382464097
temple 0.004629629629629629 0.00510204081632653 2.3620559334845046e-05
for 0.009259259259259259 0.3877551020408163 0.003590325018896447
the 0.09722222222222222 0.9540816326530612 0.09275793650793651
a 0.023148148148148147 0.8826530612244898 0.02043178382464097
goddess 0.018518518518518517 0.01020408163265306 0.00018896447467876037
named 0.004629629629629629 0.03571428571428571 0.00016534391534391533
hastar 0.041666666666666664 0.00510204081632653 0.0002125850340136054
he 0.013888888888888888 0.34183673469387754 0.004747732426303854
who 0.009259259259259259 0.39285714285714285 0.0036375661375661374
must 0.004629629629629629 0.07653061224489796 0.00035430839002267573
not 0.004629629629629629 0.14795918367346939 0.0006849962207105064
worshiped 0.009259259259259259 0.00510204081632653 4.724111866969009e-05
hastar 0.041666666666666664 0.00510204081632653 0.0002125850340136054
is 0.009259259259259259 0.5663265306122449 0.0052437641723356
a 0.023148148148148147 0.8826530612244898 0.02043178382464097
terrible 0.004629629629629629 0.015306122448979591 7.086167800453514e-05
entity 0.004629629629629629 0.01020408163265306 4.724111866969009e-05
who 0.009259259259259259 0.39285714285714285 0.0036375661375661374
can 0.009259259259259259 0.08673469387755102 0.0008030990173847316
curse 0.004629629629629629 0.00510204081632653 2.3620559334845046e-05
a 0.023148148148148147 0.8826530612244898 0.02043178382464097
person 0.004629629629629629 0.030612244897959183 0.00014172335600907027
yet 0.004629629629629629 0.025510204081632654 0.00011810279667422524
also 0.004629629629629629 0.09183673469387756 0.00042517006802721087
can 0.009259259259259259 0.08673469387755102 0.0008030990173847316
grant 0.004629629629629629 0.00510204081632653 2.3620559334845046e-05
gold 0.013888888888888888 0.015306122448979591 0.00021258503401360543
coins 0.004629629629629629 0.01020408163265306 4.724111866969009e-05
and 0.037037037037037035 0.8571428571428571 0.031746031746031744
the 0.09722222222222222 0.9540816326530612 0.09275793650793651
story 0.009259259259259259 0.12755102040816327 0.0011810279667422525
put 0.004629629629629629 0.03571428571428571 0.00016534391534391533
emphasis 0.004629629629629629 0.00510204081632653 2.3620559334845046e-05
on 0.009259259259259259 0.3520408163265306 0.003259637188208617
human 0.004629629629629629 0.05612244897959184 0.00025982615268329553
nature 0.004629629629629629 0.01020408163265306 4.724111866969009e-05
and 0.037037037037037035 0.8571428571428571 0.031746031746031744
the 0.09722222222222222 0.9540816326530612 0.09275793650793651
never 0.009259259259259259 0.03571428571428571 0.00033068783068783067
ending 0.004629629629629629 0.01020408163265306 4.724111866969009e-05
greed 0.009259259259259259 0.015306122448979591 0.00014172335600907027
the 0.09722222222222222 0.9540816326530612 0.09275793650793651
myth 0.004629629629629629 0.015306122448979591 7.086167800453514e-05
hastar 0.041666666666666664 0.00510204081632653 0.0002125850340136054
is 0.009259259259259259 0.5663265306122449 0.0052437641723356
when 0.018518518518518517 0.27040816326530615 0.00500755857898715
the 0.09722222222222222 0.9540816326530612 0.09275793650793651
goddess 0.018518518518518517 0.01020408163265306 0.00018896447467876037
prosperity 0.013888888888888888 0.00510204081632653 7.086167800453514e-05
created 0.004629629629629629 0.02040816326530612 9.448223733938019e-05
the 0.09722222222222222 0.9540816326530612 0.09275793650793651
world 0.004629629629629629 0.19387755102040816 0.0008975812547241118
she 0.004629629629629629 0.19387755102040816 0.0008975812547241118
gave 0.004629629629629629 0.00510204081632653 2.3620559334845046e-05
birth 0.004629629629629629 0.025510204081632654 0.00011810279667422524
to 0.013888888888888888 0.7806122448979592 0.010841836734693877
hastar 0.041666666666666664 0.00510204081632653 0.0002125850340136054
followed 0.004629629629629629 0.00510204081632653 2.3620559334845046e-05
by 0.004629629629629629 0.33163265306122447 0.001535336356764928
crore 0.013888888888888888 0.00510204081632653 7.086167800453514e-05
gods 0.013888888888888888 0.00510204081632653 7.086167800453514e-05
and 0.037037037037037035 0.8571428571428571 0.031746031746031744
goddesses 0.013888888888888888 0.00510204081632653 7.086167800453514e-05
hastar 0.041666666666666664 0.00510204081632653 0.0002125850340136054
being 0.004629629629629629 0.07653061224489796 0.00035430839002267573
her 0.013888888888888888 0.2755102040816326 0.0038265306122448974
first 0.004629629629629629 0.08163265306122448 0.00037792894935752074
born 0.004629629629629629 0.02040816326530612 9.448223733938019e-05
her 0.013888888888888888 0.2755102040816326 0.0038265306122448974
favorite 0.004629629629629629 0.00510204081632653 2.3620559334845046e-05
child 0.004629629629629629 0.04081632653061224 0.00018896447467876037
but 0.004629629629629629 0.3112244897959184 0.0014408541194255479
hastar 0.041666666666666664 0.00510204081632653 0.0002125850340136054
greedy 0.004629629629629629 0.01020408163265306 4.724111866969009e-05
when 0.018518518518518517 0.27040816326530615 0.00500755857898715
the 0.09722222222222222 0.9540816326530612 0.09275793650793651
goddess 0.018518518518518517 0.01020408163265306 0.00018896447467876037
prosperity 0.013888888888888888 0.00510204081632653 7.086167800453514e-05
offered 0.004629629629629629 0.00510204081632653 2.3620559334845046e-05
hastar 0.041666666666666664 0.00510204081632653 0.0002125850340136054
the 0.09722222222222222 0.9540816326530612 0.09275793650793651
ownership 0.004629629629629629 0.00510204081632653 2.3620559334845046e-05
all 0.009259259259259259 0.17346938775510204 0.0016061980347694632
the 0.09722222222222222 0.9540816326530612 0.09275793650793651
gold 0.013888888888888888 0.015306122448979591 0.00021258503401360543
in 0.023148148148148147 0.7346938775510204 0.017006802721088437
the 0.09722222222222222 0.9540816326530612 0.09275793650793651
universe 0.004629629629629629 0.015306122448979591 7.086167800453514e-05
or 0.004629629629629629 0.09183673469387756 0.00042517006802721087
all 0.009259259259259259 0.17346938775510204 0.0016061980347694632
the 0.09722222222222222 0.9540816326530612 0.09275793650793651
food 0.009259259259259259 0.015306122448979591 0.00014172335600907027
he 0.013888888888888888 0.34183673469387754 0.004747732426303854
took 0.004629629629629629 0.015306122448979591 7.086167800453514e-05
the 0.09722222222222222 0.9540816326530612 0.09275793650793651
gold 0.013888888888888888 0.015306122448979591 0.00021258503401360543
as 0.009259259259259259 0.3469387755102041 0.0032123960695389264
well 0.004629629629629629 0.02040816326530612 9.448223733938019e-05
as 0.009259259259259259 0.3469387755102041 0.0032123960695389264
tried 0.009259259259259259 0.01020408163265306 9.448223733938019e-05
to 0.013888888888888888 0.7806122448979592 0.010841836734693877
take 0.004629629629629629 0.09183673469387756 0.00042517006802721087
the 0.09722222222222222 0.9540816326530612 0.09275793650793651
food 0.009259259259259259 0.015306122448979591 0.00014172335600907027
in 0.023148148148148147 0.7346938775510204 0.017006802721088437
his 0.013888888888888888 0.44387755102040816 0.006164965986394558
greed 0.009259259259259259 0.015306122448979591 0.00014172335600907027
fighting 0.004629629629629629 0.02040816326530612 9.448223733938019e-05
with 0.004629629629629629 0.4387755102040816 0.002031368102796674
his 0.013888888888888888 0.44387755102040816 0.006164965986394558
brothers 0.004629629629629629 0.02040816326530612 9.448223733938019e-05
and 0.037037037037037035 0.8571428571428571 0.031746031746031744
sisters 0.004629629629629629 0.015306122448979591 7.086167800453514e-05
the 0.09722222222222222 0.9540816326530612 0.09275793650793651
crore 0.013888888888888888 0.00510204081632653 7.086167800453514e-05
gods 0.013888888888888888 0.00510204081632653 7.086167800453514e-05
and 0.037037037037037035 0.8571428571428571 0.031746031746031744
goddesses 0.013888888888888888 0.00510204081632653 7.086167800453514e-05
overpowered 0.004629629629629629 0.00510204081632653 2.3620559334845046e-05
hastar 0.041666666666666664 0.00510204081632653 0.0002125850340136054
and 0.037037037037037035 0.8571428571428571 0.031746031746031744
when 0.018518518518518517 0.27040816326530615 0.00500755857898715
they 0.009259259259259259 0.28061224489795916 0.002598261526832955
tried 0.009259259259259259 0.01020408163265306 9.448223733938019e-05
to 0.013888888888888888 0.7806122448979592 0.010841836734693877
kill 0.004629629629629629 0.030612244897959183 0.00014172335600907027
the 0.09722222222222222 0.9540816326530612 0.09275793650793651
goddess 0.018518518518518517 0.01020408163265306 0.00018896447467876037
prosperity 0.013888888888888888 0.00510204081632653 7.086167800453514e-05
intervened 0.004629629629629629 0.00510204081632653 2.3620559334845046e-05
and 0.037037037037037035 0.8571428571428571 0.031746031746031744
begged 0.004629629629629629 0.00510204081632653 2.3620559334845046e-05
for 0.009259259259259259 0.3877551020408163 0.003590325018896447
his 0.013888888888888888 0.44387755102040816 0.006164965986394558
life 0.004629629629629629 0.20408163265306123 0.0009448223733938019
the 0.09722222222222222 0.9540816326530612 0.09275793650793651
crore 0.013888888888888888 0.00510204081632653 7.086167800453514e-05
gods 0.013888888888888888 0.00510204081632653 7.086167800453514e-05
and 0.037037037037037035 0.8571428571428571 0.031746031746031744
goddesses 0.013888888888888888 0.00510204081632653 7.086167800453514e-05
accepted 0.004629629629629629 0.00510204081632653 2.3620559334845046e-05
her 0.013888888888888888 0.2755102040816326 0.0038265306122448974
request 0.004629629629629629 0.01020408163265306 4.724111866969009e-05
on 0.009259259259259259 0.3520408163265306 0.003259637188208617
one 0.004629629629629629 0.18877551020408162 0.0008739606953892667
condition 0.004629629629629629 0.00510204081632653 2.3620559334845046e-05
that 0.004629629629629629 0.40816326530612246 0.0018896447467876038
hastar 0.041666666666666664 0.00510204081632653 0.0002125850340136054
will 0.004629629629629629 0.1989795918367347 0.0009212018140589568
never 0.009259259259259259 0.03571428571428571 0.00033068783068783067
mentioned 0.004629629629629629 0.00510204081632653 2.3620559334845046e-05
in 0.023148148148148147 0.7346938775510204 0.017006802721088437
the 0.09722222222222222 0.9540816326530612 0.09275793650793651
puranas 0.004629629629629629 0.00510204081632653 2.3620559334845046e-05
he 0.013888888888888888 0.34183673469387754 0.004747732426303854
ever 0.004629629629629629 0.05102040816326531 0.00023620559334845047
worshiped 0.009259259259259259 0.00510204081632653 4.724111866969009e-05
