set 0.034482758620689655 0.05102040816326531 0.0017593244194229415
the 0.06896551724137931 0.9540816326530612 0.06579873328641801
pulsating 0.034482758620689655 0.00510204081632653 0.00017593244194229413
backdrop 0.034482758620689655 0.00510204081632653 0.00017593244194229413
rustic 0.034482758620689655 0.00510204081632653 0.00017593244194229413
north 0.034482758620689655 0.01020408163265306 0.00035186488388458826
india 0.034482758620689655 0.04081632653061224 0.001407459535538353
love 0.034482758620689655 0.09183673469387756 0.0031667839549612948
hostel 0.034482758620689655 0.00510204081632653 0.00017593244194229413
traces 0.034482758620689655 0.00510204081632653 0.00017593244194229413
the 0.06896551724137931 0.9540816326530612 0.06579873328641801
volatile 0.034482758620689655 0.00510204081632653 0.00017593244194229413
journey 0.034482758620689655 0.08163265306122448 0.002814919071076706
a 0.06896551724137931 0.8826530612244898 0.06087262491203378
spirited 0.034482758620689655 0.01020408163265306 0.00035186488388458826
young 0.034482758620689655 0.15816326530612246 0.005453905700211119
couple 0.034482758620689655 0.03571428571428571 0.0012315270935960591
being 0.034482758620689655 0.07653061224489796 0.0026389866291344124
hunted 0.034482758620689655 0.00510204081632653 0.00017593244194229413
by 0.034482758620689655 0.33163265306122447 0.01143560872624912
a 0.06896551724137931 0.8826530612244898 0.06087262491203378
ruthless 0.034482758620689655 0.025510204081632654 0.0008796622097114708
mercenary 0.034482758620689655 0.015306122448979591 0.0005277973258268825
