police 0.01680672268907563 0.08163265306122448 0.0013719773623735206
major 0.008403361344537815 0.04081632653061224 0.00034299434059338016
igor 0.01680672268907563 0.01020408163265306 0.00017149717029669008
grom 0.008403361344537815 0.00510204081632653 4.287429257417252e-05
is 0.025210084033613446 0.5663265306122449 0.014277139427199452
known 0.008403361344537815 0.05612244897959184 0.00047161721831589777
throughout 0.008403361344537815 0.01020408163265306 8.574858514834504e-05
petersburg 0.008403361344537815 0.02040816326530612 0.00017149717029669008
for 0.01680672268907563 0.3877551020408163 0.0065168924712742235
his 0.01680672268907563 0.44387755102040816 0.0074601269079060195
penetrative 0.008403361344537815 0.00510204081632653 4.287429257417252e-05
character 0.008403361344537815 0.02040816326530612 0.00017149717029669008
and 0.01680672268907563 0.8571428571428571 0.014405762304921967
irreconcilable 0.008403361344537815 0.00510204081632653 4.287429257417252e-05
attitude 0.008403361344537815 0.00510204081632653 4.287429257417252e-05
towards 0.008403361344537815 0.015306122448979591 0.00012862287772251758
criminals 0.008403361344537815 0.00510204081632653 4.287429257417252e-05
all 0.008403361344537815 0.17346938775510204 0.0014577259475218659
stripes 0.008403361344537815 0.00510204081632653 4.287429257417252e-05
but 0.008403361344537815 0.3112244897959184 0.002615331847024524
everything 0.008403361344537815 0.025510204081632654 0.00021437146287086264
changes 0.008403361344537815 0.030612244897959183 0.00025724575544503516
dramatically 0.008403361344537815 0.00510204081632653 4.287429257417252e-05
with 0.025210084033613446 0.4387755102040816 0.011061567484136512
the 0.09243697478991597 0.9540816326530612 0.08819241982507289
appearance 0.008403361344537815 0.00510204081632653 4.287429257417252e-05
a 0.008403361344537815 0.8826530612244898 0.007417252615331847
person 0.008403361344537815 0.030612244897959183 0.00025724575544503516
in 0.025210084033613446 0.7346938775510204 0.018521694392042532
the 0.09243697478991597 0.9540816326530612 0.08819241982507289
mask 0.008403361344537815 0.01020408163265306 8.574858514834504e-05
the 0.09243697478991597 0.9540816326530612 0.08819241982507289
plague 0.01680672268907563 0.01020408163265306 0.00017149717029669008
doctor 0.008403361344537815 0.01020408163265306 8.574858514834504e-05
having 0.008403361344537815 0.04081632653061224 0.00034299434059338016
declared 0.008403361344537815 0.00510204081632653 4.287429257417252e-05
that 0.008403361344537815 0.40816326530612246 0.003429943405933802
his 0.01680672268907563 0.44387755102040816 0.0074601269079060195
city 0.01680672268907563 0.09183673469387756 0.0015434745326702109
is 0.025210084033613446 0.5663265306122449 0.014277139427199452
sick 0.008403361344537815 0.01020408163265306 8.574858514834504e-05
with 0.025210084033613446 0.4387755102040816 0.011061567484136512
the 0.09243697478991597 0.9540816326530612 0.08819241982507289
plague 0.01680672268907563 0.01020408163265306 0.00017149717029669008
lawlessness 0.008403361344537815 0.00510204081632653 4.287429257417252e-05
he 0.008403361344537815 0.34183673469387754 0.002872577602469559
takes 0.008403361344537815 0.05612244897959184 0.00047161721831589777
treatment 0.008403361344537815 0.00510204081632653 4.287429257417252e-05
killing 0.008403361344537815 0.025510204081632654 0.00021437146287086264
people 0.008403361344537815 0.11734693877551021 0.000986108729205968
who 0.008403361344537815 0.39285714285714285 0.003301320528211284
at 0.008403361344537815 0.23469387755102042 0.001972217458411936
one 0.008403361344537815 0.18877551020408162 0.0015863488252443833
time 0.01680672268907563 0.14795918367346939 0.0024867089693020065
escaped 0.008403361344537815 0.01020408163265306 8.574858514834504e-05
punishment 0.008403361344537815 0.00510204081632653 4.287429257417252e-05
with 0.025210084033613446 0.4387755102040816 0.011061567484136512
the 0.09243697478991597 0.9540816326530612 0.08819241982507289
help 0.008403361344537815 0.10204081632653061 0.0008574858514834505
money 0.008403361344537815 0.030612244897959183 0.00025724575544503516
and 0.01680672268907563 0.8571428571428571 0.014405762304921967
high 0.008403361344537815 0.015306122448979591 0.00012862287772251758
status 0.008403361344537815 0.00510204081632653 4.287429257417252e-05
in 0.025210084033613446 0.7346938775510204 0.018521694392042532
society 0.01680672268907563 0.03571428571428571 0.0006002400960384153
society 0.01680672268907563 0.03571428571428571 0.0006002400960384153
is 0.025210084033613446 0.5663265306122449 0.014277139427199452
agitated 0.008403361344537815 0.00510204081632653 4.287429257417252e-05
the 0.09243697478991597 0.9540816326530612 0.08819241982507289
police 0.01680672268907563 0.08163265306122448 0.0013719773623735206
officers 0.008403361344537815 0.01020408163265306 8.574858514834504e-05
powerless 0.008403361344537815 0.00510204081632653 4.287429257417252e-05
for 0.01680672268907563 0.3877551020408163 0.0065168924712742235
the 0.09243697478991597 0.9540816326530612 0.08819241982507289
first 0.008403361344537815 0.08163265306122448 0.0006859886811867603
time 0.01680672268907563 0.14795918367346939 0.0024867089693020065
igor 0.01680672268907563 0.01020408163265306 0.00017149717029669008
faces 0.008403361344537815 0.01020408163265306 8.574858514834504e-05
difficulties 0.008403361344537815 0.00510204081632653 4.287429257417252e-05
in 0.025210084033613446 0.7346938775510204 0.018521694392042532
the 0.09243697478991597 0.9540816326530612 0.08819241982507289
investigation 0.008403361344537815 0.025510204081632654 0.00021437146287086264
the 0.09243697478991597 0.9540816326530612 0.08819241982507289
outcome 0.008403361344537815 0.00510204081632653 4.287429257417252e-05
may 0.008403361344537815 0.015306122448979591 0.00012862287772251758
determine 0.008403361344537815 0.00510204081632653 4.287429257417252e-05
the 0.09243697478991597 0.9540816326530612 0.08819241982507289
fate 0.008403361344537815 0.015306122448979591 0.00012862287772251758
the 0.09243697478991597 0.9540816326530612 0.08819241982507289
whole 0.008403361344537815 0.03571428571428571 0.00030012004801920766
city 0.01680672268907563 0.09183673469387756 0.0015434745326702109
