adèle 0.03389830508474576 0.00510204081632653 0.00017295053614666204
is 0.0423728813559322 0.5663265306122449 0.02399688689034936
a 0.03389830508474576 0.8826530612244898 0.029920442753372536
high 0.00847457627118644 0.015306122448979591 0.00012971290210999655
school 0.00847457627118644 0.05102040816326531 0.00043237634036665516
student 0.00847457627118644 0.025510204081632654 0.00021618817018332758
who 0.025423728813559324 0.39285714285714285 0.009987893462469734
is 0.0423728813559322 0.5663265306122449 0.02399688689034936
beginning 0.00847457627118644 0.015306122448979591 0.00012971290210999655
to 0.025423728813559324 0.7806122448979592 0.019846074022829473
explore 0.01694915254237288 0.015306122448979591 0.0002594258042199931
as 0.01694915254237288 0.3469387755102041 0.00588031822898651
a 0.03389830508474576 0.8826530612244898 0.029920442753372536
woman 0.00847457627118644 0.07142857142857142 0.0006053268765133171
she 0.05084745762711865 0.19387755102040816 0.009858180560359737
dates 0.00847457627118644 0.01020408163265306 8.647526807333102e-05
men 0.00847457627118644 0.04591836734693878 0.00038913870632998964
but 0.00847457627118644 0.3112244897959184 0.0026374956762365964
finds 0.00847457627118644 0.0663265306122449 0.0005620892424766517
no 0.00847457627118644 0.07142857142857142 0.0006053268765133171
satisfaction 0.00847457627118644 0.00510204081632653 4.323763403666551e-05
with 0.025423728813559324 0.4387755102040816 0.011155309581459704
sexually 0.00847457627118644 0.00510204081632653 4.323763403666551e-05
and 0.03389830508474576 0.8571428571428571 0.029055690072639223
is 0.0423728813559322 0.5663265306122449 0.02399688689034936
rejected 0.00847457627118644 0.00510204081632653 4.323763403666551e-05
by 0.01694915254237288 0.33163265306122447 0.005620892424766517
a 0.03389830508474576 0.8826530612244898 0.029920442753372536
female 0.00847457627118644 0.02040816326530612 0.00017295053614666204
friend 0.00847457627118644 0.0663265306122449 0.0005620892424766517
who 0.025423728813559324 0.39285714285714285 0.009987893462469734
she 0.05084745762711865 0.19387755102040816 0.009858180560359737
desire 0.00847457627118644 0.02040816326530612 0.00017295053614666204
she 0.05084745762711865 0.19387755102040816 0.009858180560359737
dreams 0.00847457627118644 0.04081632653061224 0.00034590107229332407
something 0.00847457627118644 0.025510204081632654 0.00021618817018332758
more 0.01694915254237288 0.08163265306122448 0.0013836042891732963
she 0.05084745762711865 0.19387755102040816 0.009858180560359737
meets 0.00847457627118644 0.05102040816326531 0.00043237634036665516
emma 0.025423728813559324 0.00510204081632653 0.00012971290210999655
who 0.025423728813559324 0.39285714285714285 0.009987893462469734
is 0.0423728813559322 0.5663265306122449 0.02399688689034936
a 0.03389830508474576 0.8826530612244898 0.029920442753372536
free 0.00847457627118644 0.025510204081632654 0.00021618817018332758
spirited 0.00847457627118644 0.01020408163265306 8.647526807333102e-05
girl 0.00847457627118644 0.08673469387755102 0.0007350397786233138
whom 0.01694915254237288 0.02040816326530612 0.00034590107229332407
adèle 0.03389830508474576 0.00510204081632653 0.00017295053614666204
friends 0.01694915254237288 0.05102040816326531 0.0008647526807333103
reject 0.01694915254237288 0.01020408163265306 0.00017295053614666204
due 0.00847457627118644 0.01020408163265306 8.647526807333102e-05
to 0.025423728813559324 0.7806122448979592 0.019846074022829473
her 0.01694915254237288 0.2755102040816326 0.004669664475959875
sexuality 0.01694915254237288 0.01020408163265306 0.00017295053614666204
and 0.03389830508474576 0.8571428571428571 0.029055690072639223
by 0.01694915254237288 0.33163265306122447 0.005620892424766517
association 0.00847457627118644 0.00510204081632653 4.323763403666551e-05
most 0.00847457627118644 0.07653061224489796 0.0006485645105499827
begin 0.00847457627118644 0.025510204081632654 0.00021618817018332758
to 0.025423728813559324 0.7806122448979592 0.019846074022829473
reject 0.01694915254237288 0.01020408163265306 0.00017295053614666204
adèle 0.03389830508474576 0.00510204081632653 0.00017295053614666204
her 0.01694915254237288 0.2755102040816326 0.004669664475959875
relationship 0.01694915254237288 0.05612244897959184 0.0009512279488066413
with 0.025423728813559324 0.4387755102040816 0.011155309581459704
emma 0.025423728813559324 0.00510204081632653 0.00012971290210999655
grows 0.00847457627118644 0.01020408163265306 8.647526807333102e-05
more 0.01694915254237288 0.08163265306122448 0.0013836042891732963
friends 0.01694915254237288 0.05102040816326531 0.0008647526807333103
as 0.01694915254237288 0.3469387755102041 0.00588031822898651
she 0.05084745762711865 0.19387755102040816 0.009858180560359737
is 0.0423728813559322 0.5663265306122449 0.02399688689034936
the 0.01694915254237288 0.9540816326530612 0.0161708751297129
person 0.00847457627118644 0.030612244897959183 0.0002594258042199931
with 0.025423728813559324 0.4387755102040816 0.011155309581459704
whom 0.01694915254237288 0.02040816326530612 0.00034590107229332407
she 0.05084745762711865 0.19387755102040816 0.009858180560359737
can 0.00847457627118644 0.08673469387755102 0.0007350397786233138
express 0.00847457627118644 0.00510204081632653 4.323763403666551e-05
openly 0.00847457627118644 0.00510204081632653 4.323763403666551e-05
together 0.00847457627118644 0.05612244897959184 0.0004756139744033207
adèle 0.03389830508474576 0.00510204081632653 0.00017295053614666204
and 0.03389830508474576 0.8571428571428571 0.029055690072639223
emma 0.025423728813559324 0.00510204081632653 0.00012971290210999655
explore 0.01694915254237288 0.015306122448979591 0.0002594258042199931
social 0.00847457627118644 0.04081632653061224 0.00034590107229332407
acceptance 0.00847457627118644 0.00510204081632653 4.323763403666551e-05
sexuality 0.01694915254237288 0.01020408163265306 0.00017295053614666204
and 0.03389830508474576 0.8571428571428571 0.029055690072639223
the 0.01694915254237288 0.9540816326530612 0.0161708751297129
emotional 0.00847457627118644 0.03571428571428571 0.00030266343825665856
spectrum 0.00847457627118644 0.01020408163265306 8.647526807333102e-05
their 0.00847457627118644 0.3520408163265306 0.0029833967485299205
maturing 0.00847457627118644 0.00510204081632653 4.323763403666551e-05
relationship 0.01694915254237288 0.05612244897959184 0.0009512279488066413
