nathan 0.007936507936507936 0.00510204081632653 4.0492387431162935e-05
drake 0.007936507936507936 0.00510204081632653 4.0492387431162935e-05
tom 0.007936507936507936 0.00510204081632653 4.0492387431162935e-05
holland 0.007936507936507936 0.00510204081632653 4.0492387431162935e-05
is 0.007936507936507936 0.5663265306122449 0.004494655004859086
recruited 0.007936507936507936 0.00510204081632653 4.0492387431162935e-05
by 0.023809523809523808 0.33163265306122447 0.007896015549076773
seasoned 0.007936507936507936 0.00510204081632653 4.0492387431162935e-05
treasure 0.015873015873015872 0.015306122448979591 0.00024295432458697764
hunter 0.007936507936507936 0.01020408163265306 8.098477486232587e-05
victor 0.007936507936507936 0.00510204081632653 4.0492387431162935e-05
sully 0.015873015873015872 0.00510204081632653 8.098477486232587e-05
sullivan 0.007936507936507936 0.00510204081632653 4.0492387431162935e-05
mark 0.007936507936507936 0.01020408163265306 8.098477486232587e-05
wahlberg 0.007936507936507936 0.00510204081632653 4.0492387431162935e-05
to 0.031746031746031744 0.7806122448979592 0.02478134110787172
recover 0.007936507936507936 0.00510204081632653 4.0492387431162935e-05
a 0.023809523809523808 0.8826530612244898 0.021015549076773565
fortune 0.007936507936507936 0.00510204081632653 4.0492387431162935e-05
amassed 0.007936507936507936 0.00510204081632653 4.0492387431162935e-05
by 0.023809523809523808 0.33163265306122447 0.007896015549076773
ferdinand 0.007936507936507936 0.00510204081632653 4.0492387431162935e-05
magellan 0.007936507936507936 0.00510204081632653 4.0492387431162935e-05
and 0.03968253968253968 0.8571428571428571 0.03401360544217687
lost 0.007936507936507936 0.05102040816326531 0.0004049238743116294
years 0.007936507936507936 0.12244897959183673 0.0009718172983479105
ago 0.007936507936507936 0.025510204081632654 0.0002024619371558147
by 0.023809523809523808 0.33163265306122447 0.007896015549076773
the 0.05555555555555555 0.9540816326530612 0.053004535147392284
house 0.007936507936507936 0.061224489795918366 0.00048590864917395527
moncada 0.015873015873015872 0.00510204081632653 8.098477486232587e-05
what 0.007936507936507936 0.1377551020408163 0.0010932944606413992
starts 0.007936507936507936 0.05102040816326531 0.0004049238743116294
as 0.007936507936507936 0.3469387755102041 0.00275348234531908
a 0.023809523809523808 0.8826530612244898 0.021015549076773565
heist 0.007936507936507936 0.00510204081632653 4.0492387431162935e-05
job 0.007936507936507936 0.04591836734693878 0.00036443148688046647
for 0.007936507936507936 0.3877551020408163 0.0030774214447683835
the 0.05555555555555555 0.9540816326530612 0.053004535147392284
duo 0.007936507936507936 0.01020408163265306 8.098477486232587e-05
becomes 0.007936507936507936 0.07142857142857142 0.0005668934240362811
a 0.023809523809523808 0.8826530612244898 0.021015549076773565
race 0.007936507936507936 0.03571428571428571 0.00028344671201814054
to 0.031746031746031744 0.7806122448979592 0.02478134110787172
reach 0.007936507936507936 0.025510204081632654 0.0002024619371558147
the 0.05555555555555555 0.9540816326530612 0.053004535147392284
prize 0.007936507936507936 0.015306122448979591 0.00012147716229348882
the 0.05555555555555555 0.9540816326530612 0.053004535147392284
ruthless 0.007936507936507936 0.025510204081632654 0.0002024619371558147
santiago 0.007936507936507936 0.00510204081632653 4.0492387431162935e-05
moncada 0.015873015873015872 0.00510204081632653 8.098477486232587e-05
antonio 0.007936507936507936 0.00510204081632653 4.0492387431162935e-05
banderas 0.007936507936507936 0.00510204081632653 4.0492387431162935e-05
who 0.007936507936507936 0.39285714285714285 0.003117913832199546
believes 0.007936507936507936 0.01020408163265306 8.098477486232587e-05
he 0.007936507936507936 0.34183673469387754 0.002712989957887917
and 0.03968253968253968 0.8571428571428571 0.03401360544217687
his 0.007936507936507936 0.44387755102040816 0.0035228377065111755
family 0.007936507936507936 0.22448979591836735 0.0017816650469711693
the 0.05555555555555555 0.9540816326530612 0.053004535147392284
rightful 0.007936507936507936 0.00510204081632653 4.0492387431162935e-05
heirs 0.007936507936507936 0.01020408163265306 8.098477486232587e-05
if 0.015873015873015872 0.03571428571428571 0.0005668934240362811
nate 0.015873015873015872 0.00510204081632653 8.098477486232587e-05
and 0.03968253968253968 0.8571428571428571 0.03401360544217687
sully 0.015873015873015872 0.00510204081632653 8.098477486232587e-05
can 0.015873015873015872 0.08673469387755102 0.00137674117265954
decipher 0.007936507936507936 0.00510204081632653 4.0492387431162935e-05
the 0.05555555555555555 0.9540816326530612 0.053004535147392284
clues 0.007936507936507936 0.00510204081632653 4.0492387431162935e-05
and 0.03968253968253968 0.8571428571428571 0.03401360544217687
solve 0.007936507936507936 0.01020408163265306 8.098477486232587e-05
one 0.007936507936507936 0.18877551020408162 0.0014982183349530286
the 0.05555555555555555 0.9540816326530612 0.053004535147392284
world 0.007936507936507936 0.19387755102040816 0.0015387107223841917
oldest 0.007936507936507936 0.00510204081632653 4.0492387431162935e-05
mysteries 0.007936507936507936 0.00510204081632653 4.0492387431162935e-05
they 0.015873015873015872 0.28061224489795916 0.004454162617427923
stand 0.007936507936507936 0.02040816326530612 0.00016196954972465174
to 0.031746031746031744 0.7806122448979592 0.02478134110787172
find 0.007936507936507936 0.08163265306122448 0.000647878198898607
billion 0.007936507936507936 0.00510204081632653 4.0492387431162935e-05
in 0.007936507936507936 0.7346938775510204 0.0058309037900874635
treasure 0.015873015873015872 0.015306122448979591 0.00024295432458697764
and 0.03968253968253968 0.8571428571428571 0.03401360544217687
perhaps 0.007936507936507936 0.01020408163265306 8.098477486232587e-05
even 0.007936507936507936 0.07142857142857142 0.0005668934240362811
nate 0.015873015873015872 0.00510204081632653 8.098477486232587e-05
brother 0.007936507936507936 0.04081632653061224 0.0003239390994493035
but 0.007936507936507936 0.3112244897959184 0.0024700356333009392
if 0.015873015873015872 0.03571428571428571 0.0005668934240362811
they 0.015873015873015872 0.28061224489795916 0.004454162617427923
can 0.015873015873015872 0.08673469387755102 0.00137674117265954
learn 0.007936507936507936 0.02040816326530612 0.00016196954972465174
to 0.031746031746031744 0.7806122448979592 0.02478134110787172
work 0.007936507936507936 0.04591836734693878 0.00036443148688046647
together 0.007936507936507936 0.05612244897959184 0.00044541626174279234
