a 0.031578947368421054 0.8826530612244898 0.02787325456498389
mythic 0.010526315789473684 0.00510204081632653 5.370569280343716e-05
and 0.031578947368421054 0.8571428571428571 0.02706766917293233
emotionally 0.010526315789473684 0.00510204081632653 5.370569280343716e-05
charged 0.010526315789473684 0.01020408163265306 0.00010741138560687432
hero 0.010526315789473684 0.025510204081632654 0.0002685284640171858
journey 0.010526315789473684 0.08163265306122448 0.0008592910848549945
dune 0.010526315789473684 0.00510204081632653 5.370569280343716e-05
tells 0.010526315789473684 0.03571428571428571 0.0003759398496240601
the 0.06315789473684211 0.9540816326530612 0.0602577873254565
story 0.010526315789473684 0.12755102040816327 0.0013426423200859291
paul 0.010526315789473684 0.00510204081632653 5.370569280343716e-05
atreides 0.010526315789473684 0.00510204081632653 5.370569280343716e-05
a 0.031578947368421054 0.8826530612244898 0.02787325456498389
brilliant 0.010526315789473684 0.01020408163265306 0.00010741138560687432
and 0.031578947368421054 0.8571428571428571 0.02706766917293233
gifted 0.010526315789473684 0.01020408163265306 0.00010741138560687432
young 0.010526315789473684 0.15816326530612246 0.0016648764769065523
man 0.010526315789473684 0.12755102040816327 0.0013426423200859291
born 0.010526315789473684 0.02040816326530612 0.00021482277121374864
a 0.031578947368421054 0.8826530612244898 0.02787325456498389
great 0.010526315789473684 0.03571428571428571 0.0003759398496240601
destiny 0.010526315789473684 0.01020408163265306 0.00010741138560687432
beyond 0.010526315789473684 0.01020408163265306 0.00010741138560687432
his 0.031578947368421054 0.44387755102040816 0.0140171858216971
understanding 0.010526315789473684 0.00510204081632653 5.370569280343716e-05
who 0.021052631578947368 0.39285714285714285 0.008270676691729323
must 0.010526315789473684 0.07653061224489796 0.0008055853920515575
travel 0.010526315789473684 0.015306122448979591 0.00016111707841031148
to 0.021052631578947368 0.7806122448979592 0.016433941997851774
the 0.06315789473684211 0.9540816326530612 0.0602577873254565
most 0.021052631578947368 0.07653061224489796 0.001611170784103115
dangerous 0.010526315789473684 0.04591836734693878 0.0004833512352309345
planet 0.021052631578947368 0.01020408163265306 0.00021482277121374864
in 0.021052631578947368 0.7346938775510204 0.015467239527389903
the 0.06315789473684211 0.9540816326530612 0.0602577873254565
universe 0.010526315789473684 0.015306122448979591 0.00016111707841031148
to 0.021052631578947368 0.7806122448979592 0.016433941997851774
ensure 0.010526315789473684 0.01020408163265306 0.00010741138560687432
the 0.06315789473684211 0.9540816326530612 0.0602577873254565
future 0.010526315789473684 0.030612244897959183 0.00032223415682062297
his 0.031578947368421054 0.44387755102040816 0.0140171858216971
family 0.010526315789473684 0.22448979591836735 0.002363050483351235
and 0.031578947368421054 0.8571428571428571 0.02706766917293233
his 0.031578947368421054 0.44387755102040816 0.0140171858216971
people 0.010526315789473684 0.11734693877551021 0.0012352309344790548
as 0.010526315789473684 0.3469387755102041 0.003651987110633727
malevolent 0.010526315789473684 0.01020408163265306 0.00010741138560687432
forces 0.010526315789473684 0.061224489795918366 0.0006444683136412459
explode 0.010526315789473684 0.00510204081632653 5.370569280343716e-05
conflict 0.010526315789473684 0.01020408163265306 0.00010741138560687432
the 0.06315789473684211 0.9540816326530612 0.0602577873254565
planet 0.021052631578947368 0.01020408163265306 0.00021482277121374864
exclusive 0.010526315789473684 0.00510204081632653 5.370569280343716e-05
supply 0.010526315789473684 0.00510204081632653 5.370569280343716e-05
the 0.06315789473684211 0.9540816326530612 0.0602577873254565
most 0.021052631578947368 0.07653061224489796 0.001611170784103115
precious 0.010526315789473684 0.00510204081632653 5.370569280343716e-05
resource 0.010526315789473684 0.00510204081632653 5.370569280343716e-05
in 0.021052631578947368 0.7346938775510204 0.015467239527389903
commodity 0.010526315789473684 0.00510204081632653 5.370569280343716e-05
capable 0.010526315789473684 0.015306122448979591 0.00016111707841031148
unlocking 0.010526315789473684 0.00510204081632653 5.370569280343716e-05
humanity 0.010526315789473684 0.015306122448979591 0.00016111707841031148
greatest 0.010526315789473684 0.025510204081632654 0.0002685284640171858
who 0.021052631578947368 0.39285714285714285 0.008270676691729323
can 0.010526315789473684 0.08673469387755102 0.0009129967776584318
conquer 0.010526315789473684 0.00510204081632653 5.370569280343716e-05
their 0.010526315789473684 0.3520408163265306 0.0037056928034371645
fear 0.010526315789473684 0.00510204081632653 5.370569280343716e-05
will 0.010526315789473684 0.1989795918367347 0.0020945220193340493
survive 0.010526315789473684 0.02040816326530612 0.00021482277121374864
bros 0.010526315789473684 0.00510204081632653 5.370569280343716e-05
