after 0.03333333333333333 0.1989795918367347 0.0066326530612244895
nearly 0.03333333333333333 0.01020408163265306 0.0003401360544217687
years 0.03333333333333333 0.12244897959183673 0.004081632653061224
hiding 0.03333333333333333 0.025510204081632654 0.0008503401360544217
leatherface 0.03333333333333333 0.00510204081632653 0.00017006802721088434
returns 0.03333333333333333 0.02040816326530612 0.0006802721088435374
to 0.03333333333333333 0.7806122448979592 0.026020408163265306
terrorize 0.03333333333333333 0.00510204081632653 0.00017006802721088434
a 0.06666666666666667 0.8826530612244898 0.058843537414965986
group 0.03333333333333333 0.05102040816326531 0.0017006802721088435
idealistic 0.03333333333333333 0.00510204081632653 0.00017006802721088434
young 0.03333333333333333 0.15816326530612246 0.0052721088435374154
friends 0.03333333333333333 0.05102040816326531 0.0017006802721088435
who 0.03333333333333333 0.39285714285714285 0.013095238095238096
accidentally 0.03333333333333333 0.01020408163265306 0.0003401360544217687
disrupt 0.03333333333333333 0.00510204081632653 0.00017006802721088434
his 0.03333333333333333 0.44387755102040816 0.014795918367346938
carefully 0.03333333333333333 0.00510204081632653 0.00017006802721088434
shielded 0.03333333333333333 0.00510204081632653 0.00017006802721088434
world 0.03333333333333333 0.19387755102040816 0.006462585034013605
in 0.03333333333333333 0.7346938775510204 0.02448979591836735
a 0.06666666666666667 0.8826530612244898 0.058843537414965986
remote 0.03333333333333333 0.015306122448979591 0.000510204081632653
texas 0.03333333333333333 0.00510204081632653 0.00017006802721088434
town 0.03333333333333333 0.05102040816326531 0.0017006802721088435
