raised 0.008403361344537815 0.01020408163265306 8.574858514834504e-05
as 0.025210084033613446 0.3469387755102041 0.008746355685131196
a 0.03361344537815126 0.8826530612244898 0.02966901046132739
rigorous 0.008403361344537815 0.00510204081632653 4.287429257417252e-05
vegetarian 0.008403361344537815 0.00510204081632653 4.287429257417252e-05
freshman 0.008403361344537815 0.00510204081632653 4.287429257417252e-05
justine 0.03361344537815126 0.00510204081632653 0.00017149717029669008
arrives 0.008403361344537815 0.02040816326530612 0.00017149717029669008
at 0.008403361344537815 0.23469387755102042 0.001972217458411936
the 0.01680672268907563 0.9540816326530612 0.016034985422740525
reputable 0.008403361344537815 0.00510204081632653 4.287429257417252e-05
veterinary 0.008403361344537815 0.00510204081632653 4.287429257417252e-05
school 0.01680672268907563 0.05102040816326531 0.0008574858514834505
as 0.025210084033613446 0.3469387755102041 0.008746355685131196
she 0.025210084033613446 0.19387755102040816 0.004887669353455668
leaves 0.008403361344537815 0.030612244897959183 0.00025724575544503516
the 0.01680672268907563 0.9540816326530612 0.016034985422740525
family 0.008403361344537815 0.22448979591836735 0.001886468873263591
home 0.008403361344537815 0.07653061224489796 0.0006431143886125878
justine 0.03361344537815126 0.00510204081632653 0.00017149717029669008
abruptly 0.008403361344537815 0.00510204081632653 4.287429257417252e-05
moves 0.008403361344537815 0.030612244897959183 0.00025724575544503516
a 0.03361344537815126 0.8826530612244898 0.02966901046132739
mad 0.008403361344537815 0.00510204081632653 4.287429257417252e-05
new 0.008403361344537815 0.1377551020408163 0.001157605899502658
world 0.01680672268907563 0.19387755102040816 0.0032584462356371117
strange 0.008403361344537815 0.03571428571428571 0.00030012004801920766
school 0.01680672268907563 0.05102040816326531 0.0008574858514834505
traditions 0.008403361344537815 0.00510204081632653 4.287429257417252e-05
and 0.04201680672268908 0.8571428571428571 0.03601440576230492
vicious 0.008403361344537815 0.01020408163265306 8.574858514834504e-05
initiation 0.008403361344537815 0.00510204081632653 4.287429257417252e-05
tests 0.008403361344537815 0.00510204081632653 4.287429257417252e-05
and 0.04201680672268908 0.8571428571428571 0.03601440576230492
long 0.008403361344537815 0.05612244897959184 0.00047161721831589777
she 0.025210084033613446 0.19387755102040816 0.004887669353455668
will 0.01680672268907563 0.1989795918367347 0.003344194820785457
to 0.008403361344537815 0.7806122448979592 0.006559766763848397
chew 0.008403361344537815 0.00510204081632653 4.287429257417252e-05
her 0.025210084033613446 0.2755102040816326 0.006945635397015949
unshakable 0.008403361344537815 0.00510204081632653 4.287429257417252e-05
herbivorous 0.008403361344537815 0.00510204081632653 4.287429257417252e-05
beliefs 0.008403361344537815 0.01020408163265306 8.574858514834504e-05
more 0.01680672268907563 0.08163265306122448 0.0013719773623735206
and 0.04201680672268908 0.8571428571428571 0.03601440576230492
more 0.01680672268907563 0.08163265306122448 0.0013719773623735206
as 0.025210084033613446 0.3469387755102041 0.008746355685131196
justine 0.03361344537815126 0.00510204081632653 0.00017149717029669008
descends 0.008403361344537815 0.01020408163265306 8.574858514834504e-05
deeper 0.01680672268907563 0.01020408163265306 0.00017149717029669008
and 0.04201680672268908 0.8571428571428571 0.03601440576230492
deeper 0.01680672268907563 0.01020408163265306 0.00017149717029669008
a 0.03361344537815126 0.8826530612244898 0.02966901046132739
hidden 0.008403361344537815 0.030612244897959183 0.00025724575544503516
world 0.01680672268907563 0.19387755102040816 0.0032584462356371117
uncharted 0.008403361344537815 0.00510204081632653 4.287429257417252e-05
animalistic 0.008403361344537815 0.00510204081632653 4.287429257417252e-05
tendencies 0.008403361344537815 0.01020408163265306 8.574858514834504e-05
an 0.008403361344537815 0.3622448979591837 0.0030440747727662493
unprecedented 0.008403361344537815 0.00510204081632653 4.287429257417252e-05
and 0.04201680672268908 0.8571428571428571 0.03601440576230492
equally 0.008403361344537815 0.01020408163265306 8.574858514834504e-05
morbid 0.008403361344537815 0.00510204081632653 4.287429257417252e-05
craving 0.008403361344537815 0.00510204081632653 4.287429257417252e-05
for 0.01680672268907563 0.3877551020408163 0.0065168924712742235
meat 0.008403361344537815 0.01020408163265306 8.574858514834504e-05
will 0.01680672268907563 0.1989795918367347 0.003344194820785457
transform 0.008403361344537815 0.015306122448979591 0.00012862287772251758
her 0.025210084033613446 0.2755102040816326 0.006945635397015949
something 0.008403361344537815 0.025510204081632654 0.00021437146287086264
she 0.025210084033613446 0.19387755102040816 0.004887669353455668
would 0.008403361344537815 0.030612244897959183 0.00025724575544503516
never 0.008403361344537815 0.03571428571428571 0.00030012004801920766
expected 0.008403361344537815 0.00510204081632653 4.287429257417252e-05
however 0.008403361344537815 0.04081632653061224 0.00034299434059338016
now 0.008403361344537815 0.07653061224489796 0.0006431143886125878
that 0.008403361344537815 0.40816326530612246 0.003429943405933802
justine 0.03361344537815126 0.00510204081632653 0.00017149717029669008
corporeal 0.008403361344537815 0.00510204081632653 4.287429257417252e-05
awakening 0.008403361344537815 0.00510204081632653 4.287429257417252e-05
is 0.01680672268907563 0.5663265306122449 0.0095180929514663
finally 0.008403361344537815 0.03571428571428571 0.00030012004801920766
complete 0.008403361344537815 0.00510204081632653 4.287429257417252e-05
is 0.01680672268907563 0.5663265306122449 0.0095180929514663
there 0.008403361344537815 0.08163265306122448 0.0006859886811867603
a 0.03361344537815126 0.8826530612244898 0.02966901046132739
point 0.008403361344537815 0.01020408163265306 8.574858514834504e-05
in 0.008403361344537815 0.7346938775510204 0.0061738981306808435
denying 0.008403361344537815 0.00510204081632653 4.287429257417252e-05
her 0.025210084033613446 0.2755102040816326 0.006945635397015949
hunger 0.008403361344537815 0.01020408163265306 8.574858514834504e-05
for 0.01680672268907563 0.3877551020408163 0.0065168924712742235
raw 0.008403361344537815 0.01020408163265306 8.574858514834504e-05
flesh 0.008403361344537815 0.015306122448979591 0.00012862287772251758
riganas 0.008403361344537815 0.02040816326530612 0.00017149717029669008
