at 0.017241379310344827 0.23469387755102042 0.004046446164672765
the 0.06896551724137931 0.9540816326530612 0.06579873328641801
height 0.017241379310344827 0.00510204081632653 8.796622097114707e-05
the 0.06896551724137931 0.9540816326530612 0.06579873328641801
cold 0.017241379310344827 0.025510204081632654 0.0004398311048557354
war 0.017241379310344827 0.05612244897959184 0.0009676284306826178
a 0.05172413793103448 0.8826530612244898 0.04565446868402533
soviet 0.017241379310344827 0.030612244897959183 0.0005277973258268825
spacecraft 0.017241379310344827 0.01020408163265306 0.00017593244194229413
crash 0.017241379310344827 0.01020408163265306 0.00017593244194229413
lands 0.017241379310344827 0.015306122448979591 0.00026389866291344125
after 0.034482758620689655 0.1989795918367347 0.006861365235749472
a 0.05172413793103448 0.8826530612244898 0.04565446868402533
mission 0.017241379310344827 0.07142857142857142 0.0012315270935960591
gone 0.017241379310344827 0.015306122448979591 0.00026389866291344125
awry 0.017241379310344827 0.01020408163265306 0.00017593244194229413
leaving 0.017241379310344827 0.01020408163265306 0.00017593244194229413
the 0.06896551724137931 0.9540816326530612 0.06579873328641801
commander 0.034482758620689655 0.015306122448979591 0.0005277973258268825
as 0.017241379310344827 0.3469387755102041 0.005981703026038001
survivor 0.017241379310344827 0.015306122448979591 0.00026389866291344125
after 0.034482758620689655 0.1989795918367347 0.006861365235749472
a 0.05172413793103448 0.8826530612244898 0.04565446868402533
renowned 0.017241379310344827 0.01020408163265306 0.00017593244194229413
russian 0.017241379310344827 0.04081632653061224 0.0007037297677691765
psychologist 0.017241379310344827 0.00510204081632653 8.796622097114707e-05
is 0.017241379310344827 0.5663265306122449 0.009764250527797325
brought 0.017241379310344827 0.015306122448979591 0.00026389866291344125
in 0.017241379310344827 0.7346938775510204 0.012667135819845179
to 0.034482758620689655 0.7806122448979592 0.026917663617171007
evaluate 0.017241379310344827 0.00510204081632653 8.796622097114707e-05
the 0.06896551724137931 0.9540816326530612 0.06579873328641801
commander 0.034482758620689655 0.015306122448979591 0.0005277973258268825
mental 0.017241379310344827 0.01020408163265306 0.00017593244194229413
state 0.017241379310344827 0.015306122448979591 0.00026389866291344125
it 0.017241379310344827 0.2193877551020408 0.0037825475017593244
becomes 0.017241379310344827 0.07142857142857142 0.0012315270935960591
clear 0.017241379310344827 0.015306122448979591 0.00026389866291344125
that 0.017241379310344827 0.40816326530612246 0.007037297677691766
something 0.017241379310344827 0.025510204081632654 0.0004398311048557354
dangerous 0.017241379310344827 0.04591836734693878 0.0007916959887403237
may 0.017241379310344827 0.015306122448979591 0.00026389866291344125
come 0.017241379310344827 0.025510204081632654 0.0004398311048557354
back 0.017241379310344827 0.08673469387755102 0.0014954257565095003
to 0.034482758620689655 0.7806122448979592 0.026917663617171007
earth 0.017241379310344827 0.05102040816326531 0.0008796622097114708
with 0.017241379310344827 0.4387755102040816 0.007565095003518649
