an 0.005917159763313609 0.3622448979591837 0.002143460934669726
unseen 0.01775147928994083 0.00510204081632653 9.05687718874532e-05
man 0.029585798816568046 0.12755102040816327 0.0037736988286438834
regains 0.005917159763313609 0.00510204081632653 3.0189590629151064e-05
consciousness 0.005917159763313609 0.00510204081632653 3.0189590629151064e-05
not 0.005917159763313609 0.14795918367346939 0.000875498128245381
knowing 0.005917159763313609 0.025510204081632654 0.00015094795314575535
who 0.01775147928994083 0.39285714285714285 0.006973795435333897
or 0.01775147928994083 0.09183673469387756 0.0016302378939741578
where 0.005917159763313609 0.11224489795918367 0.0006641709938413235
he 0.01775147928994083 0.34183673469387754 0.006068107716459365
is 0.023668639053254437 0.5663265306122449 0.013404178239343074
no 0.005917159763313609 0.07142857142857142 0.00042265426880811494
one 0.005917159763313609 0.18877551020408162 0.0011170148532785894
seems 0.005917159763313609 0.04591836734693878 0.0002717063156623596
to 0.023668639053254437 0.7806122448979592 0.018476029465040456
able 0.005917159763313609 0.030612244897959183 0.0001811375437749064
to 0.023668639053254437 0.7806122448979592 0.018476029465040456
see 0.005917159763313609 0.04081632653061224 0.00024151672503320852
except 0.005917159763313609 0.03571428571428571 0.00021132713440405747
the 0.08284023668639054 0.9540816326530612 0.0790363482671175
mysterious 0.005917159763313609 0.08673469387755102 0.0005132230406955682
man 0.029585798816568046 0.12755102040816327 0.0037736988286438834
dressed 0.005917159763313609 0.00510204081632653 3.0189590629151064e-05
in 0.023668639053254437 0.7346938775510204 0.017389204202391016
black 0.005917159763313609 0.01020408163265306 6.037918125830213e-05
he 0.01775147928994083 0.34183673469387754 0.006068107716459365
eventually 0.005917159763313609 0.025510204081632654 0.00015094795314575535
learns 0.005917159763313609 0.04081632653061224 0.00024151672503320852
through 0.023668639053254437 0.08163265306122448 0.0019321338002656681
their 0.005917159763313609 0.3520408163265306 0.0020830817534114236
discussions 0.005917159763313609 0.00510204081632653 3.0189590629151064e-05
that 0.01775147928994083 0.40816326530612246 0.007245501750996257
this 0.011834319526627219 0.17346938775510204 0.0020528921627822726
man 0.029585798816568046 0.12755102040816327 0.0037736988286438834
is 0.023668639053254437 0.5663265306122449 0.013404178239343074
a 0.01775147928994083 0.8826530612244898 0.015668397536529405
century 0.005917159763313609 0.03571428571428571 0.00021132713440405747
french 0.005917159763313609 0.03571428571428571 0.00021132713440405747
aristocrat 0.005917159763313609 0.00510204081632653 3.0189590629151064e-05
who 0.01775147928994083 0.39285714285714285 0.006973795435333897
he 0.01775147928994083 0.34183673469387754 0.006068107716459365
coins 0.005917159763313609 0.01020408163265306 6.037918125830213e-05
the 0.08284023668639054 0.9540816326530612 0.0790363482671175
european 0.01775147928994083 0.01020408163265306 0.0001811375437749064
this 0.011834319526627219 0.17346938775510204 0.0020528921627822726
turn 0.005917159763313609 0.025510204081632654 0.00015094795314575535
events 0.011834319526627219 0.05102040816326531 0.0006037918125830214
is 0.023668639053254437 0.5663265306122449 0.013404178239343074
unusual 0.005917159763313609 0.01020408163265306 6.037918125830213e-05
as 0.011834319526627219 0.3469387755102041 0.004105784325564545
the 0.08284023668639054 0.9540816326530612 0.0790363482671175
unseen 0.01775147928994083 0.00510204081632653 9.05687718874532e-05
man 0.029585798816568046 0.12755102040816327 0.0037736988286438834
a 0.01775147928994083 0.8826530612244898 0.015668397536529405
knowledge 0.011834319526627219 0.01020408163265306 0.00012075836251660426
the 0.08284023668639054 0.9540816326530612 0.0790363482671175
present 0.005917159763313609 0.015306122448979591 9.05687718874532e-05
day 0.005917159763313609 0.09183673469387756 0.0005434126313247192
the 0.08284023668639054 0.9540816326530612 0.0790363482671175
two 0.011834319526627219 0.12755102040816327 0.0015094795314575535
quickly 0.005917159763313609 0.02040816326530612 0.00012075836251660426
learn 0.005917159763313609 0.02040816326530612 0.00012075836251660426
that 0.01775147928994083 0.40816326530612246 0.007245501750996257
they 0.011834319526627219 0.28061224489795916 0.003320854969206617
in 0.023668639053254437 0.7346938775510204 0.017389204202391016
the 0.08284023668639054 0.9540816326530612 0.0790363482671175
winter 0.005917159763313609 0.01020408163265306 6.037918125830213e-05
palace 0.01775147928994083 0.015306122448979591 0.0002717063156623596
the 0.08284023668639054 0.9540816326530612 0.0790363482671175
hermitage 0.005917159763313609 0.00510204081632653 3.0189590629151064e-05
in 0.023668639053254437 0.7346938775510204 0.017389204202391016
petersburg 0.005917159763313609 0.02040816326530612 0.00012075836251660426
the 0.08284023668639054 0.9540816326530612 0.0790363482671175
european 0.01775147928994083 0.01020408163265306 0.0001811375437749064
who 0.01775147928994083 0.39285714285714285 0.006973795435333897
a 0.01775147928994083 0.8826530612244898 0.015668397536529405
comprehensive 0.005917159763313609 0.00510204081632653 3.0189590629151064e-05
knowledge 0.011834319526627219 0.01020408163265306 0.00012075836251660426
russian 0.011834319526627219 0.04081632653061224 0.00048303345006641703
history 0.011834319526627219 0.03571428571428571 0.00042265426880811494
to 0.023668639053254437 0.7806122448979592 0.018476029465040456
his 0.011834319526627219 0.44387755102040816 0.0052529887694722855
time 0.005917159763313609 0.14795918367346939 0.000875498128245381
as 0.011834319526627219 0.3469387755102041 0.004105784325564545
the 0.08284023668639054 0.9540816326530612 0.0790363482671175
two 0.011834319526627219 0.12755102040816327 0.0015094795314575535
travel 0.005917159763313609 0.015306122448979591 9.05687718874532e-05
through 0.023668639053254437 0.08163265306122448 0.0019321338002656681
the 0.08284023668639054 0.9540816326530612 0.0790363482671175
palace 0.01775147928994083 0.015306122448979591 0.0002717063156623596
and 0.005917159763313609 0.8571428571428571 0.005071851225697379
grounds 0.005917159763313609 0.00510204081632653 3.0189590629151064e-05
they 0.011834319526627219 0.28061224489795916 0.003320854969206617
interact 0.005917159763313609 0.00510204081632653 3.0189590629151064e-05
with 0.011834319526627219 0.4387755102040816 0.0051926095882139835
people 0.005917159763313609 0.11734693877551021 0.0006943605844704746
from 0.005917159763313609 0.3520408163265306 0.0020830817534114236
various 0.005917159763313609 0.025510204081632654 0.00015094795314575535
eras 0.005917159763313609 0.00510204081632653 3.0189590629151064e-05
russian 0.011834319526627219 0.04081632653061224 0.00048303345006641703
history 0.011834319526627219 0.03571428571428571 0.00042265426880811494
either 0.005917159763313609 0.01020408163265306 6.037918125830213e-05
through 0.023668639053254437 0.08163265306122448 0.0019321338002656681
events 0.011834319526627219 0.05102040816326531 0.0006037918125830214
that 0.01775147928994083 0.40816326530612246 0.007245501750996257
happened 0.005917159763313609 0.01020408163265306 6.037918125830213e-05
at 0.005917159763313609 0.23469387755102042 0.0013887211689409492
the 0.08284023668639054 0.9540816326530612 0.0790363482671175
palace 0.01775147928994083 0.015306122448979591 0.0002717063156623596
or 0.01775147928994083 0.09183673469387756 0.0016302378939741578
through 0.023668639053254437 0.08163265306122448 0.0019321338002656681
the 0.08284023668639054 0.9540816326530612 0.0790363482671175
viewing 0.005917159763313609 0.00510204081632653 3.0189590629151064e-05
artifacts 0.005917159763313609 0.00510204081632653 3.0189590629151064e-05
housed 0.005917159763313609 0.00510204081632653 3.0189590629151064e-05
in 0.023668639053254437 0.7346938775510204 0.017389204202391016
the 0.08284023668639054 0.9540816326530612 0.0790363482671175
museum 0.005917159763313609 0.00510204081632653 3.0189590629151064e-05
ultimately 0.005917159763313609 0.025510204081632654 0.00015094795314575535
the 0.08284023668639054 0.9540816326530612 0.0790363482671175
unseen 0.01775147928994083 0.00510204081632653 9.05687718874532e-05
man 0.029585798816568046 0.12755102040816327 0.0037736988286438834
desired 0.005917159763313609 0.00510204081632653 3.0189590629151064e-05
journey 0.005917159763313609 0.08163265306122448 0.00048303345006641703
is 0.023668639053254437 0.5663265306122449 0.013404178239343074
to 0.023668639053254437 0.7806122448979592 0.018476029465040456
move 0.005917159763313609 0.025510204081632654 0.00015094795314575535
forward 0.005917159763313609 0.00510204081632653 3.0189590629151064e-05
with 0.011834319526627219 0.4387755102040816 0.0051926095882139835
or 0.01775147928994083 0.09183673469387756 0.0016302378939741578
without 0.005917159763313609 0.04081632653061224 0.00024151672503320852
his 0.011834319526627219 0.44387755102040816 0.0052529887694722855
european 0.01775147928994083 0.01020408163265306 0.0001811375437749064
companion 0.005917159763313609 0.00510204081632653 3.0189590629151064e-05
