in 0.015151515151515152 0.7346938775510204 0.011131725417439705
the 0.045454545454545456 0.9540816326530612 0.04336734693877551
century 0.007575757575757576 0.03571428571428571 0.00027056277056277056
space 0.007575757575757576 0.02040816326530612 0.0001546072974644403
station 0.007575757575757576 0.025510204081632654 0.0001932591218305504
alpha 0.015151515151515152 0.00510204081632653 7.730364873222015e-05
is 0.022727272727272728 0.5663265306122449 0.012871057513914657
a 0.03787878787878788 0.8826530612244898 0.03343382807668522
city 0.007575757575757576 0.09183673469387756 0.0006957328385899815
where 0.007575757575757576 0.11224489795918367 0.0008503401360544217
beings 0.007575757575757576 0.00510204081632653 3.8651824366110076e-05
from 0.007575757575757576 0.3520408163265306 0.0026669758812615956
different 0.007575757575757576 0.03571428571428571 0.00027056277056277056
planets 0.007575757575757576 0.00510204081632653 3.8651824366110076e-05
live 0.007575757575757576 0.05612244897959184 0.00042517006802721087
together 0.007575757575757576 0.05612244897959184 0.00042517006802721087
exchanging 0.007575757575757576 0.00510204081632653 3.8651824366110076e-05
their 0.007575757575757576 0.3520408163265306 0.0026669758812615956
knowledge 0.007575757575757576 0.01020408163265306 7.730364873222015e-05
and 0.045454545454545456 0.8571428571428571 0.03896103896103896
culture 0.007575757575757576 0.00510204081632653 3.8651824366110076e-05
peace 0.007575757575757576 0.015306122448979591 0.00011595547309833024
is 0.022727272727272728 0.5663265306122449 0.012871057513914657
granted 0.007575757575757576 0.00510204081632653 3.8651824366110076e-05
by 0.015151515151515152 0.33163265306122447 0.00502473716759431
a 0.03787878787878788 0.8826530612244898 0.03343382807668522
human 0.007575757575757576 0.05612244897959184 0.00042517006802721087
force 0.007575757575757576 0.025510204081632654 0.0001932591218305504
including 0.007575757575757576 0.025510204081632654 0.0001932591218305504
major 0.007575757575757576 0.04081632653061224 0.0003092145949288806
valerian 0.015151515151515152 0.00510204081632653 7.730364873222015e-05
dane 0.007575757575757576 0.00510204081632653 3.8651824366110076e-05
dehaan 0.007575757575757576 0.00510204081632653 3.8651824366110076e-05
and 0.045454545454545456 0.8571428571428571 0.03896103896103896
his 0.007575757575757576 0.44387755102040816 0.003362708719851577
partner 0.007575757575757576 0.01020408163265306 7.730364873222015e-05
sergeant 0.007575757575757576 0.01020408163265306 7.730364873222015e-05
laureline 0.015151515151515152 0.00510204081632653 7.730364873222015e-05
cara 0.007575757575757576 0.00510204081632653 3.8651824366110076e-05
delevingne 0.007575757575757576 0.00510204081632653 3.8651824366110076e-05
they 0.022727272727272728 0.28061224489795916 0.0063775510204081625
assigned 0.007575757575757576 0.01020408163265306 7.730364873222015e-05
by 0.015151515151515152 0.33163265306122447 0.00502473716759431
the 0.045454545454545456 0.9540816326530612 0.04336734693877551
defense 0.007575757575757576 0.00510204081632653 3.8651824366110076e-05
minister 0.007575757575757576 0.015306122448979591 0.00011595547309833024
herbie 0.007575757575757576 0.00510204081632653 3.8651824366110076e-05
hancock 0.007575757575757576 0.00510204081632653 3.8651824366110076e-05
to 0.030303030303030304 0.7806122448979592 0.023654916512059372
retrieve 0.007575757575757576 0.01020408163265306 7.730364873222015e-05
the 0.045454545454545456 0.9540816326530612 0.04336734693877551
last 0.007575757575757576 0.04591836734693878 0.00034786641929499077
species 0.007575757575757576 0.00510204081632653 3.8651824366110076e-05
converter 0.015151515151515152 0.00510204081632653 7.730364873222015e-05
in 0.015151515151515152 0.7346938775510204 0.011131725417439705
a 0.03787878787878788 0.8826530612244898 0.03343382807668522
dangerous 0.007575757575757576 0.04591836734693878 0.00034786641929499077
mission 0.007575757575757576 0.07142857142857142 0.0005411255411255411
they 0.022727272727272728 0.28061224489795916 0.0063775510204081625
succeed 0.007575757575757576 0.00510204081632653 3.8651824366110076e-05
and 0.045454545454545456 0.8571428571428571 0.03896103896103896
back 0.007575757575757576 0.08673469387755102 0.0006570810142238713
to 0.030303030303030304 0.7806122448979592 0.023654916512059372
alpha 0.015151515151515152 0.00510204081632653 7.730364873222015e-05
unknown 0.007575757575757576 0.02040816326530612 0.0001546072974644403
humanoids 0.007575757575757576 0.00510204081632653 3.8651824366110076e-05
abduct 0.007575757575757576 0.00510204081632653 3.8651824366110076e-05
commander 0.007575757575757576 0.015306122448979591 0.00011595547309833024
arun 0.007575757575757576 0.015306122448979591 0.00011595547309833024
filitt 0.007575757575757576 0.00510204081632653 3.8651824366110076e-05
clive 0.007575757575757576 0.00510204081632653 3.8651824366110076e-05
owen 0.007575757575757576 0.00510204081632653 3.8651824366110076e-05
expecting 0.007575757575757576 0.00510204081632653 3.8651824366110076e-05
to 0.030303030303030304 0.7806122448979592 0.023654916512059372
steal 0.007575757575757576 0.00510204081632653 3.8651824366110076e-05
the 0.045454545454545456 0.9540816326530612 0.04336734693877551
converter 0.015151515151515152 0.00510204081632653 7.730364873222015e-05
they 0.022727272727272728 0.28061224489795916 0.0063775510204081625
head 0.007575757575757576 0.015306122448979591 0.00011595547309833024
to 0.030303030303030304 0.7806122448979592 0.023654916512059372
a 0.03787878787878788 0.8826530612244898 0.03343382807668522
forbidden 0.007575757575757576 0.01020408163265306 7.730364873222015e-05
area 0.015151515151515152 0.025510204081632654 0.0003865182436611008
that 0.007575757575757576 0.40816326530612246 0.0030921459492888066
is 0.022727272727272728 0.5663265306122449 0.012871057513914657
infected 0.015151515151515152 0.01020408163265306 0.0001546072974644403
but 0.007575757575757576 0.3112244897959184 0.0023577612863327152
valerian 0.015151515151515152 0.00510204081632653 7.730364873222015e-05
and 0.045454545454545456 0.8571428571428571 0.03896103896103896
laureline 0.015151515151515152 0.00510204081632653 7.730364873222015e-05
follow 0.007575757575757576 0.015306122448979591 0.00011595547309833024
and 0.045454545454545456 0.8571428571428571 0.03896103896103896
disclose 0.007575757575757576 0.01020408163265306 7.730364873222015e-05
a 0.03787878787878788 0.8826530612244898 0.03343382807668522
hidden 0.007575757575757576 0.030612244897959183 0.00023191094619666049
secret 0.007575757575757576 0.061224489795918366 0.00046382189239332097
the 0.045454545454545456 0.9540816326530612 0.04336734693877551
race 0.007575757575757576 0.03571428571428571 0.00027056277056277056
and 0.045454545454545456 0.8571428571428571 0.03896103896103896
the 0.045454545454545456 0.9540816326530612 0.04336734693877551
infected 0.015151515151515152 0.01020408163265306 0.0001546072974644403
area 0.015151515151515152 0.025510204081632654 0.0003865182436611008
carvalho 0.007575757575757576 0.02040816326530612 0.0001546072974644403
rio 0.007575757575757576 0.025510204081632654 0.0001932591218305504
de 0.007575757575757576 0.025510204081632654 0.0001932591218305504
janeiro 0.007575757575757576 0.02040816326530612 0.0001546072974644403
brazil 0.007575757575757576 0.02040816326530612 0.0001546072974644403
