paridhi 0.043478260869565216 0.00510204081632653 0.00022182786157941436
an 0.043478260869565216 0.3622448979591837 0.01574977817213842
honest 0.043478260869565216 0.00510204081632653 0.00022182786157941436
cop 0.043478260869565216 0.03571428571428571 0.0015527950310559005
must 0.043478260869565216 0.07653061224489796 0.0033274179236912156
race 0.043478260869565216 0.03571428571428571 0.0015527950310559005
time 0.043478260869565216 0.14795918367346939 0.006433007985803017
to 0.043478260869565216 0.7806122448979592 0.0339396628216504
solve 0.043478260869565216 0.01020408163265306 0.0004436557231588287
a 0.043478260869565216 0.8826530612244898 0.03837622005323869
mysterious 0.043478260869565216 0.08673469387755102 0.0037710736468500442
crime 0.043478260869565216 0.030612244897959183 0.0013309671694764862
case 0.043478260869565216 0.030612244897959183 0.0013309671694764862
that 0.043478260869565216 0.40816326530612246 0.01774622892635315
baffled 0.043478260869565216 0.00510204081632653 0.00022182786157941436
the 0.043478260869565216 0.9540816326530612 0.04148181011535049
police 0.043478260869565216 0.08163265306122448 0.0035492457852706297
department 0.043478260869565216 0.00510204081632653 0.00022182786157941436
