nato 0.018518518518518517 0.00510204081632653 9.448223733938019e-05
bombs 0.018518518518518517 0.00510204081632653 9.448223733938019e-05
belgrad 0.018518518518518517 0.00510204081632653 9.448223733938019e-05
march 0.018518518518518517 0.01020408163265306 0.00018896447467876037
and 0.05555555555555555 0.8571428571428571 0.047619047619047616
the 0.037037037037037035 0.9540816326530612 0.03533635676492819
serb 0.018518518518518517 0.00510204081632653 9.448223733938019e-05
army 0.018518518518518517 0.025510204081632654 0.00047241118669690094
pulls 0.018518518518518517 0.00510204081632653 9.448223733938019e-05
out 0.018518518518518517 0.18877551020408162 0.0034958427815570668
kosovo 0.05555555555555555 0.00510204081632653 0.00028344671201814054
june 0.018518518518518517 0.01020408163265306 0.00018896447467876037
this 0.018518518518518517 0.17346938775510204 0.0032123960695389264
leaves 0.018518518518518517 0.030612244897959183 0.0005668934240362811
the 0.037037037037037035 0.9540816326530612 0.03533635676492819
serbian 0.018518518518518517 0.00510204081632653 9.448223733938019e-05
minority 0.018518518518518517 0.00510204081632653 9.448223733938019e-05
in 0.018518518518518517 0.7346938775510204 0.013605442176870748
kosovo 0.05555555555555555 0.00510204081632653 0.00028344671201814054
unprotected 0.018518518518518517 0.00510204081632653 9.448223733938019e-05
from 0.037037037037037035 0.3520408163265306 0.013038548752834467
plundering 0.018518518518518517 0.00510204081632653 9.448223733938019e-05
raping 0.018518518518518517 0.00510204081632653 9.448223733938019e-05
and 0.05555555555555555 0.8571428571428571 0.047619047619047616
murdering 0.018518518518518517 0.015306122448979591 0.00028344671201814054
bandits 0.037037037037037035 0.00510204081632653 0.00018896447467876037
targeting 0.018518518518518517 0.00510204081632653 9.448223733938019e-05
serbs 0.018518518518518517 0.00510204081632653 9.448223733938019e-05
russians 0.018518518518518517 0.01020408163265306 0.00018896447467876037
to 0.018518518518518517 0.7806122448979592 0.01445578231292517
take 0.018518518518518517 0.09183673469387756 0.0017006802721088435
kosovo 0.05555555555555555 0.00510204081632653 0.00028344671201814054
airport 0.018518518518518517 0.00510204081632653 9.448223733938019e-05
from 0.037037037037037035 0.3520408163265306 0.013038548752834467
such 0.018518518518518517 0.025510204081632654 0.00047241118669690094
bandits 0.037037037037037035 0.00510204081632653 0.00018896447467876037
and 0.05555555555555555 0.8571428571428571 0.047619047619047616
hold 0.018518518518518517 0.01020408163265306 0.00018896447467876037
it 0.018518518518518517 0.2193877551020408 0.004062736205593348
russian 0.018518518518518517 0.04081632653061224 0.0007558578987150415
peacekeepers 0.018518518518518517 0.00510204081632653 9.448223733938019e-05
arrive 0.018518518518518517 0.02040816326530612 0.00037792894935752074
filtenborg 0.018518518518518517 0.00510204081632653 9.448223733938019e-05
