rebecca 0.014492753623188406 0.00510204081632653 7.394262052647145e-05
pearson 0.00966183574879227 0.00510204081632653 4.929508035098096e-05
once 0.004830917874396135 0.061224489795918366 0.0002957704821058858
a 0.004830917874396135 0.8826530612244898 0.004264024450359854
difficult 0.004830917874396135 0.02040816326530612 9.859016070196193e-05
pregnancy 0.004830917874396135 0.01020408163265306 4.929508035098096e-05
with 0.004830917874396135 0.4387755102040816 0.0021196884550921816
triplets 0.004830917874396135 0.00510204081632653 2.464754017549048e-05
the 0.07246376811594203 0.9540816326530612 0.06913635019225081
resulting 0.00966183574879227 0.00510204081632653 4.929508035098096e-05
births 0.004830917874396135 0.00510204081632653 2.464754017549048e-05
occurred 0.004830917874396135 0.00510204081632653 2.464754017549048e-05
on 0.004830917874396135 0.3520408163265306 0.0017006802721088435
the 0.07246376811594203 0.9540816326530612 0.06913635019225081
day 0.004830917874396135 0.09183673469387756 0.00044365572315882877
as 0.004830917874396135 0.3469387755102041 0.001676032731933353
her 0.00966183574879227 0.2755102040816326 0.002661934338952972
husband 0.004830917874396135 0.03571428571428571 0.00017253278122843338
jack 0.014492753623188406 0.015306122448979591 0.00022182786157941438
pearson 0.00966183574879227 0.00510204081632653 4.929508035098096e-05
birthday 0.00966183574879227 0.00510204081632653 4.929508035098096e-05
the 0.07246376811594203 0.9540816326530612 0.06913635019225081
lives 0.004830917874396135 0.12244897959183673 0.0005915409642117716
rebecca 0.014492753623188406 0.00510204081632653 7.394262052647145e-05
jack 0.014492753623188406 0.015306122448979591 0.00022182786157941438
and 0.028985507246376812 0.8571428571428571 0.024844720496894408
their 0.014492753623188406 0.3520408163265306 0.005102040816326531
three 0.00966183574879227 0.030612244897959183 0.0002957704821058858
offspring 0.004830917874396135 0.00510204081632653 2.464754017549048e-05
kevin 0.014492753623188406 0.00510204081632653 7.394262052647145e-05
kate 0.014492753623188406 0.01020408163265306 0.0001478852410529429
and 0.028985507246376812 0.8571428571428571 0.024844720496894408
randall 0.014492753623188406 0.01020408163265306 0.0001478852410529429
presented 0.00966183574879227 0.01020408163265306 9.859016070196193e-05
at 0.00966183574879227 0.23469387755102042 0.0022675736961451248
different 0.00966183574879227 0.03571428571428571 0.00034506556245686676
points 0.004830917874396135 0.00510204081632653 2.464754017549048e-05
in 0.00966183574879227 0.7346938775510204 0.00709849157054126
time 0.004830917874396135 0.14795918367346939 0.000714778665089224
the 0.07246376811594203 0.9540816326530612 0.06913635019225081
rebecca 0.014492753623188406 0.00510204081632653 7.394262052647145e-05
and 0.028985507246376812 0.8571428571428571 0.024844720496894408
jack 0.014492753623188406 0.015306122448979591 0.00022182786157941438
stories 0.014492753623188406 0.00510204081632653 7.394262052647145e-05
generally 0.00966183574879227 0.00510204081632653 4.929508035098096e-05
take 0.004830917874396135 0.09183673469387756 0.00044365572315882877
place 0.004830917874396135 0.05612244897959184 0.00027112294193039533
during 0.004830917874396135 0.04591836734693878 0.00022182786157941438
the 0.07246376811594203 0.9540816326530612 0.06913635019225081
early 0.004830917874396135 0.030612244897959183 0.0001478852410529429
stage 0.004830917874396135 0.025510204081632654 0.00012323770087745243
their 0.014492753623188406 0.3520408163265306 0.005102040816326531
marriage 0.004830917874396135 0.02040816326530612 9.859016070196193e-05
surrounding 0.004830917874396135 0.025510204081632654 0.00012323770087745243
the 0.07246376811594203 0.9540816326530612 0.06913635019225081
birth 0.004830917874396135 0.025510204081632654 0.00012323770087745243
the 0.07246376811594203 0.9540816326530612 0.06913635019225081
three 0.00966183574879227 0.030612244897959183 0.0002957704821058858
children 0.00966183574879227 0.025510204081632654 0.00024647540175490486
or 0.00966183574879227 0.09183673469387756 0.0008873114463176575
at 0.00966183574879227 0.23469387755102042 0.0022675736961451248
different 0.00966183574879227 0.03571428571428571 0.00034506556245686676
phases 0.004830917874396135 0.01020408163265306 4.929508035098096e-05
the 0.07246376811594203 0.9540816326530612 0.06913635019225081
children 0.00966183574879227 0.025510204081632654 0.00024647540175490486
upbringing 0.00966183574879227 0.00510204081632653 4.929508035098096e-05
not 0.00966183574879227 0.14795918367346939 0.001429557330178448
always 0.014492753623188406 0.02040816326530612 0.0002957704821058858
smooth 0.004830917874396135 0.00510204081632653 2.464754017549048e-05
sailing 0.004830917874396135 0.00510204081632653 2.464754017549048e-05
for 0.004830917874396135 0.3877551020408163 0.0018732130533372767
the 0.07246376811594203 0.9540816326530612 0.06913635019225081
five 0.004830917874396135 0.030612244897959183 0.0001478852410529429
separate 0.004830917874396135 0.01020408163265306 4.929508035098096e-05
stories 0.014492753623188406 0.00510204081632653 7.394262052647145e-05
concerning 0.004830917874396135 0.00510204081632653 2.464754017549048e-05
kevin 0.014492753623188406 0.00510204081632653 7.394262052647145e-05
kate 0.014492753623188406 0.01020408163265306 0.0001478852410529429
and 0.028985507246376812 0.8571428571428571 0.024844720496894408
randall 0.014492753623188406 0.01020408163265306 0.0001478852410529429
also 0.00966183574879227 0.09183673469387756 0.0008873114463176575
presented 0.00966183574879227 0.01020408163265306 9.859016070196193e-05
in 0.00966183574879227 0.7346938775510204 0.00709849157054126
their 0.014492753623188406 0.3520408163265306 0.005102040816326531
adult 0.004830917874396135 0.00510204081632653 2.464754017549048e-05
years 0.004830917874396135 0.12244897959183673 0.0005915409642117716
who 0.014492753623188406 0.39285714285714285 0.005693581780538302
his 0.004830917874396135 0.44387755102040816 0.0021443359952676723
or 0.00966183574879227 0.09183673469387756 0.0008873114463176575
her 0.00966183574879227 0.2755102040816326 0.002661934338952972
baggage 0.004830917874396135 0.00510204081632653 2.464754017549048e-05
resulting 0.00966183574879227 0.00510204081632653 4.929508035098096e-05
from 0.004830917874396135 0.3520408163265306 0.0017006802721088435
that 0.00966183574879227 0.40816326530612246 0.003943606428078478
upbringing 0.00966183574879227 0.00510204081632653 4.929508035098096e-05
kevin 0.014492753623188406 0.00510204081632653 7.394262052647145e-05
who 0.014492753623188406 0.39285714285714285 0.005693581780538302
generally 0.00966183574879227 0.00510204081632653 4.929508035098096e-05
the 0.07246376811594203 0.9540816326530612 0.06913635019225081
neglected 0.004830917874396135 0.01020408163265306 4.929508035098096e-05
one 0.00966183574879227 0.18877551020408162 0.0018239179729862957
he 0.004830917874396135 0.34183673469387754 0.0016513851917578624
no 0.004830917874396135 0.07142857142857142 0.00034506556245686676
outward 0.004830917874396135 0.00510204081632653 2.464754017549048e-05
issues 0.00966183574879227 0.01020408163265306 9.859016070196193e-05
kate 0.014492753623188406 0.01020408163265306 0.0001478852410529429
who 0.014492753623188406 0.39285714285714285 0.005693581780538302
always 0.014492753623188406 0.02040816326530612 0.0002957704821058858
weight 0.004830917874396135 0.00510204081632653 2.464754017549048e-05
issues 0.00966183574879227 0.01020408163265306 9.859016070196193e-05
randall 0.014492753623188406 0.01020408163265306 0.0001478852410529429
the 0.07246376811594203 0.9540816326530612 0.06913635019225081
gifted 0.004830917874396135 0.01020408163265306 4.929508035098096e-05
one 0.00966183574879227 0.18877551020408162 0.0018239179729862957
being 0.014492753623188406 0.07653061224489796 0.0011091393078970719
the 0.07246376811594203 0.9540816326530612 0.06913635019225081
visible 0.004830917874396135 0.00510204081632653 2.464754017549048e-05
outsider 0.004830917874396135 0.01020408163265306 4.929508035098096e-05
and 0.028985507246376812 0.8571428571428571 0.024844720496894408
being 0.014492753623188406 0.07653061224489796 0.0011091393078970719
the 0.07246376811594203 0.9540816326530612 0.06913635019225081
child 0.004830917874396135 0.04081632653061224 0.00019718032140392385
these 0.004830917874396135 0.05102040816326531 0.00024647540175490486
stories 0.014492753623188406 0.00510204081632653 7.394262052647145e-05
may 0.004830917874396135 0.015306122448979591 7.394262052647145e-05
demonstrate 0.004830917874396135 0.00510204081632653 2.464754017549048e-05
the 0.07246376811594203 0.9540816326530612 0.06913635019225081
emotional 0.004830917874396135 0.03571428571428571 0.00017253278122843338
ties 0.004830917874396135 0.00510204081632653 2.464754017549048e-05
that 0.00966183574879227 0.40816326530612246 0.003943606428078478
exist 0.004830917874396135 0.01020408163265306 4.929508035098096e-05
not 0.00966183574879227 0.14795918367346939 0.001429557330178448
being 0.014492753623188406 0.07653061224489796 0.0011091393078970719
family 0.004830917874396135 0.22448979591836735 0.0010844917677215813
but 0.004830917874396135 0.3112244897959184 0.0015034999507049197
also 0.00966183574879227 0.09183673469387756 0.0008873114463176575
four 0.004830917874396135 0.02040816326530612 9.859016070196193e-05
having 0.00966183574879227 0.04081632653061224 0.0003943606428078477
the 0.07246376811594203 0.9540816326530612 0.06913635019225081
birthday 0.00966183574879227 0.00510204081632653 4.929508035098096e-05
and 0.028985507246376812 0.8571428571428571 0.024844720496894408
having 0.00966183574879227 0.04081632653061224 0.0003943606428078477
always 0.014492753623188406 0.02040816326530612 0.0002957704821058858
together 0.004830917874396135 0.05612244897959184 0.00027112294193039533
meaning 0.004830917874396135 0.01020408163265306 4.929508035098096e-05
since 0.004830917874396135 0.01020408163265306 4.929508035098096e-05
conception 0.004830917874396135 0.00510204081632653 2.464754017549048e-05
