newly 0.009615384615384616 0.00510204081632653 4.905808477237048e-05
discharged 0.009615384615384616 0.00510204081632653 4.905808477237048e-05
from 0.009615384615384616 0.3520408163265306 0.0033850078492935636
the 0.038461538461538464 0.9540816326530612 0.03669544740973313
army 0.009615384615384616 0.025510204081632654 0.00024529042386185247
danila 0.009615384615384616 0.015306122448979591 0.00014717425431711148
goes 0.009615384615384616 0.04591836734693878 0.00044152276295133445
to 0.028846153846153848 0.7806122448979592 0.022517660910518055
his 0.019230769230769232 0.44387755102040816 0.008536106750392465
older 0.009615384615384616 0.00510204081632653 4.905808477237048e-05
brother 0.009615384615384616 0.04081632653061224 0.00039246467817896386
a 0.057692307692307696 0.8826530612244898 0.05092229199372057
gangster 0.009615384615384616 0.02040816326530612 0.00019623233908948193
and 0.038461538461538464 0.8571428571428571 0.03296703296703297
a 0.057692307692307696 0.8826530612244898 0.05092229199372057
killer 0.019230769230769232 0.01020408163265306 0.00019623233908948193
to 0.028846153846153848 0.7806122448979592 0.022517660910518055
start 0.009615384615384616 0.01020408163265306 9.811616954474097e-05
a 0.057692307692307696 0.8826530612244898 0.05092229199372057
new 0.028846153846153848 0.1377551020408163 0.003973704866562009
life 0.019230769230769232 0.20408163265306123 0.0039246467817896395
in 0.019230769230769232 0.7346938775510204 0.014128728414442702
petersburg 0.009615384615384616 0.02040816326530612 0.00019623233908948193
where 0.009615384615384616 0.11224489795918367 0.0010792778649921508
he 0.038461538461538464 0.34183673469387754 0.013147566718995292
soon 0.009615384615384616 0.04081632653061224 0.00039246467817896386
situated 0.009615384615384616 0.00510204081632653 4.905808477237048e-05
in 0.019230769230769232 0.7346938775510204 0.014128728414442702
the 0.038461538461538464 0.9540816326530612 0.03669544740973313
criminal 0.009615384615384616 0.025510204081632654 0.00024529042386185247
world 0.009615384615384616 0.19387755102040816 0.0018642072213500786
and 0.038461538461538464 0.8571428571428571 0.03296703296703297
asked 0.009615384615384616 0.01020408163265306 9.811616954474097e-05
to 0.028846153846153848 0.7806122448979592 0.022517660910518055
kill 0.009615384615384616 0.030612244897959183 0.00029434850863422295
someone 0.009615384615384616 0.01020408163265306 9.811616954474097e-05
there 0.009615384615384616 0.08163265306122448 0.0007849293563579277
his 0.019230769230769232 0.44387755102040816 0.008536106750392465
new 0.028846153846153848 0.1377551020408163 0.003973704866562009
life 0.019230769230769232 0.20408163265306123 0.0039246467817896395
starts 0.009615384615384616 0.05102040816326531 0.0004905808477237049
he 0.038461538461538464 0.34183673469387754 0.013147566718995292
meets 0.009615384615384616 0.05102040816326531 0.0004905808477237049
new 0.028846153846153848 0.1377551020408163 0.003973704866562009
people 0.009615384615384616 0.11734693877551021 0.0011283359497645212
including 0.009615384615384616 0.025510204081632654 0.00024529042386185247
a 0.057692307692307696 0.8826530612244898 0.05092229199372057
girl 0.009615384615384616 0.08673469387755102 0.0008339874411302983
and 0.038461538461538464 0.8571428571428571 0.03296703296703297
becomes 0.009615384615384616 0.07142857142857142 0.0006868131868131869
a 0.057692307692307696 0.8826530612244898 0.05092229199372057
big 0.009615384615384616 0.02040816326530612 0.00019623233908948193
fan 0.009615384615384616 0.00510204081632653 4.905808477237048e-05
the 0.038461538461538464 0.9540816326530612 0.03669544740973313
rock 0.009615384615384616 0.01020408163265306 9.811616954474097e-05
band 0.009615384615384616 0.02040816326530612 0.00019623233908948193
nautilus 0.009615384615384616 0.00510204081632653 4.905808477237048e-05
pompillius 0.009615384615384616 0.00510204081632653 4.905808477237048e-05
but 0.009615384615384616 0.3112244897959184 0.0029925431711145998
now 0.009615384615384616 0.07653061224489796 0.0007358712715855573
he 0.038461538461538464 0.34183673469387754 0.013147566718995292
is 0.028846153846153848 0.5663265306122449 0.016336342229199375
a 0.057692307692307696 0.8826530612244898 0.05092229199372057
killer 0.019230769230769232 0.01020408163265306 0.00019623233908948193
and 0.038461538461538464 0.8571428571428571 0.03296703296703297
realizing 0.009615384615384616 0.00510204081632653 4.905808477237048e-05
killing 0.009615384615384616 0.025510204081632654 0.00024529042386185247
is 0.028846153846153848 0.5663265306122449 0.016336342229199375
easier 0.009615384615384616 0.00510204081632653 4.905808477237048e-05
for 0.009615384615384616 0.3877551020408163 0.003728414442700157
living 0.009615384615384616 0.05612244897959184 0.0005396389324960754
makes 0.009615384615384616 0.015306122448979591 0.00014717425431711148
understand 0.009615384615384616 0.015306122448979591 0.00014717425431711148
he 0.038461538461538464 0.34183673469387754 0.013147566718995292
is 0.028846153846153848 0.5663265306122449 0.016336342229199375
going 0.009615384615384616 0.03571428571428571 0.00034340659340659343
the 0.038461538461538464 0.9540816326530612 0.03669544740973313
wrong 0.009615384615384616 0.015306122448979591 0.00014717425431711148
way 0.009615384615384616 0.03571428571428571 0.00034340659340659343
volovik 0.009615384615384616 0.00510204081632653 4.905808477237048e-05
dimaa 0.009615384615384616 0.00510204081632653 4.905808477237048e-05
