after 0.008547008547008548 0.1989795918367347 0.0017006802721088437
earth 0.008547008547008548 0.05102040816326531 0.0004360718646432933
is 0.008547008547008548 0.5663265306122449 0.0048403976975405555
torn 0.008547008547008548 0.00510204081632653 4.360718646432932e-05
apart 0.008547008547008548 0.01020408163265306 8.721437292865864e-05
by 0.02564102564102564 0.33163265306122447 0.008503401360544217
religious 0.017094017094017096 0.00510204081632653 8.721437292865864e-05
differences 0.008547008547008548 0.00510204081632653 4.360718646432932e-05
and 0.042735042735042736 0.8571428571428571 0.03663003663003663
the 0.05982905982905983 0.9540816326530612 0.05708180708180709
human 0.017094017094017096 0.05612244897959184 0.0009593581022152452
race 0.008547008547008548 0.03571428571428571 0.00030525030525030525
teeters 0.008547008547008548 0.00510204081632653 4.360718646432932e-05
on 0.017094017094017096 0.3520408163265306 0.006017791732077447
the 0.05982905982905983 0.9540816326530612 0.05708180708180709
edge 0.008547008547008548 0.01020408163265306 8.721437292865864e-05
extinction 0.008547008547008548 0.00510204081632653 4.360718646432932e-05
an 0.008547008547008548 0.3622448979591837 0.0030961102389673823
atheistic 0.008547008547008548 0.00510204081632653 4.360718646432932e-05
android 0.008547008547008548 0.00510204081632653 4.360718646432932e-05
architect 0.008547008547008548 0.01020408163265306 8.721437292865864e-05
sends 0.008547008547008548 0.01020408163265306 8.721437292865864e-05
two 0.008547008547008548 0.12755102040816327 0.0010901796616082332
creations 0.008547008547008548 0.00510204081632653 4.360718646432932e-05
mother 0.017094017094017096 0.05612244897959184 0.0009593581022152452
and 0.042735042735042736 0.8571428571428571 0.03663003663003663
father 0.017094017094017096 0.11734693877551021 0.002005930577359149
to 0.02564102564102564 0.7806122448979592 0.020015698587127158
start 0.008547008547008548 0.01020408163265306 8.721437292865864e-05
a 0.02564102564102564 0.8826530612244898 0.02263212977498692
peaceful 0.008547008547008548 0.01020408163265306 8.721437292865864e-05
godless 0.008547008547008548 0.00510204081632653 4.360718646432932e-05
colony 0.008547008547008548 0.00510204081632653 4.360718646432932e-05
on 0.017094017094017096 0.3520408163265306 0.006017791732077447
the 0.05982905982905983 0.9540816326530612 0.05708180708180709
planet 0.008547008547008548 0.01020408163265306 8.721437292865864e-05
from 0.008547008547008548 0.3520408163265306 0.0030088958660387235
executive 0.008547008547008548 0.01020408163265306 8.721437292865864e-05
producer 0.008547008547008548 0.00510204081632653 4.360718646432932e-05
ridley 0.008547008547008548 0.00510204081632653 4.360718646432932e-05
scott 0.008547008547008548 0.01020408163265306 8.721437292865864e-05
raised 0.008547008547008548 0.01020408163265306 8.721437292865864e-05
by 0.02564102564102564 0.33163265306122447 0.008503401360544217
wolves 0.008547008547008548 0.01020408163265306 8.721437292865864e-05
follows 0.008547008547008548 0.0663265306122449 0.0005668934240362813
mother 0.017094017094017096 0.05612244897959184 0.0009593581022152452
and 0.042735042735042736 0.8571428571428571 0.03663003663003663
father 0.017094017094017096 0.11734693877551021 0.002005930577359149
as 0.017094017094017096 0.3469387755102041 0.005930577359148788
they 0.017094017094017096 0.28061224489795916 0.004796790511076225
attempt 0.008547008547008548 0.00510204081632653 4.360718646432932e-05
to 0.02564102564102564 0.7806122448979592 0.020015698587127158
raise 0.008547008547008548 0.01020408163265306 8.721437292865864e-05
human 0.017094017094017096 0.05612244897959184 0.0009593581022152452
children 0.017094017094017096 0.025510204081632654 0.0004360718646432933
in 0.008547008547008548 0.7346938775510204 0.0062794348508634235
this 0.017094017094017096 0.17346938775510204 0.002965288679574394
mysterious 0.008547008547008548 0.08673469387755102 0.0007413221698935985
virgin 0.008547008547008548 0.00510204081632653 4.360718646432932e-05
land 0.008547008547008548 0.030612244897959183 0.00026164311878597594
a 0.02564102564102564 0.8826530612244898 0.02263212977498692
treacherous 0.008547008547008548 0.01020408163265306 8.721437292865864e-05
and 0.042735042735042736 0.8571428571428571 0.03663003663003663
difficult 0.008547008547008548 0.02040816326530612 0.00017442874585731728
task 0.008547008547008548 0.00510204081632653 4.360718646432932e-05
that 0.008547008547008548 0.40816326530612246 0.003488574917146346
jeopardized 0.008547008547008548 0.00510204081632653 4.360718646432932e-05
by 0.02564102564102564 0.33163265306122447 0.008503401360544217
the 0.05982905982905983 0.9540816326530612 0.05708180708180709
arrival 0.008547008547008548 0.01020408163265306 8.721437292865864e-05
the 0.05982905982905983 0.9540816326530612 0.05708180708180709
mithraic 0.008547008547008548 0.00510204081632653 4.360718646432932e-05
a 0.02564102564102564 0.8826530612244898 0.02263212977498692
deeply 0.008547008547008548 0.015306122448979591 0.00013082155939298797
devout 0.008547008547008548 0.015306122448979591 0.00013082155939298797
religious 0.017094017094017096 0.00510204081632653 8.721437292865864e-05
order 0.008547008547008548 0.04081632653061224 0.00034885749171463456
surviving 0.008547008547008548 0.00510204081632653 4.360718646432932e-05
humans 0.008547008547008548 0.025510204081632654 0.00021803593232164664
as 0.017094017094017096 0.3469387755102041 0.005930577359148788
the 0.05982905982905983 0.9540816326530612 0.05708180708180709
androids 0.008547008547008548 0.01020408163265306 8.721437292865864e-05
make 0.008547008547008548 0.061224489795918366 0.0005232862375719519
contact 0.008547008547008548 0.015306122448979591 0.00013082155939298797
with 0.008547008547008548 0.4387755102040816 0.003750218035932322
this 0.017094017094017096 0.17346938775510204 0.002965288679574394
zealous 0.008547008547008548 0.00510204081632653 4.360718646432932e-05
and 0.042735042735042736 0.8571428571428571 0.03663003663003663
dangerous 0.008547008547008548 0.04591836734693878 0.00039246467817896397
people 0.008547008547008548 0.11734693877551021 0.0010029652886795746
they 0.017094017094017096 0.28061224489795916 0.004796790511076225
struggle 0.008547008547008548 0.015306122448979591 0.00013082155939298797
to 0.02564102564102564 0.7806122448979592 0.020015698587127158
control 0.008547008547008548 0.04591836734693878 0.00039246467817896397
the 0.05982905982905983 0.9540816326530612 0.05708180708180709
beliefs 0.008547008547008548 0.01020408163265306 8.721437292865864e-05
their 0.008547008547008548 0.3520408163265306 0.0030088958660387235
fiercely 0.008547008547008548 0.00510204081632653 4.360718646432932e-05
children 0.017094017094017096 0.025510204081632654 0.0004360718646432933
