vikings 0.031746031746031744 0.00510204081632653 0.00016196954972465174
valhalla 0.015873015873015872 0.00510204081632653 8.098477486232587e-05
begins 0.015873015873015872 0.07142857142857142 0.0011337868480725622
in 0.031746031746031744 0.7346938775510204 0.023323615160349854
the 0.09523809523809523 0.9540816326530612 0.09086491739552964
early 0.015873015873015872 0.030612244897959183 0.00048590864917395527
century 0.015873015873015872 0.03571428571428571 0.0005668934240362811
and 0.06349206349206349 0.8571428571428571 0.054421768707482984
chronicles 0.015873015873015872 0.00510204081632653 8.098477486232587e-05
the 0.09523809523809523 0.9540816326530612 0.09086491739552964
legendary 0.015873015873015872 0.025510204081632654 0.0004049238743116294
adventures 0.015873015873015872 0.015306122448979591 0.00024295432458697764
the 0.09523809523809523 0.9540816326530612 0.09086491739552964
most 0.015873015873015872 0.07653061224489796 0.0012147716229348883
famous 0.015873015873015872 0.00510204081632653 8.098477486232587e-05
vikings 0.031746031746031744 0.00510204081632653 0.00016196954972465174
who 0.015873015873015872 0.39285714285714285 0.006235827664399092
ever 0.031746031746031744 0.05102040816326531 0.0016196954972465176
lived 0.015873015873015872 0.01020408163265306 0.00016196954972465174
leif 0.015873015873015872 0.00510204081632653 8.098477486232587e-05
eriksson 0.015873015873015872 0.00510204081632653 8.098477486232587e-05
freydis 0.015873015873015872 0.00510204081632653 8.098477486232587e-05
eriksdotter 0.015873015873015872 0.00510204081632653 8.098477486232587e-05
harald 0.015873015873015872 0.00510204081632653 8.098477486232587e-05
hardrada 0.015873015873015872 0.00510204081632653 8.098477486232587e-05
and 0.06349206349206349 0.8571428571428571 0.054421768707482984
the 0.09523809523809523 0.9540816326530612 0.09086491739552964
norman 0.015873015873015872 0.01020408163265306 0.00016196954972465174
king 0.015873015873015872 0.030612244897959183 0.00048590864917395527
william 0.015873015873015872 0.00510204081632653 8.098477486232587e-05
the 0.09523809523809523 0.9540816326530612 0.09086491739552964
conqueror 0.015873015873015872 0.01020408163265306 0.00016196954972465174
these 0.015873015873015872 0.05102040816326531 0.0008098477486232588
men 0.015873015873015872 0.04591836734693878 0.0007288629737609329
and 0.06349206349206349 0.8571428571428571 0.054421768707482984
women 0.015873015873015872 0.061224489795918366 0.0009718172983479105
will 0.015873015873015872 0.1989795918367347 0.0031584062196307093
blaze 0.015873015873015872 0.00510204081632653 8.098477486232587e-05
a 0.015873015873015872 0.8826530612244898 0.014010366051182378
path 0.015873015873015872 0.025510204081632654 0.0004049238743116294
as 0.015873015873015872 0.3469387755102041 0.00550696469063816
they 0.015873015873015872 0.28061224489795916 0.004454162617427923
fight 0.015873015873015872 0.03571428571428571 0.0005668934240362811
for 0.015873015873015872 0.3877551020408163 0.006154842889536767
survival 0.015873015873015872 0.015306122448979591 0.00024295432458697764
in 0.031746031746031744 0.7346938775510204 0.023323615160349854
the 0.09523809523809523 0.9540816326530612 0.09086491739552964
ever 0.031746031746031744 0.05102040816326531 0.0016196954972465176
changing 0.015873015873015872 0.01020408163265306 0.00016196954972465174
and 0.06349206349206349 0.8571428571428571 0.054421768707482984
evolving 0.015873015873015872 0.00510204081632653 8.098477486232587e-05
world 0.015873015873015872 0.19387755102040816 0.0030774214447683835
