after 0.02 0.1989795918367347 0.003979591836734694
a 0.12 0.8826530612244898 0.10591836734693878
foreign 0.02 0.00510204081632653 0.0001020408163265306
teenage 0.02 0.025510204081632654 0.0005102040816326531
tourist 0.02 0.00510204081632653 0.0001020408163265306
disappears 0.02 0.00510204081632653 0.0001020408163265306
in 0.04 0.7346938775510204 0.02938775510204082
a 0.12 0.8826530612244898 0.10591836734693878
misty 0.02 0.01020408163265306 0.0002040816326530612
town 0.02 0.05102040816326531 0.0010204081632653062
a 0.12 0.8826530612244898 0.10591836734693878
harried 0.02 0.00510204081632653 0.0001020408163265306
local 0.02 0.025510204081632654 0.0005102040816326531
cop 0.02 0.03571428571428571 0.0007142857142857143
kasturi 0.02 0.00510204081632653 0.0001020408163265306
must 0.02 0.07653061224489796 0.0015306122448979593
join 0.02 0.02040816326530612 0.0004081632653061224
hands 0.02 0.025510204081632654 0.0005102040816326531
with 0.02 0.4387755102040816 0.008775510204081632
her 0.02 0.2755102040816326 0.005510204081632652
replacement 0.02 0.00510204081632653 0.0001020408163265306
angad 0.02 0.00510204081632653 0.0001020408163265306
on 0.02 0.3520408163265306 0.0070408163265306125
a 0.12 0.8826530612244898 0.10591836734693878
case 0.02 0.030612244897959183 0.0006122448979591836
that 0.02 0.40816326530612246 0.00816326530612245
digs 0.02 0.01020408163265306 0.0002040816326530612
skeletons 0.02 0.00510204081632653 0.0001020408163265306
and 0.02 0.8571428571428571 0.017142857142857144
revives 0.02 0.00510204081632653 0.0001020408163265306
a 0.12 0.8826530612244898 0.10591836734693878
forgotten 0.02 0.00510204081632653 0.0001020408163265306
myth 0.02 0.015306122448979591 0.0003061224489795918
a 0.12 0.8826530612244898 0.10591836734693878
bloodthirsty 0.02 0.00510204081632653 0.0001020408163265306
serial 0.02 0.01020408163265306 0.0002040816326530612
killing 0.02 0.025510204081632654 0.0005102040816326531
entity 0.02 0.01020408163265306 0.0002040816326530612
in 0.04 0.7346938775510204 0.02938775510204082
the 0.02 0.9540816326530612 0.019081632653061224
forest 0.02 0.04081632653061224 0.0008163265306122448
