aspirants 0.02564102564102564 0.01020408163265306 0.0002616431187859759
is 0.02564102564102564 0.5663265306122449 0.014521193092621664
a 0.01282051282051282 0.8826530612244898 0.01131606488749346
story 0.038461538461538464 0.12755102040816327 0.004905808477237049
friends 0.01282051282051282 0.05102040816326531 0.0006541077969649398
abhilash 0.01282051282051282 0.00510204081632653 6.541077969649397e-05
shwetketu 0.01282051282051282 0.00510204081632653 6.541077969649397e-05
sk 0.01282051282051282 0.00510204081632653 6.541077969649397e-05
and 0.05128205128205128 0.8571428571428571 0.04395604395604395
guri 0.01282051282051282 0.00510204081632653 6.541077969649397e-05
the 0.1282051282051282 0.9540816326530612 0.12231815803244374
story 0.038461538461538464 0.12755102040816327 0.004905808477237049
revolves 0.01282051282051282 0.02040816326530612 0.0002616431187859759
around 0.01282051282051282 0.08673469387755102 0.0011119832548403977
the 0.1282051282051282 0.9540816326530612 0.12231815803244374
past 0.02564102564102564 0.04591836734693878 0.0011773940345368918
and 0.05128205128205128 0.8571428571428571 0.04395604395604395
the 0.1282051282051282 0.9540816326530612 0.12231815803244374
present 0.02564102564102564 0.015306122448979591 0.00039246467817896386
time 0.01282051282051282 0.14795918367346939 0.0018969126111983254
where 0.01282051282051282 0.11224489795918367 0.0014390371533228676
the 0.1282051282051282 0.9540816326530612 0.12231815803244374
past 0.02564102564102564 0.04591836734693878 0.0011773940345368918
captures 0.01282051282051282 0.015306122448979591 0.00019623233908948193
the 0.1282051282051282 0.9540816326530612 0.12231815803244374
struggle 0.01282051282051282 0.015306122448979591 0.00019623233908948193
and 0.05128205128205128 0.8571428571428571 0.04395604395604395
the 0.1282051282051282 0.9540816326530612 0.12231815803244374
drama 0.01282051282051282 0.05102040816326531 0.0006541077969649398
behind 0.01282051282051282 0.05612244897959184 0.0007195185766614338
the 0.1282051282051282 0.9540816326530612 0.12231815803244374
making 0.01282051282051282 0.025510204081632654 0.0003270538984824699
upsc 0.02564102564102564 0.00510204081632653 0.00013082155939298794
cse 0.01282051282051282 0.00510204081632653 6.541077969649397e-05
aspirants 0.02564102564102564 0.01020408163265306 0.0002616431187859759
in 0.01282051282051282 0.7346938775510204 0.009419152276295134
old 0.01282051282051282 0.05612244897959184 0.0007195185766614338
rajinder 0.01282051282051282 0.00510204081632653 6.541077969649397e-05
nagar 0.01282051282051282 0.00510204081632653 6.541077969649397e-05
delhi 0.01282051282051282 0.015306122448979591 0.00019623233908948193
while 0.01282051282051282 0.12244897959183673 0.0015698587127158554
the 0.1282051282051282 0.9540816326530612 0.12231815803244374
present 0.02564102564102564 0.015306122448979591 0.00039246467817896386
talks 0.01282051282051282 0.00510204081632653 6.541077969649397e-05
the 0.1282051282051282 0.9540816326530612 0.12231815803244374
aftermath 0.01282051282051282 0.01020408163265306 0.00013082155939298794
it 0.01282051282051282 0.2193877551020408 0.002812663526949241
is 0.02564102564102564 0.5663265306122449 0.014521193092621664
the 0.1282051282051282 0.9540816326530612 0.12231815803244374
story 0.038461538461538464 0.12755102040816327 0.004905808477237049
three 0.01282051282051282 0.030612244897959183 0.00039246467817896386
upsc 0.02564102564102564 0.00510204081632653 0.00013082155939298794
aspirant 0.01282051282051282 0.00510204081632653 6.541077969649397e-05
journey 0.01282051282051282 0.08163265306122448 0.0010465724751439036
and 0.05128205128205128 0.8571428571428571 0.04395604395604395
most 0.01282051282051282 0.07653061224489796 0.0009811616954474097
importantly 0.01282051282051282 0.00510204081632653 6.541077969649397e-05
their 0.01282051282051282 0.3520408163265306 0.004513343799058085
friendship 0.01282051282051282 0.01020408163265306 0.00013082155939298794
besides 0.01282051282051282 0.00510204081632653 6.541077969649397e-05
all 0.01282051282051282 0.17346938775510204 0.0022239665096807954
odds 0.01282051282051282 0.01020408163265306 0.00013082155939298794
