in 0.024096385542168676 0.7346938775510204 0.017703466928940252
robots 0.012048192771084338 0.01020408163265306 0.00012294074256208508
become 0.024096385542168676 0.05612244897959184 0.0013523481681829359
an 0.012048192771084338 0.3622448979591837 0.004364396360954021
ordinary 0.012048192771084338 0.03571428571428571 0.0004302925989672978
part 0.012048192771084338 0.04081632653061224 0.0004917629702483403
human 0.024096385542168676 0.05612244897959184 0.0013523481681829359
life 0.024096385542168676 0.20408163265306123 0.004917629702483404
they 0.024096385542168676 0.28061224489795916 0.006761740840914679
help 0.012048192771084338 0.10204081632653061 0.001229407425620851
raise 0.012048192771084338 0.01020408163265306 0.00012294074256208508
children 0.012048192771084338 0.025510204081632654 0.00030735185640521273
work 0.024096385542168676 0.04591836734693878 0.0011064666830587658
as 0.012048192771084338 0.3469387755102041 0.004179985247110893
personal 0.012048192771084338 0.03571428571428571 0.0004302925989672978
drivers 0.012048192771084338 0.00510204081632653 6.147037128104254e-05
security 0.012048192771084338 0.01020408163265306 0.00012294074256208508
guards 0.012048192771084338 0.015306122448979591 0.00018441111384312763
and 0.024096385542168676 0.8571428571428571 0.020654044750430294
lovers 0.012048192771084338 0.015306122448979591 0.00018441111384312763
for 0.012048192771084338 0.3877551020408163 0.004671748217359233
most 0.012048192771084338 0.07653061224489796 0.0009220555692156381
people 0.012048192771084338 0.11734693877551021 0.0014138185394639785
bots 0.024096385542168676 0.00510204081632653 0.00012294074256208508
soulless 0.012048192771084338 0.00510204081632653 6.147037128104254e-05
machines 0.024096385542168676 0.00510204081632653 0.00012294074256208508
that 0.012048192771084338 0.40816326530612246 0.004917629702483404
perform 0.012048192771084338 0.01020408163265306 0.00012294074256208508
routine 0.012048192771084338 0.00510204081632653 6.147037128104254e-05
work 0.024096385542168676 0.04591836734693878 0.0011064666830587658
but 0.012048192771084338 0.3112244897959184 0.003749692648143595
they 0.024096385542168676 0.28061224489795916 0.006761740840914679
also 0.012048192771084338 0.09183673469387756 0.0011064666830587658
become 0.024096385542168676 0.05612244897959184 0.0013523481681829359
capable 0.012048192771084338 0.015306122448979591 0.00018441111384312763
emotions 0.012048192771084338 0.015306122448979591 0.00018441111384312763
a 0.012048192771084338 0.8826530612244898 0.01063437423162036
group 0.012048192771084338 0.05102040816326531 0.0006147037128104255
rebels 0.012048192771084338 0.00510204081632653 6.147037128104254e-05
the 0.03614457831325301 0.9540816326530612 0.03448487828866486
liquidators 0.012048192771084338 0.00510204081632653 6.147037128104254e-05
reject 0.012048192771084338 0.01020408163265306 0.00012294074256208508
life 0.024096385542168676 0.20408163265306123 0.004917629702483404
with 0.012048192771084338 0.4387755102040816 0.0052864519301696585
the 0.03614457831325301 0.9540816326530612 0.03448487828866486
bots 0.024096385542168676 0.00510204081632653 0.00012294074256208508
and 0.024096385542168676 0.8571428571428571 0.020654044750430294
ready 0.012048192771084338 0.01020408163265306 0.00012294074256208508
to 0.012048192771084338 0.7806122448979592 0.00940496680599951
shed 0.012048192771084338 0.00510204081632653 6.147037128104254e-05
human 0.024096385542168676 0.05612244897959184 0.0013523481681829359
blood 0.012048192771084338 0.015306122448979591 0.00018441111384312763
in 0.024096385542168676 0.7346938775510204 0.017703466928940252
their 0.012048192771084338 0.3520408163265306 0.004241455618391936
war 0.012048192771084338 0.05612244897959184 0.0006761740840914679
the 0.03614457831325301 0.9540816326530612 0.03448487828866486
machines 0.024096385542168676 0.00510204081632653 0.00012294074256208508
