december 0.00909090909090909 0.01020408163265306 9.276437847866418e-05
northwestern 0.00909090909090909 0.00510204081632653 4.638218923933209e-05
front 0.00909090909090909 0.00510204081632653 4.638218923933209e-05
a 0.03636363636363636 0.8826530612244898 0.03209647495361781
german 0.00909090909090909 0.02040816326530612 0.00018552875695732835
tank 0.00909090909090909 0.01020408163265306 9.276437847866418e-05
column 0.00909090909090909 0.00510204081632653 4.638218923933209e-05
is 0.02727272727272727 0.5663265306122449 0.015445269016697587
moving 0.00909090909090909 0.00510204081632653 4.638218923933209e-05
towards 0.00909090909090909 0.015306122448979591 0.00013914656771799627
moscow 0.00909090909090909 0.05102040816326531 0.00046382189239332097
during 0.00909090909090909 0.04591836734693878 0.0004174397031539889
a 0.03636363636363636 0.8826530612244898 0.03209647495361781
mission 0.00909090909090909 0.07142857142857142 0.0006493506493506492
to 0.02727272727272727 0.7806122448979592 0.02128942486085343
stop 0.00909090909090909 0.03571428571428571 0.0003246753246753246
the 0.02727272727272727 0.9540816326530612 0.026020408163265306
enemy 0.00909090909090909 0.025510204081632654 0.00023191094619666049
advance 0.00909090909090909 0.00510204081632653 4.638218923933209e-05
nikolai 0.00909090909090909 0.00510204081632653 4.638218923933209e-05
komlev 0.02727272727272727 0.00510204081632653 0.00013914656771799627
is 0.02727272727272727 0.5663265306122449 0.015445269016697587
shot 0.00909090909090909 0.01020408163265306 9.276437847866418e-05
komlev 0.02727272727272727 0.00510204081632653 0.00013914656771799627
manages 0.00909090909090909 0.025510204081632654 0.00023191094619666049
to 0.02727272727272727 0.7806122448979592 0.02128942486085343
his 0.00909090909090909 0.44387755102040816 0.004035250463821892
plane 0.00909090909090909 0.01020408163265306 9.276437847866418e-05
in 0.00909090909090909 0.7346938775510204 0.006679035250463822
a 0.03636363636363636 0.8826530612244898 0.03209647495361781
remote 0.00909090909090909 0.015306122448979591 0.00013914656771799627
forest 0.00909090909090909 0.04081632653061224 0.0003710575139146567
clearing 0.00909090909090909 0.00510204081632653 4.638218923933209e-05
he 0.01818181818181818 0.34183673469387754 0.0062152133580705
alive 0.00909090909090909 0.015306122448979591 0.00013914656771799627
but 0.01818181818181818 0.3112244897959184 0.005658627087198516
far 0.00909090909090909 0.030612244897959183 0.00027829313543599254
from 0.00909090909090909 0.3520408163265306 0.0032003710575139147
friendly 0.00909090909090909 0.00510204081632653 4.638218923933209e-05
territory 0.00909090909090909 0.015306122448979591 0.00013914656771799627
ahead 0.00909090909090909 0.00510204081632653 4.638218923933209e-05
is 0.02727272727272727 0.5663265306122449 0.015445269016697587
a 0.03636363636363636 0.8826530612244898 0.03209647495361781
relentless 0.00909090909090909 0.01020408163265306 9.276437847866418e-05
trial 0.00909090909090909 0.01020408163265306 9.276437847866418e-05
severe 0.00909090909090909 0.00510204081632653 4.638218923933209e-05
physical 0.00909090909090909 0.015306122448979591 0.00013914656771799627
and 0.02727272727272727 0.8571428571428571 0.023376623376623374
mental 0.00909090909090909 0.01020408163265306 9.276437847866418e-05
endurance 0.00909090909090909 0.00510204081632653 4.638218923933209e-05
after 0.00909090909090909 0.1989795918367347 0.0018089053803339516
battling 0.00909090909090909 0.00510204081632653 4.638218923933209e-05
hunger 0.00909090909090909 0.01020408163265306 9.276437847866418e-05
and 0.02727272727272727 0.8571428571428571 0.023376623376623374
extreme 0.00909090909090909 0.00510204081632653 4.638218923933209e-05
cold 0.00909090909090909 0.025510204081632654 0.00023191094619666049
evading 0.00909090909090909 0.00510204081632653 4.638218923933209e-05
packs 0.00909090909090909 0.00510204081632653 4.638218923933209e-05
wolves 0.00909090909090909 0.01020408163265306 9.276437847866418e-05
and 0.02727272727272727 0.8571428571428571 0.023376623376623374
detachments 0.00909090909090909 0.00510204081632653 4.638218923933209e-05
nazi 0.00909090909090909 0.01020408163265306 9.276437847866418e-05
soldiers 0.00909090909090909 0.015306122448979591 0.00013914656771799627
the 0.02727272727272727 0.9540816326530612 0.026020408163265306
wounded 0.00909090909090909 0.00510204081632653 4.638218923933209e-05
komlev 0.02727272727272727 0.00510204081632653 0.00013914656771799627
finally 0.00909090909090909 0.03571428571428571 0.0003246753246753246
makes 0.00909090909090909 0.015306122448979591 0.00013914656771799627
it 0.00909090909090909 0.2193877551020408 0.00199443413729128
back 0.00909090909090909 0.08673469387755102 0.0007884972170686456
to 0.02727272727272727 0.7806122448979592 0.02128942486085343
safety 0.00909090909090909 0.00510204081632653 4.638218923933209e-05
but 0.01818181818181818 0.3112244897959184 0.005658627087198516
there 0.00909090909090909 0.08163265306122448 0.0007421150278293134
he 0.01818181818181818 0.34183673469387754 0.0062152133580705
faces 0.00909090909090909 0.01020408163265306 9.276437847866418e-05
another 0.00909090909090909 0.030612244897959183 0.00027829313543599254
challenge 0.00909090909090909 0.01020408163265306 9.276437847866418e-05
the 0.02727272727272727 0.9540816326530612 0.026020408163265306
most 0.00909090909090909 0.07653061224489796 0.0006957328385899814
all 0.00909090909090909 0.17346938775510204 0.0015769944341372912
