march 0.005434782608695652 0.01020408163265306 5.545696539485359e-05
indian 0.005434782608695652 0.030612244897959183 0.00016637089618456077
cricket 0.010869565217391304 0.00510204081632653 5.545696539485359e-05
team 0.03804347826086957 0.04081632653061224 0.0015527950310559005
gets 0.005434782608695652 0.04081632653061224 0.00022182786157941436
selected 0.005434782608695652 0.00510204081632653 2.7728482697426794e-05
for 0.016304347826086956 0.3877551020408163 0.006322094055013309
the 0.07608695652173914 0.9540816326530612 0.07259316770186336
third 0.005434782608695652 0.00510204081632653 2.7728482697426794e-05
world 0.016304347826086956 0.19387755102040816 0.0031610470275066547
cup 0.010869565217391304 0.00510204081632653 5.545696539485359e-05
to 0.02717391304347826 0.7806122448979592 0.0212122892635315
held 0.005434782608695652 0.015306122448979591 8.318544809228039e-05
in 0.02717391304347826 0.7346938775510204 0.019964507542147295
england 0.005434782608695652 0.015306122448979591 8.318544809228039e-05
in 0.02717391304347826 0.7346938775510204 0.019964507542147295
june 0.005434782608695652 0.01020408163265306 5.545696539485359e-05
but 0.010869565217391304 0.3112244897959184 0.003382874889086069
none 0.005434782608695652 0.01020408163265306 5.545696539485359e-05
their 0.021739130434782608 0.3520408163265306 0.007653061224489796
expectations 0.005434782608695652 0.00510204081632653 2.7728482697426794e-05
from 0.005434782608695652 0.3520408163265306 0.001913265306122449
the 0.07608695652173914 0.9540816326530612 0.07259316770186336
team 0.03804347826086957 0.04081632653061224 0.0015527950310559005
while 0.005434782608695652 0.12244897959183673 0.0006654835847382431
officials 0.005434782608695652 0.00510204081632653 2.7728482697426794e-05
happy 0.005434782608695652 0.025510204081632654 0.00013864241348713398
with 0.016304347826086956 0.4387755102040816 0.0071539485359361134
appointment 0.005434782608695652 0.00510204081632653 2.7728482697426794e-05
new 0.005434782608695652 0.1377551020408163 0.0007486690328305234
captain 0.005434782608695652 0.015306122448979591 8.318544809228039e-05
kapil 0.010869565217391304 0.00510204081632653 5.545696539485359e-05
dev 0.016304347826086956 0.00510204081632653 8.318544809228039e-05
sunil 0.005434782608695652 0.00510204081632653 2.7728482697426794e-05
cricket 0.010869565217391304 0.00510204081632653 5.545696539485359e-05
team 0.03804347826086957 0.04081632653061224 0.0015527950310559005
starts 0.005434782608695652 0.05102040816326531 0.00027728482697426796
with 0.016304347826086956 0.4387755102040816 0.0071539485359361134
a 0.016304347826086956 0.8826530612244898 0.014391082519964508
bang 0.005434782608695652 0.00510204081632653 2.7728482697426794e-05
at 0.010869565217391304 0.23469387755102042 0.0025510204081632655
the 0.07608695652173914 0.9540816326530612 0.07259316770186336
world 0.016304347826086956 0.19387755102040816 0.0031610470275066547
cup 0.010869565217391304 0.00510204081632653 5.545696539485359e-05
by 0.016304347826086956 0.33163265306122447 0.0054070541259982246
winning 0.010869565217391304 0.00510204081632653 5.545696539485359e-05
their 0.021739130434782608 0.3520408163265306 0.007653061224489796
first 0.005434782608695652 0.08163265306122448 0.0004436557231588287
two 0.016304347826086956 0.12755102040816327 0.00207963620230701
matches 0.010869565217391304 0.00510204081632653 5.545696539485359e-05
giant 0.005434782608695652 0.00510204081632653 2.7728482697426794e-05
west 0.016304347826086956 0.02040816326530612 0.00033274179236912155
indies 0.010869565217391304 0.00510204081632653 5.545696539485359e-05
and 0.016304347826086956 0.8571428571428571 0.013975155279503104
zimbabwe 0.016304347826086956 0.00510204081632653 8.318544809228039e-05
but 0.010869565217391304 0.3112244897959184 0.003382874889086069
loosing 0.005434782608695652 0.00510204081632653 2.7728482697426794e-05
their 0.021739130434782608 0.3520408163265306 0.007653061224489796
next 0.005434782608695652 0.015306122448979591 8.318544809228039e-05
two 0.016304347826086956 0.12755102040816327 0.00207963620230701
matches 0.010869565217391304 0.00510204081632653 5.545696539485359e-05
west 0.016304347826086956 0.02040816326530612 0.00033274179236912155
indies 0.010869565217391304 0.00510204081632653 5.545696539485359e-05
and 0.016304347826086956 0.8571428571428571 0.013975155279503104
australia 0.005434782608695652 0.00510204081632653 2.7728482697426794e-05
puts 0.005434782608695652 0.00510204081632653 2.7728482697426794e-05
in 0.02717391304347826 0.7346938775510204 0.019964507542147295
a 0.016304347826086956 0.8826530612244898 0.014391082519964508
or 0.005434782608695652 0.09183673469387756 0.0004991126885536824
die 0.005434782608695652 0.01020408163265306 5.545696539485359e-05
situation 0.005434782608695652 0.015306122448979591 8.318544809228039e-05
zimbabwe 0.016304347826086956 0.00510204081632653 8.318544809228039e-05
to 0.02717391304347826 0.7806122448979592 0.0212122892635315
stay 0.005434782608695652 0.01020408163265306 5.545696539485359e-05
in 0.02717391304347826 0.7346938775510204 0.019964507542147295
the 0.07608695652173914 0.9540816326530612 0.07259316770186336
the 0.07608695652173914 0.9540816326530612 0.07259316770186336
big 0.005434782608695652 0.02040816326530612 0.00011091393078970718
match 0.005434782608695652 0.00510204081632653 2.7728482697426794e-05
zimbabwe 0.016304347826086956 0.00510204081632653 8.318544809228039e-05
half 0.005434782608695652 0.01020408163265306 5.545696539485359e-05
the 0.07608695652173914 0.9540816326530612 0.07259316770186336
team 0.03804347826086957 0.04081632653061224 0.0015527950310559005
is 0.005434782608695652 0.5663265306122449 0.0030778615794143744
back 0.005434782608695652 0.08673469387755102 0.00047138420585625553
to 0.02717391304347826 0.7806122448979592 0.0212122892635315
the 0.07608695652173914 0.9540816326530612 0.07259316770186336
pavilion 0.005434782608695652 0.00510204081632653 2.7728482697426794e-05
much 0.005434782608695652 0.03571428571428571 0.00019409937888198756
the 0.07608695652173914 0.9540816326530612 0.07259316770186336
overs 0.005434782608695652 0.00510204081632653 2.7728482697426794e-05
with 0.016304347826086956 0.4387755102040816 0.0071539485359361134
the 0.07608695652173914 0.9540816326530612 0.07259316770186336
score 0.010869565217391304 0.00510204081632653 5.545696539485359e-05
as 0.005434782608695652 0.3469387755102041 0.0018855368234250221
runs 0.005434782608695652 0.01020408163265306 5.545696539485359e-05
for 0.016304347826086956 0.3877551020408163 0.006322094055013309
dev 0.016304347826086956 0.00510204081632653 8.318544809228039e-05
plays 0.005434782608695652 0.015306122448979591 8.318544809228039e-05
a 0.016304347826086956 0.8826530612244898 0.014391082519964508
one 0.010869565217391304 0.18877551020408162 0.002051907719609583
man 0.010869565217391304 0.12755102040816327 0.0013864241348713398
show 0.005434782608695652 0.030612244897959183 0.00016637089618456077
by 0.016304347826086956 0.33163265306122447 0.0054070541259982246
getting 0.005434782608695652 0.02040816326530612 0.00011091393078970718
good 0.005434782608695652 0.025510204081632654 0.00013864241348713398
winning 0.010869565217391304 0.00510204081632653 5.545696539485359e-05
score 0.010869565217391304 0.00510204081632653 5.545696539485359e-05
for 0.016304347826086956 0.3877551020408163 0.006322094055013309
the 0.07608695652173914 0.9540816326530612 0.07259316770186336
team 0.03804347826086957 0.04081632653061224 0.0015527950310559005
and 0.016304347826086956 0.8571428571428571 0.013975155279503104
keeping 0.005434782608695652 0.00510204081632653 2.7728482697426794e-05
their 0.021739130434782608 0.3520408163265306 0.007653061224489796
hopes 0.005434782608695652 0.01020408163265306 5.545696539485359e-05
alive 0.005434782608695652 0.015306122448979591 8.318544809228039e-05
in 0.02717391304347826 0.7346938775510204 0.019964507542147295
the 0.07608695652173914 0.9540816326530612 0.07259316770186336
tournament 0.005434782608695652 0.00510204081632653 2.7728482697426794e-05
the 0.07608695652173914 0.9540816326530612 0.07259316770186336
team 0.03804347826086957 0.04081632653061224 0.0015527950310559005
spirit 0.005434782608695652 0.01020408163265306 5.545696539485359e-05
brings 0.005434782608695652 0.015306122448979591 8.318544809228039e-05
to 0.02717391304347826 0.7806122448979592 0.0212122892635315
the 0.07608695652173914 0.9540816326530612 0.07259316770186336
final 0.005434782608695652 0.02040816326530612 0.00011091393078970718
at 0.010869565217391304 0.23469387755102042 0.0025510204081632655
lords 0.005434782608695652 0.00510204081632653 2.7728482697426794e-05
the 0.07608695652173914 0.9540816326530612 0.07259316770186336
two 0.016304347826086956 0.12755102040816327 0.00207963620230701
time 0.005434782608695652 0.14795918367346939 0.0008041259982253771
world 0.016304347826086956 0.19387755102040816 0.0031610470275066547
champions 0.005434782608695652 0.00510204081632653 2.7728482697426794e-05
giants 0.005434782608695652 0.00510204081632653 2.7728482697426794e-05
west 0.016304347826086956 0.02040816326530612 0.00033274179236912155
team 0.03804347826086957 0.04081632653061224 0.0015527950310559005
not 0.005434782608695652 0.14795918367346939 0.0008041259982253771
considered 0.005434782608695652 0.00510204081632653 2.7728482697426794e-05
worthy 0.005434782608695652 0.01020408163265306 5.545696539485359e-05
by 0.016304347826086956 0.33163265306122447 0.0054070541259982246
everyone 0.005434782608695652 0.03571428571428571 0.00019409937888198756
creates 0.005434782608695652 0.00510204081632653 2.7728482697426794e-05
history 0.005434782608695652 0.03571428571428571 0.00019409937888198756
due 0.005434782608695652 0.01020408163265306 5.545696539485359e-05
to 0.02717391304347826 0.7806122448979592 0.0212122892635315
confidence 0.005434782608695652 0.00510204081632653 2.7728482697426794e-05
one 0.010869565217391304 0.18877551020408162 0.002051907719609583
man 0.010869565217391304 0.12755102040816327 0.0013864241348713398
kapil 0.010869565217391304 0.00510204081632653 5.545696539485359e-05
dev 0.016304347826086956 0.00510204081632653 8.318544809228039e-05
