english 0.007874015748031496 0.00510204081632653 4.0173549734854565e-05
traveller 0.007874015748031496 0.00510204081632653 4.0173549734854565e-05
jonathan 0.007874015748031496 0.01020408163265306 8.034709946970913e-05
green 0.007874015748031496 0.01020408163265306 8.034709946970913e-05
jason 0.007874015748031496 0.01020408163265306 8.034709946970913e-05
flemyng 0.007874015748031496 0.00510204081632653 4.0173549734854565e-05
receives 0.007874015748031496 0.015306122448979591 0.00012052064920456372
from 0.007874015748031496 0.3520408163265306 0.0027719749317049653
peter 0.007874015748031496 0.02040816326530612 0.00016069419893941826
the 0.05511811023622047 0.9540816326530612 0.05258717660292463
great 0.007874015748031496 0.03571428571428571 0.000281214848143982
an 0.007874015748031496 0.3622448979591837 0.002852322031174675
order 0.007874015748031496 0.04081632653061224 0.0003213883978788365
to 0.015748031496062992 0.7806122448979592 0.012293106218865498
map 0.007874015748031496 0.01020408163265306 8.034709946970913e-05
the 0.05511811023622047 0.9540816326530612 0.05258717660292463
russian 0.007874015748031496 0.04081632653061224 0.0003213883978788365
far 0.007874015748031496 0.030612244897959183 0.00024104129840912743
east 0.007874015748031496 0.015306122448979591 0.00012052064920456372
once 0.007874015748031496 0.061224489795918366 0.00048208259681825486
he 0.007874015748031496 0.34183673469387754 0.0026916278322352562
sets 0.007874015748031496 0.05612244897959184 0.00044190904708340026
out 0.007874015748031496 0.18877551020408162 0.001486421340189619
for 0.007874015748031496 0.3877551020408163 0.003053189779848947
a 0.023622047244094488 0.8826530612244898 0.020850072312389525
long 0.007874015748031496 0.05612244897959184 0.00044190904708340026
journey 0.007874015748031496 0.08163265306122448 0.000642776795757673
full 0.007874015748031496 0.025510204081632654 0.00020086774867427286
incredible 0.007874015748031496 0.01020408163265306 8.034709946970913e-05
adventures 0.007874015748031496 0.015306122448979591 0.00012052064920456372
that 0.015748031496062992 0.40816326530612246 0.0064277679575767315
will 0.015748031496062992 0.1989795918367347 0.0031335368793186567
eventually 0.007874015748031496 0.025510204081632654 0.00020086774867427286
lead 0.007874015748031496 0.02040816326530612 0.00016069419893941826
to 0.015748031496062992 0.7806122448979592 0.012293106218865498
china 0.007874015748031496 0.00510204081632653 4.0173549734854565e-05
the 0.05511811023622047 0.9540816326530612 0.05258717660292463
cartographer 0.007874015748031496 0.01020408163265306 8.034709946970913e-05
will 0.015748031496062992 0.1989795918367347 0.0031335368793186567
unexpectedly 0.007874015748031496 0.01020408163265306 8.034709946970913e-05
face 0.007874015748031496 0.025510204081632654 0.00020086774867427286
a 0.023622047244094488 0.8826530612244898 0.020850072312389525
lot 0.007874015748031496 0.00510204081632653 4.0173549734854565e-05
breathtaking 0.007874015748031496 0.01020408163265306 8.034709946970913e-05
discoveries 0.007874015748031496 0.00510204081632653 4.0173549734854565e-05
encounter 0.007874015748031496 0.02040816326530612 0.00016069419893941826
bizarre 0.007874015748031496 0.01020408163265306 8.034709946970913e-05
creatures 0.007874015748031496 0.015306122448979591 0.00012052064920456372
meet 0.007874015748031496 0.030612244897959183 0.00024104129840912743
with 0.015748031496062992 0.4387755102040816 0.006909850554394986
chinese 0.007874015748031496 0.00510204081632653 4.0173549734854565e-05
princesses 0.007874015748031496 0.00510204081632653 4.0173549734854565e-05
and 0.015748031496062992 0.8571428571428571 0.013498312710911136
confront 0.007874015748031496 0.015306122448979591 0.00012052064920456372
deadly 0.007874015748031496 0.01020408163265306 8.034709946970913e-05
martial 0.007874015748031496 0.00510204081632653 4.0173549734854565e-05
arts 0.007874015748031496 0.00510204081632653 4.0173549734854565e-05
masters 0.007874015748031496 0.01020408163265306 8.034709946970913e-05
and 0.015748031496062992 0.8571428571428571 0.013498312710911136
even 0.007874015748031496 0.07142857142857142 0.000562429696287964
the 0.05511811023622047 0.9540816326530612 0.05258717660292463
king 0.015748031496062992 0.030612244897959183 0.00048208259681825486
all 0.007874015748031496 0.17346938775510204 0.0013659006909850554
dragons 0.007874015748031496 0.00510204081632653 4.0173549734854565e-05
the 0.05511811023622047 0.9540816326530612 0.05258717660292463
dragon 0.007874015748031496 0.01020408163265306 8.034709946970913e-05
king 0.015748031496062992 0.030612244897959183 0.00048208259681825486
what 0.015748031496062992 0.1377551020408163 0.0021693716856821467
could 0.007874015748031496 0.030612244897959183 0.00024104129840912743
more 0.007874015748031496 0.08163265306122448 0.000642776795757673
dangerous 0.007874015748031496 0.04591836734693878 0.00036156194761369117
meeting 0.007874015748031496 0.01020408163265306 8.034709946970913e-05
with 0.015748031496062992 0.4387755102040816 0.006909850554394986
viy 0.007874015748031496 0.00510204081632653 4.0173549734854565e-05
except 0.007874015748031496 0.03571428571428571 0.000281214848143982
it 0.007874015748031496 0.2193877551020408 0.0017274626385987465
what 0.015748031496062992 0.1377551020408163 0.0021693716856821467
would 0.007874015748031496 0.030612244897959183 0.00024104129840912743
stronger 0.007874015748031496 0.00510204081632653 4.0173549734854565e-05
this 0.007874015748031496 0.17346938775510204 0.0013659006909850554
time 0.007874015748031496 0.14795918367346939 0.0011650329423107824
a 0.023622047244094488 0.8826530612244898 0.020850072312389525
staunch 0.007874015748031496 0.00510204081632653 4.0173549734854565e-05
skepticism 0.007874015748031496 0.00510204081632653 4.0173549734854565e-05
the 0.05511811023622047 0.9540816326530612 0.05258717660292463
scientist 0.007874015748031496 0.01020408163265306 8.034709946970913e-05
or 0.007874015748031496 0.09183673469387756 0.0007231238952273823
the 0.05511811023622047 0.9540816326530612 0.05258717660292463
old 0.007874015748031496 0.05612244897959184 0.00044190904708340026
black 0.007874015748031496 0.01020408163265306 8.034709946970913e-05
magic 0.007874015748031496 0.025510204081632654 0.00020086774867427286
that 0.015748031496062992 0.40816326530612246 0.0064277679575767315
seized 0.007874015748031496 0.00510204081632653 4.0173549734854565e-05
power 0.007874015748031496 0.05102040816326531 0.0004017354973485457
eastern 0.007874015748031496 0.01020408163265306 8.034709946970913e-05
lands 0.007874015748031496 0.015306122448979591 0.00012052064920456372
film 0.007874015748031496 0.061224489795918366 0.00048208259681825486
group 0.007874015748031496 0.05102040816326531 0.0004017354973485457
