galactic 0.005917159763313609 0.00510204081632653 3.0189590629151064e-05
wars 0.005917159763313609 0.00510204081632653 3.0189590629151064e-05
destroyed 0.005917159763313609 0.01020408163265306 6.037918125830213e-05
the 0.07692307692307693 0.9540816326530612 0.07339089481946626
moon 0.005917159763313609 0.01020408163265306 6.037918125830213e-05
and 0.029585798816568046 0.8571428571428571 0.025359256128486895
changed 0.005917159763313609 0.01020408163265306 6.037918125830213e-05
the 0.07692307692307693 0.9540816326530612 0.07339089481946626
climate 0.005917159763313609 0.00510204081632653 3.0189590629151064e-05
on 0.011834319526627219 0.3520408163265306 0.004166163506822847
the 0.07692307692307693 0.9540816326530612 0.07339089481946626
earth 0.011834319526627219 0.05102040816326531 0.0006037918125830214
now 0.011834319526627219 0.07653061224489796 0.000905687718874532
tropical 0.005917159763313609 0.00510204081632653 3.0189590629151064e-05
forests 0.005917159763313609 0.015306122448979591 9.05687718874532e-05
covering 0.005917159763313609 0.00510204081632653 3.0189590629151064e-05
moscow 0.011834319526627219 0.05102040816326531 0.0006037918125830214
while 0.005917159763313609 0.12244897959183673 0.0007245501750996256
new 0.005917159763313609 0.1377551020408163 0.0008151189469870788
york 0.005917159763313609 0.015306122448979591 9.05687718874532e-05
is 0.023668639053254437 0.5663265306122449 0.013404178239343074
iced 0.005917159763313609 0.00510204081632653 3.0189590629151064e-05
all 0.005917159763313609 0.17346938775510204 0.0010264460813911363
a 0.01775147928994083 0.8826530612244898 0.015668397536529405
huge 0.005917159763313609 0.01020408163265306 6.037918125830213e-05
alien 0.005917159763313609 0.015306122448979591 9.05687718874532e-05
ship 0.005917159763313609 0.02040816326530612 0.00012075836251660426
towers 0.005917159763313609 0.00510204081632653 3.0189590629151064e-05
moscow 0.011834319526627219 0.05102040816326531 0.0006037918125830214
it 0.011834319526627219 0.2193877551020408 0.0025963047941069918
is 0.023668639053254437 0.5663265306122449 0.013404178239343074
the 0.07692307692307693 0.9540816326530612 0.07339089481946626
stadium 0.005917159763313609 0.00510204081632653 3.0189590629151064e-05
where 0.005917159763313609 0.11224489795918367 0.0006641709938413235
spectacular 0.005917159763313609 0.01020408163265306 6.037918125830213e-05
intergalactic 0.005917159763313609 0.00510204081632653 3.0189590629151064e-05
cosmoball 0.01775147928994083 0.00510204081632653 9.05687718874532e-05
competitions 0.005917159763313609 0.00510204081632653 3.0189590629151064e-05
take 0.005917159763313609 0.09183673469387756 0.0005434126313247192
place 0.005917159763313609 0.05612244897959184 0.00033208549692066177
the 0.07692307692307693 0.9540816326530612 0.07339089481946626
game 0.01775147928994083 0.02040816326530612 0.0003622750875498128
combines 0.005917159763313609 0.00510204081632653 3.0189590629151064e-05
sport 0.005917159763313609 0.00510204081632653 3.0189590629151064e-05
and 0.029585798816568046 0.8571428571428571 0.025359256128486895
gladiator 0.005917159763313609 0.00510204081632653 3.0189590629151064e-05
fights 0.005917159763313609 0.015306122448979591 9.05687718874532e-05
when 0.005917159763313609 0.27040816326530615 0.0016000483033450066
the 0.07692307692307693 0.9540816326530612 0.07339089481946626
game 0.01775147928994083 0.02040816326530612 0.0003622750875498128
is 0.023668639053254437 0.5663265306122449 0.013404178239343074
on 0.011834319526627219 0.3520408163265306 0.004166163506822847
the 0.07692307692307693 0.9540816326530612 0.07339089481946626
whole 0.005917159763313609 0.03571428571428571 0.00021132713440405747
world 0.005917159763313609 0.19387755102040816 0.0011472044439077406
stops 0.005917159763313609 0.00510204081632653 3.0189590629151064e-05
in 0.005917159763313609 0.7346938775510204 0.004347301050597754
tracks 0.005917159763313609 0.01020408163265306 6.037918125830213e-05
to 0.03550295857988166 0.7806122448979592 0.027714044197560683
watch 0.005917159763313609 0.01020408163265306 6.037918125830213e-05
it 0.011834319526627219 0.2193877551020408 0.0025963047941069918
the 0.07692307692307693 0.9540816326530612 0.07339089481946626
players 0.005917159763313609 0.00510204081632653 3.0189590629151064e-05
called 0.005917159763313609 0.04591836734693878 0.0002717063156623596
athletes 0.011834319526627219 0.00510204081632653 6.037918125830213e-05
they 0.005917159763313609 0.28061224489795916 0.0016604274846033086
allowed 0.005917159763313609 0.00510204081632653 3.0189590629151064e-05
to 0.03550295857988166 0.7806122448979592 0.027714044197560683
contest 0.005917159763313609 0.00510204081632653 3.0189590629151064e-05
their 0.005917159763313609 0.3520408163265306 0.0020830817534114236
powers 0.011834319526627219 0.030612244897959183 0.0003622750875498128
and 0.029585798816568046 0.8571428571428571 0.025359256128486895
ability 0.005917159763313609 0.00510204081632653 3.0189590629151064e-05
to 0.03550295857988166 0.7806122448979592 0.027714044197560683
control 0.005917159763313609 0.04591836734693878 0.0002717063156623596
everyone 0.005917159763313609 0.03571428571428571 0.00021132713440405747
adores 0.005917159763313609 0.00510204081632653 3.0189590629151064e-05
cosmoball 0.01775147928994083 0.00510204081632653 9.05687718874532e-05
except 0.005917159763313609 0.03571428571428571 0.00021132713440405747
anton 0.011834319526627219 0.01020408163265306 0.00012075836251660426
a 0.01775147928994083 0.8826530612244898 0.015668397536529405
regular 0.005917159763313609 0.015306122448979591 9.05687718874532e-05
guy 0.005917159763313609 0.015306122448979591 9.05687718874532e-05
who 0.005917159763313609 0.39285714285714285 0.002324598478444632
wants 0.005917159763313609 0.04591836734693878 0.0002717063156623596
to 0.03550295857988166 0.7806122448979592 0.027714044197560683
find 0.005917159763313609 0.08163265306122448 0.00048303345006641703
a 0.01775147928994083 0.8826530612244898 0.015668397536529405
job 0.005917159763313609 0.04591836734693878 0.0002717063156623596
to 0.03550295857988166 0.7806122448979592 0.027714044197560683
help 0.005917159763313609 0.10204081632653061 0.0006037918125830214
his 0.011834319526627219 0.44387755102040816 0.0052529887694722855
family 0.005917159763313609 0.22448979591836735 0.001328341987682647
but 0.005917159763313609 0.3112244897959184 0.0018415650283782152
once 0.005917159763313609 0.061224489795918366 0.0003622750875498128
he 0.011834319526627219 0.34183673469387754 0.004045405144306243
reveals 0.005917159763313609 0.00510204081632653 3.0189590629151064e-05
his 0.011834319526627219 0.44387755102040816 0.0052529887694722855
powers 0.011834319526627219 0.030612244897959183 0.0003622750875498128
and 0.029585798816568046 0.8571428571428571 0.025359256128486895
gets 0.005917159763313609 0.04081632653061224 0.00024151672503320852
to 0.03550295857988166 0.7806122448979592 0.027714044197560683
the 0.07692307692307693 0.9540816326530612 0.07339089481946626
worlds 0.005917159763313609 0.015306122448979591 9.05687718874532e-05
cosmoball 0.01775147928994083 0.00510204081632653 9.05687718874532e-05
team 0.005917159763313609 0.04081632653061224 0.00024151672503320852
now 0.011834319526627219 0.07653061224489796 0.000905687718874532
he 0.011834319526627219 0.34183673469387754 0.004045405144306243
one 0.005917159763313609 0.18877551020408162 0.0011170148532785894
the 0.07692307692307693 0.9540816326530612 0.07339089481946626
athletes 0.011834319526627219 0.00510204081632653 6.037918125830213e-05
anton 0.011834319526627219 0.01020408163265306 0.00012075836251660426
no 0.005917159763313609 0.07142857142857142 0.00042265426880811494
idea 0.005917159763313609 0.015306122448979591 9.05687718874532e-05
what 0.005917159763313609 0.1377551020408163 0.0008151189469870788
special 0.005917159763313609 0.025510204081632654 0.00015094795314575535
role 0.005917159763313609 0.02040816326530612 0.00012075836251660426
is 0.023668639053254437 0.5663265306122449 0.013404178239343074
destined 0.005917159763313609 0.00510204081632653 3.0189590629151064e-05
for 0.011834319526627219 0.3877551020408163 0.0045888177756309625
and 0.029585798816568046 0.8571428571428571 0.025359256128486895
that 0.005917159763313609 0.40816326530612246 0.0024151672503320855
the 0.07692307692307693 0.9540816326530612 0.07339089481946626
final 0.005917159763313609 0.02040816326530612 0.00012075836251660426
game 0.01775147928994083 0.02040816326530612 0.0003622750875498128
will 0.005917159763313609 0.1989795918367347 0.0011773940345368916
become 0.005917159763313609 0.05612244897959184 0.00033208549692066177
the 0.07692307692307693 0.9540816326530612 0.07339089481946626
battle 0.005917159763313609 0.061224489795918366 0.0003622750875498128
for 0.011834319526627219 0.3877551020408163 0.0045888177756309625
the 0.07692307692307693 0.9540816326530612 0.07339089481946626
earth 0.011834319526627219 0.05102040816326531 0.0006037918125830214
mus 0.005917159763313609 0.00510204081632653 3.0189590629151064e-05
