in 0.023809523809523808 0.7346938775510204 0.01749271137026239
the 0.05555555555555555 0.9540816326530612 0.053004535147392284
mid 0.007936507936507936 0.00510204081632653 4.0492387431162935e-05
french 0.007936507936507936 0.03571428571428571 0.00028344671201814054
urban 0.007936507936507936 0.00510204081632653 4.0492387431162935e-05
dancers 0.007936507936507936 0.00510204081632653 4.0492387431162935e-05
join 0.007936507936507936 0.02040816326530612 0.00016196954972465174
together 0.007936507936507936 0.05612244897959184 0.00044541626174279234
for 0.015873015873015872 0.3877551020408163 0.006154842889536767
a 0.03968253968253968 0.8826530612244898 0.03502591512795594
rehearsal 0.007936507936507936 0.00510204081632653 4.0492387431162935e-05
in 0.023809523809523808 0.7346938775510204 0.01749271137026239
a 0.03968253968253968 0.8826530612244898 0.03502591512795594
boarding 0.007936507936507936 0.01020408163265306 8.098477486232587e-05
school 0.007936507936507936 0.05102040816326531 0.0004049238743116294
located 0.007936507936507936 0.01020408163265306 8.098477486232587e-05
at 0.007936507936507936 0.23469387755102042 0.0018626498218334952
the 0.05555555555555555 0.9540816326530612 0.053004535147392284
heart 0.007936507936507936 0.030612244897959183 0.00024295432458697764
a 0.03968253968253968 0.8826530612244898 0.03502591512795594
forest 0.007936507936507936 0.04081632653061224 0.0003239390994493035
to 0.031746031746031744 0.7806122448979592 0.02478134110787172
share 0.007936507936507936 0.030612244897959183 0.00024295432458697764
one 0.015873015873015872 0.18877551020408162 0.002996436669906057
last 0.015873015873015872 0.04591836734693878 0.0007288629737609329
dance 0.007936507936507936 0.00510204081632653 4.0492387431162935e-05
they 0.023809523809523808 0.28061224489795916 0.0066812439261418844
then 0.007936507936507936 0.05612244897959184 0.00044541626174279234
make 0.007936507936507936 0.061224489795918366 0.00048590864917395527
one 0.015873015873015872 0.18877551020408162 0.002996436669906057
last 0.015873015873015872 0.04591836734693878 0.0007288629737609329
party 0.007936507936507936 0.015306122448979591 0.00012147716229348882
around 0.007936507936507936 0.08673469387755102 0.00068837058632977
a 0.03968253968253968 0.8826530612244898 0.03502591512795594
large 0.007936507936507936 0.015306122448979591 0.00012147716229348882
sangria 0.007936507936507936 0.00510204081632653 4.0492387431162935e-05
bowl 0.007936507936507936 0.00510204081632653 4.0492387431162935e-05
quickly 0.007936507936507936 0.02040816326530612 0.00016196954972465174
the 0.05555555555555555 0.9540816326530612 0.053004535147392284
atmosphere 0.007936507936507936 0.015306122448979591 0.00012147716229348882
becomes 0.007936507936507936 0.07142857142857142 0.0005668934240362811
charged 0.007936507936507936 0.01020408163265306 8.098477486232587e-05
and 0.031746031746031744 0.8571428571428571 0.027210884353741492
a 0.03968253968253968 0.8826530612244898 0.03502591512795594
strange 0.007936507936507936 0.03571428571428571 0.00028344671201814054
madness 0.007936507936507936 0.015306122448979591 0.00012147716229348882
will 0.007936507936507936 0.1989795918367347 0.0015792031098153547
seize 0.007936507936507936 0.00510204081632653 4.0492387431162935e-05
the 0.05555555555555555 0.9540816326530612 0.053004535147392284
whole 0.007936507936507936 0.03571428571428571 0.00028344671201814054
night 0.007936507936507936 0.025510204081632654 0.0002024619371558147
if 0.007936507936507936 0.03571428571428571 0.00028344671201814054
it 0.015873015873015872 0.2193877551020408 0.003482345319080013
seems 0.007936507936507936 0.04591836734693878 0.00036443148688046647
obvious 0.007936507936507936 0.00510204081632653 4.0492387431162935e-05
to 0.031746031746031744 0.7806122448979592 0.02478134110787172
that 0.007936507936507936 0.40816326530612246 0.003239390994493035
they 0.023809523809523808 0.28061224489795916 0.0066812439261418844
drugged 0.007936507936507936 0.00510204081632653 4.0492387431162935e-05
they 0.023809523809523808 0.28061224489795916 0.0066812439261418844
neither 0.007936507936507936 0.00510204081632653 4.0492387431162935e-05
know 0.007936507936507936 0.07142857142857142 0.0005668934240362811
by 0.015873015873015872 0.33163265306122447 0.005264010366051182
who 0.007936507936507936 0.39285714285714285 0.003117913832199546
why 0.007936507936507936 0.015306122448979591 0.00012147716229348882
and 0.031746031746031744 0.8571428571428571 0.027210884353741492
it 0.015873015873015872 0.2193877551020408 0.003482345319080013
soon 0.007936507936507936 0.04081632653061224 0.0003239390994493035
impossible 0.007936507936507936 0.01020408163265306 8.098477486232587e-05
for 0.015873015873015872 0.3877551020408163 0.006154842889536767
to 0.031746031746031744 0.7806122448979592 0.02478134110787172
resist 0.007936507936507936 0.00510204081632653 4.0492387431162935e-05
to 0.031746031746031744 0.7806122448979592 0.02478134110787172
their 0.007936507936507936 0.3520408163265306 0.0027939747327502427
neuroses 0.007936507936507936 0.00510204081632653 4.0492387431162935e-05
and 0.031746031746031744 0.8571428571428571 0.027210884353741492
psychoses 0.007936507936507936 0.00510204081632653 4.0492387431162935e-05
numbed 0.007936507936507936 0.00510204081632653 4.0492387431162935e-05
by 0.015873015873015872 0.33163265306122447 0.005264010366051182
the 0.05555555555555555 0.9540816326530612 0.053004535147392284
hypnotic 0.007936507936507936 0.00510204081632653 4.0492387431162935e-05
and 0.031746031746031744 0.8571428571428571 0.027210884353741492
the 0.05555555555555555 0.9540816326530612 0.053004535147392284
increasing 0.007936507936507936 0.00510204081632653 4.0492387431162935e-05
electric 0.007936507936507936 0.00510204081632653 4.0492387431162935e-05
rhythm 0.007936507936507936 0.00510204081632653 4.0492387431162935e-05
the 0.05555555555555555 0.9540816326530612 0.053004535147392284
music 0.007936507936507936 0.01020408163265306 8.098477486232587e-05
while 0.007936507936507936 0.12244897959183673 0.0009718172983479105
feel 0.007936507936507936 0.00510204081632653 4.0492387431162935e-05
in 0.023809523809523808 0.7346938775510204 0.01749271137026239
paradise 0.007936507936507936 0.01020408163265306 8.098477486232587e-05
most 0.007936507936507936 0.07653061224489796 0.0006073858114674441
plunge 0.007936507936507936 0.00510204081632653 4.0492387431162935e-05
hell 0.007936507936507936 0.015306122448979591 0.00012147716229348882
two 0.007936507936507936 0.12755102040816327 0.0010123096857790736
