picking 0.029411764705882353 0.00510204081632653 0.00015006002400960383
where 0.029411764705882353 0.11224489795918367 0.0033013205282112846
the 0.029411764705882353 0.9540816326530612 0.02806122448979592
suicide 0.029411764705882353 0.00510204081632653 0.00015006002400960383
squad 0.029411764705882353 0.01020408163265306 0.00030012004801920766
left 0.029411764705882353 0.04081632653061224 0.0012004801920768306
peacemaker 0.029411764705882353 0.00510204081632653 0.00015006002400960383
returns 0.029411764705882353 0.02040816326530612 0.0006002400960384153
home 0.029411764705882353 0.07653061224489796 0.0022509003601440575
after 0.029411764705882353 0.1989795918367347 0.00585234093637455
recovering 0.029411764705882353 0.01020408163265306 0.00030012004801920766
from 0.029411764705882353 0.3520408163265306 0.010354141656662664
his 0.058823529411764705 0.44387755102040816 0.02611044417767107
encounter 0.029411764705882353 0.02040816326530612 0.0006002400960384153
with 0.029411764705882353 0.4387755102040816 0.01290516206482593
bloodsport 0.029411764705882353 0.00510204081632653 0.00015006002400960383
to 0.029411764705882353 0.7806122448979592 0.02295918367346939
discover 0.029411764705882353 0.025510204081632654 0.0007503001200480192
that 0.029411764705882353 0.40816326530612246 0.012004801920768308
his 0.058823529411764705 0.44387755102040816 0.02611044417767107
freedom 0.029411764705882353 0.015306122448979591 0.0004501800720288115
comes 0.029411764705882353 0.04081632653061224 0.0012004801920768306
at 0.029411764705882353 0.23469387755102042 0.006902761104441777
a 0.029411764705882353 0.8826530612244898 0.025960384153661465
price 0.029411764705882353 0.01020408163265306 0.00030012004801920766
