it 0.013986013986013986 0.2193877551020408 0.003068360211217354
is 0.02097902097902098 0.5663265306122449 0.011880976166690453
a 0.04195804195804196 0.8826530612244898 0.03703439417725132
narrative 0.006993006993006993 0.01020408163265306 7.135721421435707e-05
a 0.04195804195804196 0.8826530612244898 0.03703439417725132
series 0.013986013986013986 0.07142857142857142 0.000999000999000999
events 0.013986013986013986 0.05102040816326531 0.0007135721421435708
that 0.006993006993006993 0.40816326530612246 0.002854288568574283
transform 0.006993006993006993 0.015306122448979591 0.00010703582132153561
the 0.04195804195804196 0.9540816326530612 0.040031397174254316
whole 0.006993006993006993 0.03571428571428571 0.00024975024975024975
life 0.027972027972027972 0.20408163265306123 0.005708577137148566
an 0.013986013986013986 0.3622448979591837 0.005066362209219352
ordinary 0.006993006993006993 0.03571428571428571 0.00024975024975024975
man 0.013986013986013986 0.12755102040816327 0.0017839303553589267
as 0.02097902097902098 0.3469387755102041 0.007278435849864422
well 0.006993006993006993 0.02040816326530612 0.00014271442842871414
as 0.02097902097902098 0.3469387755102041 0.007278435849864422
all 0.006993006993006993 0.17346938775510204 0.0012130726416440703
the 0.04195804195804196 0.9540816326530612 0.040031397174254316
people 0.006993006993006993 0.11734693877551021 0.0008206079634651063
around 0.006993006993006993 0.08673469387755102 0.0006065363208220351
mahaan 0.006993006993006993 0.00510204081632653 3.5678607107178535e-05
features 0.006993006993006993 0.00510204081632653 3.5678607107178535e-05
duo 0.006993006993006993 0.01020408163265306 7.135721421435707e-05
vikram 0.013986013986013986 0.01020408163265306 0.00014271442842871414
and 0.013986013986013986 0.8571428571428571 0.011988011988011988
dhruv 0.006993006993006993 0.00510204081632653 3.5678607107178535e-05
vikram 0.013986013986013986 0.01020408163265306 0.00014271442842871414
together 0.006993006993006993 0.05612244897959184 0.0003924646781789639
for 0.013986013986013986 0.3877551020408163 0.0054231482802911376
the 0.04195804195804196 0.9540816326530612 0.040031397174254316
first 0.006993006993006993 0.08163265306122448 0.0005708577137148566
time 0.006993006993006993 0.14795918367346939 0.0010346796061081775
along 0.006993006993006993 0.02040816326530612 0.00014271442842871414
with 0.006993006993006993 0.4387755102040816 0.003068360211217354
bobby 0.006993006993006993 0.00510204081632653 3.5678607107178535e-05
simha 0.006993006993006993 0.00510204081632653 3.5678607107178535e-05
and 0.013986013986013986 0.8571428571428571 0.011988011988011988
simran 0.006993006993006993 0.00510204081632653 3.5678607107178535e-05
in 0.027972027972027972 0.7346938775510204 0.02055087769373484
pivotal 0.006993006993006993 0.00510204081632653 3.5678607107178535e-05
roles 0.006993006993006993 0.00510204081632653 3.5678607107178535e-05
it 0.013986013986013986 0.2193877551020408 0.003068360211217354
is 0.02097902097902098 0.5663265306122449 0.011880976166690453
the 0.04195804195804196 0.9540816326530612 0.040031397174254316
story 0.013986013986013986 0.12755102040816327 0.0017839303553589267
a 0.04195804195804196 0.8826530612244898 0.03703439417725132
man 0.013986013986013986 0.12755102040816327 0.0017839303553589267
whose 0.006993006993006993 0.04591836734693878 0.00032110746396460686
family 0.006993006993006993 0.22448979591836735 0.0015698587127158557
leaves 0.006993006993006993 0.030612244897959183 0.00021407164264307122
when 0.006993006993006993 0.27040816326530615 0.0018909661766804626
he 0.02097902097902098 0.34183673469387754 0.007171400028542886
strays 0.006993006993006993 0.00510204081632653 3.5678607107178535e-05
from 0.006993006993006993 0.3520408163265306 0.002461823890395319
the 0.04195804195804196 0.9540816326530612 0.040031397174254316
path 0.006993006993006993 0.025510204081632654 0.0001783930355358927
ideological 0.006993006993006993 0.00510204081632653 3.5678607107178535e-05
living 0.006993006993006993 0.05612244897959184 0.0003924646781789639
in 0.027972027972027972 0.7346938775510204 0.02055087769373484
his 0.04195804195804196 0.44387755102040816 0.018624232909947195
search 0.006993006993006993 0.030612244897959183 0.00021407164264307122
for 0.013986013986013986 0.3877551020408163 0.0054231482802911376
personal 0.006993006993006993 0.03571428571428571 0.00024975024975024975
freedom 0.006993006993006993 0.015306122448979591 0.00010703582132153561
however 0.006993006993006993 0.04081632653061224 0.0002854288568574283
as 0.02097902097902098 0.3469387755102041 0.007278435849864422
he 0.02097902097902098 0.34183673469387754 0.007171400028542886
realizes 0.006993006993006993 0.025510204081632654 0.0001783930355358927
his 0.04195804195804196 0.44387755102040816 0.018624232909947195
ambitions 0.006993006993006993 0.00510204081632653 3.5678607107178535e-05
he 0.02097902097902098 0.34183673469387754 0.007171400028542886
also 0.006993006993006993 0.09183673469387756 0.0006422149279292137
misses 0.006993006993006993 0.00510204081632653 3.5678607107178535e-05
the 0.04195804195804196 0.9540816326530612 0.040031397174254316
presence 0.006993006993006993 0.01020408163265306 7.135721421435707e-05
his 0.04195804195804196 0.44387755102040816 0.018624232909947195
son 0.006993006993006993 0.08163265306122448 0.0005708577137148566
in 0.027972027972027972 0.7346938775510204 0.02055087769373484
his 0.04195804195804196 0.44387755102040816 0.018624232909947195
life 0.027972027972027972 0.20408163265306123 0.005708577137148566
having 0.006993006993006993 0.04081632653061224 0.0002854288568574283
fulfilled 0.006993006993006993 0.00510204081632653 3.5678607107178535e-05
his 0.04195804195804196 0.44387755102040816 0.018624232909947195
dream 0.006993006993006993 0.015306122448979591 0.00010703582132153561
becoming 0.006993006993006993 0.015306122448979591 0.00010703582132153561
a 0.04195804195804196 0.8826530612244898 0.03703439417725132
billionaire 0.006993006993006993 0.00510204081632653 3.5678607107178535e-05
life 0.027972027972027972 0.20408163265306123 0.005708577137148566
give 0.006993006993006993 0.015306122448979591 0.00010703582132153561
a 0.04195804195804196 0.8826530612244898 0.03703439417725132
second 0.006993006993006993 0.02040816326530612 0.00014271442842871414
chance 0.006993006993006993 0.025510204081632654 0.0001783930355358927
to 0.006993006993006993 0.7806122448979592 0.005458826887398316
a 0.04195804195804196 0.8826530612244898 0.03703439417725132
father 0.006993006993006993 0.11734693877551021 0.0008206079634651063
this 0.013986013986013986 0.17346938775510204 0.0024261452832881406
story 0.013986013986013986 0.12755102040816327 0.0017839303553589267
is 0.02097902097902098 0.5663265306122449 0.011880976166690453
how 0.006993006993006993 0.09183673469387756 0.0006422149279292137
his 0.04195804195804196 0.44387755102040816 0.018624232909947195
life 0.027972027972027972 0.20408163265306123 0.005708577137148566
goes 0.006993006993006993 0.04591836734693878 0.00032110746396460686
through 0.006993006993006993 0.08163265306122448 0.0005708577137148566
an 0.013986013986013986 0.3622448979591837 0.005066362209219352
unexpected 0.006993006993006993 0.025510204081632654 0.0001783930355358927
series 0.013986013986013986 0.07142857142857142 0.000999000999000999
events 0.013986013986013986 0.05102040816326531 0.0007135721421435708
in 0.027972027972027972 0.7346938775510204 0.02055087769373484
this 0.013986013986013986 0.17346938775510204 0.0024261452832881406
thrilling 0.006993006993006993 0.00510204081632653 3.5678607107178535e-05
action 0.006993006993006993 0.01020408163265306 7.135721421435707e-05
packed 0.006993006993006993 0.01020408163265306 7.135721421435707e-05
journey 0.006993006993006993 0.08163265306122448 0.0005708577137148566
