a 0.05263157894736842 0.8826530612244898 0.046455424274973144
dancer 0.013157894736842105 0.01020408163265306 0.00013426423200859288
is 0.013157894736842105 0.5663265306122449 0.007451664876476906
killed 0.013157894736842105 0.025510204081632654 0.0003356605800214823
in 0.02631578947368421 0.7346938775510204 0.01933404940923738
a 0.05263157894736842 0.8826530612244898 0.046455424274973144
fit 0.013157894736842105 0.00510204081632653 6.713211600429644e-05
rage 0.013157894736842105 0.01020408163265306 0.00013426423200859288
at 0.013157894736842105 0.23469387755102042 0.003088077336197637
the 0.10526315789473684 0.9540816326530612 0.10042964554242749
wedding 0.013157894736842105 0.02040816326530612 0.00026852846401718576
the 0.10526315789473684 0.9540816326530612 0.10042964554242749
scion 0.013157894736842105 0.01020408163265306 0.00013426423200859288
the 0.10526315789473684 0.9540816326530612 0.10042964554242749
atwal 0.013157894736842105 0.00510204081632653 6.713211600429644e-05
family 0.013157894736842105 0.22448979591836735 0.0029538131041890437
a 0.05263157894736842 0.8826530612244898 0.046455424274973144
cop 0.013157894736842105 0.03571428571428571 0.00046992481203007516
comes 0.013157894736842105 0.04081632653061224 0.0005370569280343715
looking 0.013157894736842105 0.02040816326530612 0.00026852846401718576
for 0.02631578947368421 0.3877551020408163 0.01020408163265306
the 0.10526315789473684 0.9540816326530612 0.10042964554242749
girl 0.013157894736842105 0.08673469387755102 0.0011412459720730396
while 0.013157894736842105 0.12244897959183673 0.0016111707841031148
a 0.05263157894736842 0.8826530612244898 0.046455424274973144
film 0.013157894736842105 0.061224489795918366 0.0008055853920515574
making 0.013157894736842105 0.025510204081632654 0.0003356605800214823
team 0.013157894736842105 0.04081632653061224 0.0005370569280343715
wants 0.013157894736842105 0.04591836734693878 0.0006041890440386681
to 0.05263157894736842 0.7806122448979592 0.04108485499462943
expose 0.013157894736842105 0.015306122448979591 0.00020139634801288935
the 0.10526315789473684 0.9540816326530612 0.10042964554242749
atwals 0.02631578947368421 0.00510204081632653 0.00013426423200859288
for 0.02631578947368421 0.3877551020408163 0.01020408163265306
their 0.039473684210526314 0.3520408163265306 0.013896348012889366
heinous 0.013157894736842105 0.00510204081632653 6.713211600429644e-05
crime 0.013157894736842105 0.030612244897959183 0.0004027926960257787
the 0.10526315789473684 0.9540816326530612 0.10042964554242749
atwals 0.02631578947368421 0.00510204081632653 0.00013426423200859288
will 0.013157894736842105 0.1989795918367347 0.0026181525241675617
go 0.013157894736842105 0.09183673469387756 0.0012083780880773362
to 0.05263157894736842 0.7806122448979592 0.04108485499462943
lengths 0.013157894736842105 0.00510204081632653 6.713211600429644e-05
to 0.05263157894736842 0.7806122448979592 0.04108485499462943
remove 0.013157894736842105 0.00510204081632653 6.713211600429644e-05
the 0.10526315789473684 0.9540816326530612 0.10042964554242749
pawns 0.013157894736842105 0.00510204081632653 6.713211600429644e-05
who 0.013157894736842105 0.39285714285714285 0.005169172932330827
come 0.013157894736842105 0.025510204081632654 0.0003356605800214823
in 0.02631578947368421 0.7346938775510204 0.01933404940923738
their 0.039473684210526314 0.3520408163265306 0.013896348012889366
way 0.013157894736842105 0.03571428571428571 0.00046992481203007516
and 0.013157894736842105 0.8571428571428571 0.011278195488721804
to 0.05263157894736842 0.7806122448979592 0.04108485499462943
keep 0.013157894736842105 0.015306122448979591 0.00020139634801288935
the 0.10526315789473684 0.9540816326530612 0.10042964554242749
real 0.013157894736842105 0.030612244897959183 0.0004027926960257787
operations 0.013157894736842105 0.00510204081632653 6.713211600429644e-05
their 0.039473684210526314 0.3520408163265306 0.013896348012889366
pharmaceutical 0.013157894736842105 0.00510204081632653 6.713211600429644e-05
business 0.013157894736842105 0.025510204081632654 0.0003356605800214823
partners 0.013157894736842105 0.01020408163265306 0.00013426423200859288
under 0.013157894736842105 0.0663265306122449 0.000872717508055854
wraps 0.013157894736842105 0.00510204081632653 6.713211600429644e-05
