following 0.02040816326530612 0.025510204081632654 0.0005206164098292378
the 0.08163265306122448 0.9540816326530612 0.07788421491045397
events 0.02040816326530612 0.05102040816326531 0.0010412328196584756
avengers 0.02040816326530612 0.01020408163265306 0.00020824656393169508
endgame 0.02040816326530612 0.01020408163265306 0.00020824656393169508
an 0.02040816326530612 0.3622448979591837 0.007392753019575177
unexpected 0.02040816326530612 0.025510204081632654 0.0005206164098292378
tragedy 0.02040816326530612 0.00510204081632653 0.00010412328196584754
forces 0.02040816326530612 0.061224489795918366 0.0012494793835901706
the 0.08163265306122448 0.9540816326530612 0.07788421491045397
eternals 0.02040816326530612 0.00510204081632653 0.00010412328196584754
ancient 0.04081632653061224 0.01020408163265306 0.00041649312786339016
aliens 0.02040816326530612 0.01020408163265306 0.00020824656393169508
who 0.02040816326530612 0.39285714285714285 0.008017492711370262
living 0.02040816326530612 0.05612244897959184 0.001145356101624323
on 0.02040816326530612 0.3520408163265306 0.0071845064556434815
earth 0.02040816326530612 0.05102040816326531 0.0010412328196584756
in 0.02040816326530612 0.7346938775510204 0.014993752603082049
secret 0.02040816326530612 0.061224489795918366 0.0012494793835901706
for 0.02040816326530612 0.3877551020408163 0.007913369429404415
thousands 0.02040816326530612 0.01020408163265306 0.00020824656393169508
years 0.02040816326530612 0.12244897959183673 0.0024989587671803413
out 0.02040816326530612 0.18877551020408162 0.0038525614327363593
the 0.08163265306122448 0.9540816326530612 0.07788421491045397
shadows 0.02040816326530612 0.00510204081632653 0.00010412328196584754
to 0.02040816326530612 0.7806122448979592 0.015930862140774677
reunite 0.02040816326530612 0.00510204081632653 0.00010412328196584754
mankind 0.02040816326530612 0.030612244897959183 0.0006247396917950853
most 0.02040816326530612 0.07653061224489796 0.0015618492294877133
ancient 0.04081632653061224 0.01020408163265306 0.00041649312786339016
enemy 0.02040816326530612 0.025510204081632654 0.0005206164098292378
the 0.08163265306122448 0.9540816326530612 0.07788421491045397
deviants 0.02040816326530612 0.00510204081632653 0.00010412328196584754
