the 0.17647058823529413 0.9540816326530612 0.16836734693877553
people 0.058823529411764705 0.11734693877551021 0.006902761104441777
tasked 0.058823529411764705 0.00510204081632653 0.00030012004801920766
with 0.058823529411764705 0.4387755102040816 0.02581032412965186
creating 0.058823529411764705 0.015306122448979591 0.000900360144057623
a 0.058823529411764705 0.8826530612244898 0.05192076830732293
sixth 0.058823529411764705 0.01020408163265306 0.0006002400960384153
branch 0.058823529411764705 0.01020408163265306 0.0006002400960384153
the 0.17647058823529413 0.9540816326530612 0.16836734693877553
armed 0.058823529411764705 0.00510204081632653 0.00030012004801920766
services 0.058823529411764705 0.01020408163265306 0.0006002400960384153
the 0.17647058823529413 0.9540816326530612 0.16836734693877553
space 0.058823529411764705 0.02040816326530612 0.0012004801920768306
force 0.058823529411764705 0.025510204081632654 0.0015006002400960385
