jay 0.006097560975609756 0.00510204081632653 3.1110004977600795e-05
is 0.03048780487804878 0.5663265306122449 0.017266052762568443
a 0.03048780487804878 0.8826530612244898 0.02691015430562469
bartender 0.006097560975609756 0.00510204081632653 3.1110004977600795e-05
who 0.006097560975609756 0.39285714285714285 0.002395470383275261
abandoned 0.006097560975609756 0.00510204081632653 3.1110004977600795e-05
his 0.012195121951219513 0.44387755102040816 0.005413140866102539
family 0.012195121951219513 0.22448979591836735 0.0027376804380288703
his 0.012195121951219513 0.44387755102040816 0.005413140866102539
wife 0.006097560975609756 0.05612244897959184 0.0003422100547536088
lost 0.006097560975609756 0.05102040816326531 0.000311100049776008
interest 0.006097560975609756 0.01020408163265306 6.222000995520159e-05
in 0.024390243902439025 0.7346938775510204 0.01791936286709806
and 0.018292682926829267 0.8571428571428571 0.0156794425087108
their 0.018292682926829267 0.3520408163265306 0.006439771030363364
relationship 0.012195121951219513 0.05612244897959184 0.0006844201095072176
now 0.006097560975609756 0.07653061224489796 0.000466650074664012
living 0.006097560975609756 0.05612244897959184 0.0003422100547536088
alone 0.006097560975609756 0.015306122448979591 9.333001493280239e-05
in 0.024390243902439025 0.7346938775510204 0.01791936286709806
a 0.03048780487804878 0.8826530612244898 0.02691015430562469
decrepit 0.006097560975609756 0.00510204081632653 3.1110004977600795e-05
house 0.006097560975609756 0.061224489795918366 0.00037332005973120957
he 0.036585365853658534 0.34183673469387754 0.012506222000995519
casual 0.006097560975609756 0.00510204081632653 3.1110004977600795e-05
weekly 0.006097560975609756 0.00510204081632653 3.1110004977600795e-05
sex 0.018292682926829267 0.03571428571428571 0.0006533101045296167
with 0.018292682926829267 0.4387755102040816 0.008026381284221005
an 0.018292682926829267 0.3622448979591837 0.00662643106022897
anonymous 0.006097560975609756 0.01020408163265306 6.222000995520159e-05
woman 0.006097560975609756 0.07142857142857142 0.00043554006968641115
whose 0.006097560975609756 0.04591836734693878 0.0002799900447984072
name 0.012195121951219513 0.025510204081632654 0.000311100049776008
he 0.036585365853658534 0.34183673469387754 0.012506222000995519
not 0.012195121951219513 0.14795918367346939 0.0018043802887008462
know 0.012195121951219513 0.07142857142857142 0.0008710801393728223
at 0.006097560975609756 0.23469387755102042 0.0014310602289696367
first 0.006097560975609756 0.08163265306122448 0.0004977600796416127
their 0.018292682926829267 0.3520408163265306 0.006439771030363364
relationship 0.012195121951219513 0.05612244897959184 0.0006844201095072176
is 0.03048780487804878 0.5663265306122449 0.017266052762568443
purely 0.006097560975609756 0.01020408163265306 6.222000995520159e-05
physical 0.006097560975609756 0.015306122448979591 9.333001493280239e-05
but 0.006097560975609756 0.3112244897959184 0.0018977103036336488
he 0.036585365853658534 0.34183673469387754 0.012506222000995519
eventually 0.006097560975609756 0.025510204081632654 0.000155550024888004
falls 0.006097560975609756 0.03571428571428571 0.00021777003484320557
in 0.024390243902439025 0.7346938775510204 0.01791936286709806
love 0.006097560975609756 0.09183673469387756 0.0005599800895968144
with 0.018292682926829267 0.4387755102040816 0.008026381284221005
her 0.036585365853658534 0.2755102040816326 0.010079641612742657
wanting 0.006097560975609756 0.01020408163265306 6.222000995520159e-05
to 0.03048780487804878 0.7806122448979592 0.02379915380786461
know 0.012195121951219513 0.07142857142857142 0.0008710801393728223
more 0.006097560975609756 0.08163265306122448 0.0004977600796416127
her 0.036585365853658534 0.2755102040816326 0.010079641612742657
he 0.036585365853658534 0.34183673469387754 0.012506222000995519
follows 0.012195121951219513 0.0663265306122449 0.0008088601294176208
her 0.036585365853658534 0.2755102040816326 0.010079641612742657
across 0.006097560975609756 0.04081632653061224 0.00024888003982080636
the 0.024390243902439025 0.9540816326530612 0.023270283723245397
streets 0.006097560975609756 0.01020408163265306 6.222000995520159e-05
london 0.006097560975609756 0.01020408163265306 6.222000995520159e-05
to 0.03048780487804878 0.7806122448979592 0.02379915380786461
the 0.024390243902439025 0.9540816326530612 0.023270283723245397
grey 0.006097560975609756 0.01020408163265306 6.222000995520159e-05
suburbs 0.006097560975609756 0.00510204081632653 3.1110004977600795e-05
where 0.012195121951219513 0.11224489795918367 0.0013688402190144351
she 0.024390243902439025 0.19387755102040816 0.004728720756595321
lives 0.006097560975609756 0.12244897959183673 0.0007466401194624191
he 0.036585365853658534 0.34183673469387754 0.012506222000995519
then 0.006097560975609756 0.05612244897959184 0.0003422100547536088
follows 0.012195121951219513 0.0663265306122449 0.0008088601294176208
her 0.036585365853658534 0.2755102040816326 0.010079641612742657
to 0.03048780487804878 0.7806122448979592 0.02379915380786461
a 0.03048780487804878 0.8826530612244898 0.02691015430562469
pub 0.006097560975609756 0.00510204081632653 3.1110004977600795e-05
theatre 0.006097560975609756 0.00510204081632653 3.1110004977600795e-05
where 0.012195121951219513 0.11224489795918367 0.0013688402190144351
she 0.024390243902439025 0.19387755102040816 0.004728720756595321
works 0.006097560975609756 0.04081632653061224 0.00024888003982080636
as 0.006097560975609756 0.3469387755102041 0.002115480338476854
an 0.018292682926829267 0.3622448979591837 0.00662643106022897
actress 0.006097560975609756 0.025510204081632654 0.000155550024888004
in 0.024390243902439025 0.7346938775510204 0.01791936286709806
the 0.024390243902439025 0.9540816326530612 0.023270283723245397
evenings 0.006097560975609756 0.00510204081632653 3.1110004977600795e-05
he 0.036585365853658534 0.34183673469387754 0.012506222000995519
learns 0.006097560975609756 0.04081632653061224 0.00024888003982080636
that 0.018292682926829267 0.40816326530612246 0.007466401194624191
her 0.036585365853658534 0.2755102040816326 0.010079641612742657
name 0.012195121951219513 0.025510204081632654 0.000311100049776008
is 0.03048780487804878 0.5663265306122449 0.017266052762568443
claire 0.006097560975609756 0.00510204081632653 3.1110004977600795e-05
and 0.018292682926829267 0.8571428571428571 0.0156794425087108
she 0.024390243902439025 0.19387755102040816 0.004728720756595321
is 0.03048780487804878 0.5663265306122449 0.017266052762568443
married 0.006097560975609756 0.015306122448979591 9.333001493280239e-05
to 0.03048780487804878 0.7806122448979592 0.02379915380786461
andy 0.006097560975609756 0.00510204081632653 3.1110004977600795e-05
a 0.03048780487804878 0.8826530612244898 0.02691015430562469
son 0.006097560975609756 0.08163265306122448 0.0004977600796416127
subsequently 0.006097560975609756 0.01020408163265306 6.222000995520159e-05
it 0.006097560975609756 0.2193877551020408 0.0013377302140368343
is 0.03048780487804878 0.5663265306122449 0.017266052762568443
made 0.006097560975609756 0.01020408163265306 6.222000995520159e-05
clear 0.006097560975609756 0.015306122448979591 9.333001493280239e-05
to 0.03048780487804878 0.7806122448979592 0.02379915380786461
that 0.018292682926829267 0.40816326530612246 0.007466401194624191
she 0.024390243902439025 0.19387755102040816 0.004728720756595321
will 0.006097560975609756 0.1989795918367347 0.0012132901941264312
not 0.012195121951219513 0.14795918367346939 0.0018043802887008462
leave 0.006097560975609756 0.02040816326530612 0.00012444001991040318
her 0.036585365853658534 0.2755102040816326 0.010079641612742657
family 0.012195121951219513 0.22448979591836735 0.0027376804380288703
they 0.006097560975609756 0.28061224489795916 0.0017110502737680438
meet 0.006097560975609756 0.030612244897959183 0.00018666002986560479
for 0.006097560975609756 0.3877551020408163 0.0023643603782976604
a 0.03048780487804878 0.8826530612244898 0.02691015430562469
final 0.006097560975609756 0.02040816326530612 0.00012444001991040318
time 0.006097560975609756 0.14795918367346939 0.0009021901443504231
and 0.018292682926829267 0.8571428571428571 0.0156794425087108
sex 0.018292682926829267 0.03571428571428571 0.0006533101045296167
with 0.018292682926829267 0.4387755102040816 0.008026381284221005
an 0.018292682926829267 0.3622448979591837 0.00662643106022897
intimacy 0.006097560975609756 0.01020408163265306 6.222000995520159e-05
that 0.018292682926829267 0.40816326530612246 0.007466401194624191
missing 0.006097560975609756 0.02040816326530612 0.00012444001991040318
during 0.006097560975609756 0.04591836734693878 0.0002799900447984072
the 0.024390243902439025 0.9540816326530612 0.023270283723245397
illicit 0.006097560975609756 0.00510204081632653 3.1110004977600795e-05
sex 0.018292682926829267 0.03571428571428571 0.0006533101045296167
sessions 0.006097560975609756 0.00510204081632653 3.1110004977600795e-05
their 0.018292682926829267 0.3520408163265306 0.006439771030363364
previous 0.006097560975609756 0.00510204081632653 3.1110004977600795e-05
encounters 0.006097560975609756 0.02040816326530612 0.00012444001991040318
