an 0.058823529411764705 0.3622448979591837 0.021308523409363747
emotional 0.058823529411764705 0.03571428571428571 0.0021008403361344537
drama 0.058823529411764705 0.05102040816326531 0.003001200480192077
the 0.11764705882352941 0.9540816326530612 0.11224489795918367
underbelly 0.058823529411764705 0.00510204081632653 0.00030012004801920766
human 0.058823529411764705 0.05612244897959184 0.0033013205282112846
drug 0.058823529411764705 0.04081632653061224 0.0024009603841536613
testing 0.058823529411764705 0.00510204081632653 0.00030012004801920766
and 0.058823529411764705 0.8571428571428571 0.050420168067226885
the 0.11764705882352941 0.9540816326530612 0.11224489795918367
world 0.058823529411764705 0.19387755102040816 0.01140456182472989
medical 0.058823529411764705 0.015306122448979591 0.000900360144057623
scams 0.058823529411764705 0.00510204081632653 0.00030012004801920766
