rinku 0.04060913705583756 0.00510204081632653 0.0002071894747746814
is 0.025380710659898477 0.5663265306122449 0.014373769812493525
traced 0.005076142131979695 0.00510204081632653 2.5898684346835177e-05
by 0.005076142131979695 0.33163265306122447 0.0016834144825442865
goons 0.01015228426395939 0.00510204081632653 5.179736869367035e-05
her 0.030456852791878174 0.2755102040816326 0.008391173728374599
uncles 0.005076142131979695 0.00510204081632653 2.5898684346835177e-05
at 0.01015228426395939 0.23469387755102042 0.0023826789599088365
a 0.01015228426395939 0.8826530612244898 0.008960944784004972
junction 0.005076142131979695 0.00510204081632653 2.5898684346835177e-05
while 0.01015228426395939 0.12244897959183673 0.0012431368486480886
trying 0.005076142131979695 0.030612244897959183 0.00015539210608101107
to 0.06598984771573604 0.7806122448979592 0.05151248316585518
flee 0.005076142131979695 0.015306122448979591 7.769605304050554e-05
with 0.005076142131979695 0.4387755102040816 0.0022272868538278255
her 0.030456852791878174 0.2755102040816326 0.008391173728374599
boyfriend 0.01015228426395939 0.03571428571428571 0.0003625815808556925
vishu 0.030456852791878174 0.00510204081632653 0.00015539210608101107
and 0.05583756345177665 0.8571428571428571 0.047860768672951415
his 0.01015228426395939 0.44387755102040816 0.004506371076349321
friend 0.005076142131979695 0.0663265306122449 0.00033668289650885737
madhusudhan 0.005076142131979695 0.00510204081632653 2.5898684346835177e-05
see 0.005076142131979695 0.04081632653061224 0.0002071894747746814
her 0.030456852791878174 0.2755102040816326 0.008391173728374599
throwing 0.005076142131979695 0.00510204081632653 2.5898684346835177e-05
bottles 0.005076142131979695 0.00510204081632653 2.5898684346835177e-05
at 0.01015228426395939 0.23469387755102042 0.0023826789599088365
his 0.01015228426395939 0.44387755102040816 0.004506371076349321
bough 0.005076142131979695 0.00510204081632653 2.5898684346835177e-05
home 0.005076142131979695 0.07653061224489796 0.0003884802652025277
her 0.030456852791878174 0.2755102040816326 0.008391173728374599
grandmother 0.005076142131979695 0.01020408163265306 5.179736869367035e-05
wants 0.005076142131979695 0.04591836734693878 0.0002330881591215166
her 0.030456852791878174 0.2755102040816326 0.008391173728374599
to 0.06598984771573604 0.7806122448979592 0.05151248316585518
get 0.01015228426395939 0.0663265306122449 0.0006733657930177147
married 0.01015228426395939 0.015306122448979591 0.00015539210608101107
to 0.06598984771573604 0.7806122448979592 0.05151248316585518
boy 0.005076142131979695 0.030612244897959183 0.00015539210608101107
it 0.005076142131979695 0.2193877551020408 0.0011136434269139127
caste 0.005076142131979695 0.01020408163265306 5.179736869367035e-05
and 0.05583756345177665 0.8571428571428571 0.047860768672951415
is 0.025380710659898477 0.5663265306122449 0.014373769812493525
soon 0.005076142131979695 0.04081632653061224 0.0002071894747746814
to 0.06598984771573604 0.7806122448979592 0.05151248316585518
married 0.01015228426395939 0.015306122448979591 0.00015539210608101107
to 0.06598984771573604 0.7806122448979592 0.05151248316585518
mandakini 0.01015228426395939 0.00510204081632653 5.179736869367035e-05
but 0.01015228426395939 0.3112244897959184 0.003159639490313892
the 0.01015228426395939 0.9540816326530612 0.009686107945716357
goons 0.01015228426395939 0.00510204081632653 5.179736869367035e-05
kidnap 0.005076142131979695 0.00510204081632653 2.5898684346835177e-05
and 0.05583756345177665 0.8571428571428571 0.047860768672951415
forcefully 0.005076142131979695 0.015306122448979591 7.769605304050554e-05
marry 0.01015228426395939 0.03571428571428571 0.0003625815808556925
to 0.06598984771573604 0.7806122448979592 0.05151248316585518
rinku 0.04060913705583756 0.00510204081632653 0.0002071894747746814
thou 0.005076142131979695 0.01020408163265306 5.179736869367035e-05
their 0.015228426395939087 0.3520408163265306 0.005361027659794883
target 0.005076142131979695 0.00510204081632653 2.5898684346835177e-05
marriage 0.015228426395939087 0.02040816326530612 0.00031078421216202215
rinku 0.04060913705583756 0.00510204081632653 0.0002071894747746814
and 0.05583756345177665 0.8571428571428571 0.047860768672951415
vishu 0.030456852791878174 0.00510204081632653 0.00015539210608101107
go 0.005076142131979695 0.09183673469387756 0.0004661763182430332
to 0.06598984771573604 0.7806122448979592 0.05151248316585518
delhi 0.015228426395939087 0.015306122448979591 0.00023308815912151664
where 0.015228426395939087 0.11224489795918367 0.001709313166891122
they 0.01015228426395939 0.28061224489795916 0.0028488552781518696
consider 0.005076142131979695 0.00510204081632653 2.5898684346835177e-05
their 0.015228426395939087 0.3520408163265306 0.005361027659794883
marriage 0.015228426395939087 0.02040816326530612 0.00031078421216202215
valid 0.005076142131979695 0.00510204081632653 2.5898684346835177e-05
and 0.05583756345177665 0.8571428571428571 0.047860768672951415
decide 0.005076142131979695 0.03571428571428571 0.00018129079042784624
to 0.06598984771573604 0.7806122448979592 0.05151248316585518
part 0.005076142131979695 0.04081632653061224 0.0002071894747746814
ways 0.005076142131979695 0.00510204081632653 2.5898684346835177e-05
but 0.01015228426395939 0.3112244897959184 0.003159639490313892
rinku 0.04060913705583756 0.00510204081632653 0.0002071894747746814
tells 0.01015228426395939 0.03571428571428571 0.0003625815808556925
that 0.015228426395939087 0.40816326530612246 0.006215684243240443
her 0.030456852791878174 0.2755102040816326 0.008391173728374599
boyfriend 0.01015228426395939 0.03571428571428571 0.0003625815808556925
sajjad 0.02030456852791878 0.00510204081632653 0.0001035947373873407
wont 0.005076142131979695 0.00510204081632653 2.5898684346835177e-05
agree 0.005076142131979695 0.015306122448979591 7.769605304050554e-05
to 0.06598984771573604 0.7806122448979592 0.05151248316585518
this 0.005076142131979695 0.17346938775510204 0.0008805552677923961
and 0.05583756345177665 0.8571428571428571 0.047860768672951415
they 0.01015228426395939 0.28061224489795916 0.0028488552781518696
will 0.01015228426395939 0.1989795918367347 0.002020097379053144
to 0.06598984771573604 0.7806122448979592 0.05151248316585518
get 0.01015228426395939 0.0663265306122449 0.0006733657930177147
an 0.015228426395939087 0.3622448979591837 0.005516419765875894
official 0.005076142131979695 0.01020408163265306 5.179736869367035e-05
divorce 0.005076142131979695 0.01020408163265306 5.179736869367035e-05
and 0.05583756345177665 0.8571428571428571 0.047860768672951415
sajjad 0.02030456852791878 0.00510204081632653 0.0001035947373873407
will 0.01015228426395939 0.1989795918367347 0.002020097379053144
reach 0.005076142131979695 0.025510204081632654 0.0001294934217341759
delhi 0.015228426395939087 0.015306122448979591 0.00023308815912151664
in 0.02030456852791878 0.7346938775510204 0.014917642183777063
days 0.005076142131979695 0.025510204081632654 0.0001294934217341759
from 0.005076142131979695 0.3520408163265306 0.0017870092199316274
south 0.005076142131979695 0.01020408163265306 5.179736869367035e-05
in 0.02030456852791878 0.7346938775510204 0.014917642183777063
madurai 0.005076142131979695 0.00510204081632653 2.5898684346835177e-05
vishu 0.030456852791878174 0.00510204081632653 0.00015539210608101107
goes 0.005076142131979695 0.04591836734693878 0.0002330881591215166
to 0.06598984771573604 0.7806122448979592 0.05151248316585518
marry 0.01015228426395939 0.03571428571428571 0.0003625815808556925
mandakini 0.01015228426395939 0.00510204081632653 5.179736869367035e-05
where 0.015228426395939087 0.11224489795918367 0.001709313166891122
she 0.01015228426395939 0.19387755102040816 0.0019683000103594733
finds 0.01015228426395939 0.0663265306122449 0.0006733657930177147
video 0.005076142131979695 0.01020408163265306 5.179736869367035e-05
vishu 0.030456852791878174 0.00510204081632653 0.00015539210608101107
and 0.05583756345177665 0.8571428571428571 0.047860768672951415
rinku 0.04060913705583756 0.00510204081632653 0.0002071894747746814
marriage 0.015228426395939087 0.02040816326530612 0.00031078421216202215
an 0.015228426395939087 0.3622448979591837 0.005516419765875894
calls 0.005076142131979695 0.01020408163265306 5.179736869367035e-05
their 0.015228426395939087 0.3520408163265306 0.005361027659794883
and 0.05583756345177665 0.8571428571428571 0.047860768672951415
vishu 0.030456852791878174 0.00510204081632653 0.00015539210608101107
return 0.005076142131979695 0.030612244897959183 0.00015539210608101107
to 0.06598984771573604 0.7806122448979592 0.05151248316585518
delhi 0.015228426395939087 0.015306122448979591 0.00023308815912151664
where 0.015228426395939087 0.11224489795918367 0.001709313166891122
vishu 0.030456852791878174 0.00510204081632653 0.00015539210608101107
develops 0.005076142131979695 0.01020408163265306 5.179736869367035e-05
feelings 0.005076142131979695 0.015306122448979591 7.769605304050554e-05
for 0.005076142131979695 0.3877551020408163 0.0019683000103594733
rinku 0.04060913705583756 0.00510204081632653 0.0002071894747746814
while 0.01015228426395939 0.12244897959183673 0.0012431368486480886
rinku 0.04060913705583756 0.00510204081632653 0.0002071894747746814
tells 0.01015228426395939 0.03571428571428571 0.0003625815808556925
that 0.015228426395939087 0.40816326530612246 0.006215684243240443
sajjad 0.02030456852791878 0.00510204081632653 0.0001035947373873407
is 0.025380710659898477 0.5663265306122449 0.014373769812493525
back 0.005076142131979695 0.08673469387755102 0.00044027763389619805
in 0.02030456852791878 0.7346938775510204 0.014917642183777063
the 0.01015228426395939 0.9540816326530612 0.009686107945716357
city 0.005076142131979695 0.09183673469387756 0.0004661763182430332
and 0.05583756345177665 0.8571428571428571 0.047860768672951415
she 0.01015228426395939 0.19387755102040816 0.0019683000103594733
is 0.025380710659898477 0.5663265306122449 0.014373769812493525
eager 0.005076142131979695 0.01020408163265306 5.179736869367035e-05
to 0.06598984771573604 0.7806122448979592 0.05151248316585518
meet 0.005076142131979695 0.030612244897959183 0.00015539210608101107
whose 0.005076142131979695 0.04591836734693878 0.0002330881591215166
following 0.005076142131979695 0.025510204081632654 0.0001294934217341759
rinku 0.04060913705583756 0.00510204081632653 0.0002071894747746814
finds 0.01015228426395939 0.0663265306122449 0.0006733657930177147
that 0.015228426395939087 0.40816326530612246 0.006215684243240443
sajjad 0.02030456852791878 0.00510204081632653 0.0001035947373873407
not 0.005076142131979695 0.14795918367346939 0.0007510618460582201
exist 0.005076142131979695 0.01020408163265306 5.179736869367035e-05
in 0.02030456852791878 0.7346938775510204 0.014917642183777063
reality 0.005076142131979695 0.015306122448979591 7.769605304050554e-05
and 0.05583756345177665 0.8571428571428571 0.047860768672951415
is 0.025380710659898477 0.5663265306122449 0.014373769812493525
a 0.01015228426395939 0.8826530612244898 0.008960944784004972
an 0.015228426395939087 0.3622448979591837 0.005516419765875894
imaginary 0.005076142131979695 0.00510204081632653 2.5898684346835177e-05
character 0.005076142131979695 0.02040816326530612 0.0001035947373873407
