the 0.1 0.9540816326530612 0.09540816326530613
life 0.02 0.20408163265306123 0.004081632653061225
the 0.1 0.9540816326530612 0.09540816326530613
russian 0.04 0.04081632653061224 0.0016326530612244896
empress 0.02 0.00510204081632653 0.0001020408163265306
ekaterina 0.02 0.00510204081632653 0.0001020408163265306
ii 0.02 0.015306122448979591 0.0003061224489795918
catherine 0.02 0.00510204081632653 0.0001020408163265306
the 0.1 0.9540816326530612 0.09540816326530613
great 0.02 0.03571428571428571 0.0007142857142857143
a 0.02 0.8826530612244898 0.017653061224489796
german 0.02 0.02040816326530612 0.0004081632653061224
born 0.02 0.02040816326530612 0.0004081632653061224
princess 0.02 0.015306122448979591 0.0003061224489795918
who 0.04 0.39285714285714285 0.015714285714285715
came 0.04 0.00510204081632653 0.0002040816326530612
to 0.02 0.7806122448979592 0.015612244897959185
russia 0.02 0.02040816326530612 0.0004081632653061224
as 0.02 0.3469387755102041 0.0069387755102040816
bride 0.02 0.01020408163265306 0.0002040816326530612
for 0.02 0.3877551020408163 0.007755102040816327
the 0.1 0.9540816326530612 0.09540816326530613
young 0.02 0.15816326530612246 0.003163265306122449
peter 0.02 0.02040816326530612 0.0004081632653061224
iii 0.02 0.01020408163265306 0.0002040816326530612
chosen 0.02 0.015306122448979591 0.0003061224489795918
by 0.02 0.33163265306122447 0.0066326530612244895
his 0.02 0.44387755102040816 0.008877551020408164
aunt 0.02 0.01020408163265306 0.0002040816326530612
elisabeth 0.02 0.00510204081632653 0.0001020408163265306
and 0.02 0.8571428571428571 0.017142857142857144
who 0.04 0.39285714285714285 0.015714285714285715
once 0.02 0.061224489795918366 0.0012244897959183673
she 0.02 0.19387755102040816 0.0038775510204081634
came 0.04 0.00510204081632653 0.0002040816326530612
power 0.02 0.05102040816326531 0.0010204081632653062
transformed 0.02 0.00510204081632653 0.0001020408163265306
the 0.1 0.9540816326530612 0.09540816326530613
russian 0.04 0.04081632653061224 0.0016326530612244896
empire 0.02 0.01020408163265306 0.0002040816326530612
