murphy 0.014778325123152709 0.00510204081632653 7.539961797526891e-05
is 0.009852216748768473 0.5663265306122449 0.0055795717301699
an 0.0049261083743842365 0.3622448979591837 0.001784457625414698
american 0.0049261083743842365 0.01020408163265306 5.0266411983512615e-05
cinema 0.0049261083743842365 0.00510204081632653 2.5133205991756308e-05
school 0.0049261083743842365 0.05102040816326531 0.0002513320599175631
student 0.0049261083743842365 0.025510204081632654 0.00012566602995878155
living 0.0049261083743842365 0.05612244897959184 0.0002764652659093194
in 0.019704433497536946 0.7346938775510204 0.014476726651251635
paris 0.009852216748768473 0.04591836734693878 0.0004523977078516136
he 0.024630541871921183 0.34183673469387754 0.008419624007238363
a 0.034482758620689655 0.8826530612244898 0.03043631245601689
french 0.0049261083743842365 0.03571428571428571 0.00017593244194229416
girlfriend 0.0049261083743842365 0.02040816326530612 0.00010053282396702523
called 0.0049261083743842365 0.04591836734693878 0.0002261988539258068
electra 0.029556650246305417 0.00510204081632653 0.00015079923595053783
whom 0.0049261083743842365 0.02040816326530612 0.00010053282396702523
he 0.024630541871921183 0.34183673469387754 0.008419624007238363
dated 0.0049261083743842365 0.00510204081632653 2.5133205991756308e-05
for 0.014778325123152709 0.3877551020408163 0.005730370966120438
two 0.014778325123152709 0.12755102040816327 0.001884990449381723
years 0.014778325123152709 0.12244897959183673 0.0018095908314064541
one 0.009852216748768473 0.18877551020408162 0.0018598572433899667
day 0.009852216748768473 0.09183673469387756 0.0009047954157032272
they 0.009852216748768473 0.28061224489795916 0.002764652659093194
met 0.009852216748768473 0.00510204081632653 5.0266411983512615e-05
and 0.029556650246305417 0.8571428571428571 0.025334271639690355
a 0.034482758620689655 0.8826530612244898 0.03043631245601689
threesome 0.0049261083743842365 0.00510204081632653 2.5133205991756308e-05
with 0.019704433497536946 0.4387755102040816 0.00864582286116417
another 0.0049261083743842365 0.030612244897959183 0.00015079923595053785
woman 0.0049261083743842365 0.07142857142857142 0.0003518648838845883
a 0.034482758620689655 0.8826530612244898 0.03043631245601689
young 0.0049261083743842365 0.15816326530612246 0.0007791293857444456
blonde 0.0049261083743842365 0.00510204081632653 2.5133205991756308e-05
danish 0.0049261083743842365 0.00510204081632653 2.5133205991756308e-05
teenager 0.0049261083743842365 0.01020408163265306 5.0266411983512615e-05
named 0.0049261083743842365 0.03571428571428571 0.00017593244194229416
omi 0.014778325123152709 0.00510204081632653 7.539961797526891e-05
as 0.009852216748768473 0.3469387755102041 0.003418116014878858
a 0.034482758620689655 0.8826530612244898 0.03043631245601689
way 0.0049261083743842365 0.03571428571428571 0.00017593244194229416
to 0.019704433497536946 0.7806122448979592 0.015381522066954862
add 0.0049261083743842365 0.00510204081632653 2.5133205991756308e-05
excitement 0.0049261083743842365 0.00510204081632653 2.5133205991756308e-05
to 0.019704433497536946 0.7806122448979592 0.015381522066954862
their 0.014778325123152709 0.3520408163265306 0.005202573640293555
love 0.0049261083743842365 0.09183673469387756 0.0004523977078516136
life 0.0049261083743842365 0.20408163265306123 0.0010053282396702524
but 0.0049261083743842365 0.3112244897959184 0.001533125565497135
later 0.0049261083743842365 0.061224489795918366 0.0003015984719010757
he 0.024630541871921183 0.34183673469387754 0.008419624007238363
sex 0.009852216748768473 0.03571428571428571 0.0003518648838845883
with 0.019704433497536946 0.4387755102040816 0.00864582286116417
her 0.014778325123152709 0.2755102040816326 0.004071579370664521
behind 0.0049261083743842365 0.05612244897959184 0.0002764652659093194
electra 0.029556650246305417 0.00510204081632653 0.00015079923595053783
back 0.0049261083743842365 0.08673469387755102 0.00042726450185985723
as 0.009852216748768473 0.3469387755102041 0.003418116014878858
a 0.034482758620689655 0.8826530612244898 0.03043631245601689
result 0.0049261083743842365 0.01020408163265306 5.0266411983512615e-05
omi 0.014778325123152709 0.00510204081632653 7.539961797526891e-05
became 0.0049261083743842365 0.015306122448979591 7.539961797526893e-05
pregnant 0.0049261083743842365 0.01020408163265306 5.0266411983512615e-05
this 0.009852216748768473 0.17346938775510204 0.001709058007439429
unplanned 0.0049261083743842365 0.00510204081632653 2.5133205991756308e-05
pregnancy 0.0049261083743842365 0.01020408163265306 5.0266411983512615e-05
ended 0.0049261083743842365 0.01020408163265306 5.0266411983512615e-05
the 0.014778325123152709 0.9540816326530612 0.014099728561375289
relationship 0.0049261083743842365 0.05612244897959184 0.0002764652659093194
murphy 0.014778325123152709 0.00510204081632653 7.539961797526891e-05
and 0.029556650246305417 0.8571428571428571 0.025334271639690355
electra 0.029556650246305417 0.00510204081632653 0.00015079923595053783
on 0.0049261083743842365 0.3520408163265306 0.0017341912134311852
a 0.034482758620689655 0.8826530612244898 0.03043631245601689
horrible 0.0049261083743842365 0.00510204081632653 2.5133205991756308e-05
note 0.0049261083743842365 0.00510204081632653 2.5133205991756308e-05
and 0.029556650246305417 0.8571428571428571 0.025334271639690355
it 0.0049261083743842365 0.2193877551020408 0.0010807278576455213
forced 0.0049261083743842365 0.04081632653061224 0.00020106564793405046
murphy 0.014778325123152709 0.00510204081632653 7.539961797526891e-05
to 0.019704433497536946 0.7806122448979592 0.015381522066954862
marry 0.0049261083743842365 0.03571428571428571 0.00017593244194229416
omi 0.014778325123152709 0.00510204081632653 7.539961797526891e-05
in 0.019704433497536946 0.7346938775510204 0.014476726651251635
one 0.009852216748768473 0.18877551020408162 0.0018598572433899667
morning 0.0049261083743842365 0.01020408163265306 5.0266411983512615e-05
electra 0.029556650246305417 0.00510204081632653 0.00015079923595053783
mother 0.0049261083743842365 0.05612244897959184 0.0002764652659093194
nora 0.0049261083743842365 0.00510204081632653 2.5133205991756308e-05
phones 0.0049261083743842365 0.00510204081632653 2.5133205991756308e-05
to 0.019704433497536946 0.7806122448979592 0.015381522066954862
ask 0.0049261083743842365 0.00510204081632653 2.5133205991756308e-05
if 0.0049261083743842365 0.03571428571428571 0.00017593244194229416
he 0.024630541871921183 0.34183673469387754 0.008419624007238363
heard 0.009852216748768473 0.00510204081632653 5.0266411983512615e-05
from 0.009852216748768473 0.3520408163265306 0.0034683824268623704
electra 0.029556650246305417 0.00510204081632653 0.00015079923595053783
she 0.0049261083743842365 0.19387755102040816 0.0009550618276867397
heard 0.009852216748768473 0.00510204081632653 5.0266411983512615e-05
from 0.009852216748768473 0.3520408163265306 0.0034683824268623704
her 0.014778325123152709 0.2755102040816326 0.004071579370664521
for 0.014778325123152709 0.3877551020408163 0.005730370966120438
three 0.0049261083743842365 0.030612244897959183 0.00015079923595053785
months 0.0049261083743842365 0.01020408163265306 5.0266411983512615e-05
and 0.029556650246305417 0.8571428571428571 0.025334271639690355
given 0.0049261083743842365 0.01020408163265306 5.0266411983512615e-05
her 0.014778325123152709 0.2755102040816326 0.004071579370664521
daughter 0.0049261083743842365 0.05102040816326531 0.0002513320599175631
suicidal 0.0049261083743842365 0.00510204081632653 2.5133205991756308e-05
tendencies 0.0049261083743842365 0.01020408163265306 5.0266411983512615e-05
for 0.014778325123152709 0.3877551020408163 0.005730370966120438
the 0.014778325123152709 0.9540816326530612 0.014099728561375289
rest 0.0049261083743842365 0.025510204081632654 0.00012566602995878155
this 0.009852216748768473 0.17346938775510204 0.001709058007439429
day 0.009852216748768473 0.09183673469387756 0.0009047954157032272
he 0.024630541871921183 0.34183673469387754 0.008419624007238363
recalls 0.0049261083743842365 0.01020408163265306 5.0266411983512615e-05
his 0.0049261083743842365 0.44387755102040816 0.002186588921282799
past 0.0049261083743842365 0.04591836734693878 0.0002261988539258068
two 0.014778325123152709 0.12755102040816327 0.001884990449381723
years 0.014778325123152709 0.12244897959183673 0.0018095908314064541
with 0.019704433497536946 0.4387755102040816 0.00864582286116417
electra 0.029556650246305417 0.00510204081632653 0.00015079923595053783
in 0.019704433497536946 0.7346938775510204 0.014476726651251635
a 0.034482758620689655 0.8826530612244898 0.03043631245601689
series 0.0049261083743842365 0.07142857142857142 0.0003518648838845883
fragmented 0.0049261083743842365 0.00510204081632653 2.5133205991756308e-05
nonlinear 0.0049261083743842365 0.00510204081632653 2.5133205991756308e-05
flashbacks 0.0049261083743842365 0.01020408163265306 5.0266411983512615e-05
how 0.0049261083743842365 0.09183673469387756 0.0004523977078516136
they 0.009852216748768473 0.28061224489795916 0.002764652659093194
first 0.0049261083743842365 0.08163265306122448 0.0004021312958681009
met 0.009852216748768473 0.00510204081632653 5.0266411983512615e-05
in 0.019704433497536946 0.7346938775510204 0.014476726651251635
paris 0.009852216748768473 0.04591836734693878 0.0004523977078516136
their 0.014778325123152709 0.3520408163265306 0.005202573640293555
quick 0.0049261083743842365 0.00510204081632653 2.5133205991756308e-05
hookup 0.0049261083743842365 0.00510204081632653 2.5133205991756308e-05
and 0.029556650246305417 0.8571428571428571 0.025334271639690355
their 0.014778325123152709 0.3520408163265306 0.005202573640293555
lives 0.0049261083743842365 0.12244897959183673 0.0006031969438021514
the 0.014778325123152709 0.9540816326530612 0.014099728561375289
next 0.0049261083743842365 0.015306122448979591 7.539961797526893e-05
two 0.014778325123152709 0.12755102040816327 0.001884990449381723
years 0.014778325123152709 0.12244897959183673 0.0018095908314064541
is 0.009852216748768473 0.5663265306122449 0.0055795717301699
filled 0.0049261083743842365 0.015306122448979591 7.539961797526893e-05
with 0.019704433497536946 0.4387755102040816 0.00864582286116417
drug 0.0049261083743842365 0.04081632653061224 0.00020106564793405046
abuse 0.0049261083743842365 0.01020408163265306 5.0266411983512615e-05
rough 0.0049261083743842365 0.00510204081632653 2.5133205991756308e-05
sex 0.009852216748768473 0.03571428571428571 0.0003518648838845883
and 0.029556650246305417 0.8571428571428571 0.025334271639690355
tender 0.0049261083743842365 0.00510204081632653 2.5133205991756308e-05
moments 0.0049261083743842365 0.01020408163265306 5.0266411983512615e-05
