gilles 0.028985507246376812 0.00510204081632653 0.0001478852410529429
a 0.036231884057971016 0.8826530612244898 0.03198018337769891
young 0.007246376811594203 0.15816326530612246 0.0011461106181603078
belgian 0.007246376811594203 0.01020408163265306 7.394262052647145e-05
man 0.007246376811594203 0.12755102040816327 0.0009242827565808932
is 0.028985507246376812 0.5663265306122449 0.016415261756876666
arrested 0.007246376811594203 0.01020408163265306 7.394262052647145e-05
by 0.021739130434782608 0.33163265306122447 0.007209405501330967
the 0.050724637681159424 0.9540816326530612 0.048395445134575575
ss 0.007246376811594203 0.00510204081632653 3.6971310263235726e-05
alongside 0.007246376811594203 0.00510204081632653 3.6971310263235726e-05
jews 0.007246376811594203 0.00510204081632653 3.6971310263235726e-05
and 0.014492753623188406 0.8571428571428571 0.012422360248447204
sent 0.007246376811594203 0.00510204081632653 3.6971310263235726e-05
to 0.043478260869565216 0.7806122448979592 0.0339396628216504
a 0.036231884057971016 0.8826530612244898 0.03198018337769891
concentration 0.007246376811594203 0.01020408163265306 7.394262052647145e-05
camp 0.014492753623188406 0.02040816326530612 0.0002957704821058858
in 0.021739130434782608 0.7346938775510204 0.015971606033717837
germany 0.007246376811594203 0.00510204081632653 3.6971310263235726e-05
he 0.021739130434782608 0.34183673469387754 0.007431233362910381
narrowly 0.007246376811594203 0.01020408163265306 7.394262052647145e-05
avoids 0.007246376811594203 0.00510204081632653 3.6971310263235726e-05
execution 0.007246376811594203 0.00510204081632653 3.6971310263235726e-05
by 0.021739130434782608 0.33163265306122447 0.007209405501330967
swearing 0.007246376811594203 0.00510204081632653 3.6971310263235726e-05
to 0.043478260869565216 0.7806122448979592 0.0339396628216504
the 0.050724637681159424 0.9540816326530612 0.048395445134575575
guards 0.007246376811594203 0.015306122448979591 0.00011091393078970719
that 0.014492753623188406 0.40816326530612246 0.005915409642117717
he 0.021739130434782608 0.34183673469387754 0.007431233362910381
is 0.028985507246376812 0.5663265306122449 0.016415261756876666
not 0.007246376811594203 0.14795918367346939 0.0010721679976338362
jewish 0.007246376811594203 0.015306122448979591 0.00011091393078970719
but 0.014492753623188406 0.3112244897959184 0.004510499852114759
persian 0.014492753623188406 0.00510204081632653 7.394262052647145e-05
this 0.007246376811594203 0.17346938775510204 0.0012570245489500148
lie 0.007246376811594203 0.00510204081632653 3.6971310263235726e-05
temporarily 0.007246376811594203 0.00510204081632653 3.6971310263235726e-05
saves 0.007246376811594203 0.01020408163265306 7.394262052647145e-05
but 0.014492753623188406 0.3112244897959184 0.004510499852114759
then 0.007246376811594203 0.05612244897959184 0.000406684412895593
gilles 0.028985507246376812 0.00510204081632653 0.0001478852410529429
is 0.028985507246376812 0.5663265306122449 0.016415261756876666
assigned 0.007246376811594203 0.01020408163265306 7.394262052647145e-05
a 0.036231884057971016 0.8826530612244898 0.03198018337769891
seemingly 0.007246376811594203 0.01020408163265306 7.394262052647145e-05
untenable 0.007246376811594203 0.00510204081632653 3.6971310263235726e-05
mission 0.007246376811594203 0.07142857142857142 0.0005175983436853001
to 0.043478260869565216 0.7806122448979592 0.0339396628216504
teach 0.007246376811594203 0.00510204081632653 3.6971310263235726e-05
persian 0.014492753623188406 0.00510204081632653 7.394262052647145e-05
to 0.043478260869565216 0.7806122448979592 0.0339396628216504
koch 0.007246376811594203 0.00510204081632653 3.6971310263235726e-05
the 0.050724637681159424 0.9540816326530612 0.048395445134575575
officer 0.007246376811594203 0.04591836734693878 0.0003327417923691216
in 0.021739130434782608 0.7346938775510204 0.015971606033717837
charge 0.007246376811594203 0.01020408163265306 7.394262052647145e-05
the 0.050724637681159424 0.9540816326530612 0.048395445134575575
camp 0.014492753623188406 0.02040816326530612 0.0002957704821058858
kitchen 0.007246376811594203 0.00510204081632653 3.6971310263235726e-05
who 0.007246376811594203 0.39285714285714285 0.002846790890269151
dreams 0.007246376811594203 0.04081632653061224 0.0002957704821058858
opening 0.007246376811594203 0.00510204081632653 3.6971310263235726e-05
a 0.036231884057971016 0.8826530612244898 0.03198018337769891
restaurant 0.007246376811594203 0.00510204081632653 3.6971310263235726e-05
in 0.021739130434782608 0.7346938775510204 0.015971606033717837
persia 0.007246376811594203 0.00510204081632653 3.6971310263235726e-05
iran 0.007246376811594203 0.00510204081632653 3.6971310263235726e-05
once 0.007246376811594203 0.061224489795918366 0.00044365572315882877
the 0.050724637681159424 0.9540816326530612 0.048395445134575575
war 0.007246376811594203 0.05612244897959184 0.000406684412895593
is 0.028985507246376812 0.5663265306122449 0.016415261756876666
gilles 0.028985507246376812 0.00510204081632653 0.0001478852410529429
finds 0.007246376811594203 0.0663265306122449 0.0004806270334220645
having 0.007246376811594203 0.04081632653061224 0.0002957704821058858
to 0.043478260869565216 0.7806122448979592 0.0339396628216504
invent 0.007246376811594203 0.00510204081632653 3.6971310263235726e-05
a 0.036231884057971016 0.8826530612244898 0.03198018337769891
language 0.007246376811594203 0.00510204081632653 3.6971310263235726e-05
he 0.021739130434782608 0.34183673469387754 0.007431233362910381
know 0.007246376811594203 0.07142857142857142 0.0005175983436853001
word 0.014492753623188406 0.01020408163265306 0.0001478852410529429
by 0.021739130434782608 0.33163265306122447 0.007209405501330967
word 0.014492753623188406 0.01020408163265306 0.0001478852410529429
as 0.007246376811594203 0.3469387755102041 0.0025140490979000296
the 0.050724637681159424 0.9540816326530612 0.048395445134575575
unusual 0.007246376811594203 0.01020408163265306 7.394262052647145e-05
relationship 0.007246376811594203 0.05612244897959184 0.000406684412895593
the 0.050724637681159424 0.9540816326530612 0.048395445134575575
two 0.007246376811594203 0.12755102040816327 0.0009242827565808932
men 0.007246376811594203 0.04591836734693878 0.0003327417923691216
begins 0.007246376811594203 0.07142857142857142 0.0005175983436853001
to 0.043478260869565216 0.7806122448979592 0.0339396628216504
incite 0.007246376811594203 0.00510204081632653 3.6971310263235726e-05
jealousy 0.007246376811594203 0.00510204081632653 3.6971310263235726e-05
and 0.014492753623188406 0.8571428571428571 0.012422360248447204
suspicion 0.007246376811594203 0.00510204081632653 3.6971310263235726e-05
gilles 0.028985507246376812 0.00510204081632653 0.0001478852410529429
becomes 0.007246376811594203 0.07142857142857142 0.0005175983436853001
acutely 0.007246376811594203 0.00510204081632653 3.6971310263235726e-05
aware 0.007246376811594203 0.01020408163265306 7.394262052647145e-05
that 0.014492753623188406 0.40816326530612246 0.005915409642117717
one 0.007246376811594203 0.18877551020408162 0.0013679384797397219
false 0.007246376811594203 0.01020408163265306 7.394262052647145e-05
move 0.007246376811594203 0.025510204081632654 0.00018485655131617864
could 0.007246376811594203 0.030612244897959183 0.00022182786157941438
expose 0.007246376811594203 0.015306122448979591 0.00011091393078970719
his 0.007246376811594203 0.44387755102040816 0.0032165039929015083
swindle 0.007246376811594203 0.00510204081632653 3.6971310263235726e-05
