centers 0.07692307692307693 0.015306122448979591 0.0011773940345368918
in 0.15384615384615385 0.7346938775510204 0.11302982731554162
the 0.07692307692307693 0.9540816326530612 0.07339089481946626
theme 0.07692307692307693 0.00510204081632653 0.00039246467817896386
reincarnation 0.07692307692307693 0.00510204081632653 0.00039246467817896386
unfolding 0.07692307692307693 0.00510204081632653 0.00039246467817896386
in 0.15384615384615385 0.7346938775510204 0.11302982731554162
kolkata 0.07692307692307693 0.00510204081632653 0.00039246467817896386
and 0.07692307692307693 0.8571428571428571 0.06593406593406594
hyderabad 0.07692307692307693 0.00510204081632653 0.00039246467817896386
