sheriff 0.010416666666666666 0.01020408163265306 0.0001062925170068027
deputy 0.010416666666666666 0.00510204081632653 5.314625850340135e-05
rick 0.010416666666666666 0.00510204081632653 5.314625850340135e-05
grimes 0.010416666666666666 0.00510204081632653 5.314625850340135e-05
gets 0.020833333333333332 0.04081632653061224 0.0008503401360544216
shot 0.010416666666666666 0.01020408163265306 0.0001062925170068027
and 0.041666666666666664 0.8571428571428571 0.03571428571428571
falls 0.010416666666666666 0.03571428571428571 0.0003720238095238095
a 0.041666666666666664 0.8826530612244898 0.03677721088435374
coma 0.010416666666666666 0.01020408163265306 0.0001062925170068027
when 0.010416666666666666 0.27040816326530615 0.002816751700680272
awoken 0.010416666666666666 0.00510204081632653 5.314625850340135e-05
he 0.052083333333333336 0.34183673469387754 0.017803996598639456
finds 0.010416666666666666 0.0663265306122449 0.0006909013605442177
in 0.010416666666666666 0.7346938775510204 0.007653061224489796
a 0.041666666666666664 0.8826530612244898 0.03677721088435374
zombie 0.010416666666666666 0.00510204081632653 5.314625850340135e-05
apocalypse 0.010416666666666666 0.00510204081632653 5.314625850340135e-05
not 0.010416666666666666 0.14795918367346939 0.0015412414965986394
knowing 0.010416666666666666 0.025510204081632654 0.00026573129251700677
what 0.010416666666666666 0.1377551020408163 0.0014349489795918366
to 0.08333333333333333 0.7806122448979592 0.06505102040816327
he 0.052083333333333336 0.34183673469387754 0.017803996598639456
sets 0.010416666666666666 0.05612244897959184 0.000584608843537415
out 0.010416666666666666 0.18877551020408162 0.00196641156462585
to 0.08333333333333333 0.7806122448979592 0.06505102040816327
find 0.020833333333333332 0.08163265306122448 0.0017006802721088433
his 0.010416666666666666 0.44387755102040816 0.004623724489795918
family 0.010416666666666666 0.22448979591836735 0.00233843537414966
after 0.010416666666666666 0.1989795918367347 0.0020727040816326528
he 0.052083333333333336 0.34183673469387754 0.017803996598639456
done 0.010416666666666666 0.01020408163265306 0.0001062925170068027
that 0.010416666666666666 0.40816326530612246 0.004251700680272108
he 0.052083333333333336 0.34183673469387754 0.017803996598639456
gets 0.020833333333333332 0.04081632653061224 0.0008503401360544216
connected 0.010416666666666666 0.00510204081632653 5.314625850340135e-05
to 0.08333333333333333 0.7806122448979592 0.06505102040816327
a 0.041666666666666664 0.8826530612244898 0.03677721088435374
group 0.020833333333333332 0.05102040816326531 0.001062925170068027
to 0.08333333333333333 0.7806122448979592 0.06505102040816327
become 0.010416666666666666 0.05612244897959184 0.000584608843537415
the 0.03125 0.9540816326530612 0.029815051020408163
leader 0.010416666666666666 0.01020408163265306 0.0001062925170068027
he 0.052083333333333336 0.34183673469387754 0.017803996598639456
takes 0.010416666666666666 0.05612244897959184 0.000584608843537415
charge 0.010416666666666666 0.01020408163265306 0.0001062925170068027
and 0.041666666666666664 0.8571428571428571 0.03571428571428571
tries 0.010416666666666666 0.030612244897959183 0.00031887755102040814
to 0.08333333333333333 0.7806122448979592 0.06505102040816327
help 0.010416666666666666 0.10204081632653061 0.001062925170068027
this 0.020833333333333332 0.17346938775510204 0.003613945578231292
group 0.020833333333333332 0.05102040816326531 0.001062925170068027
people 0.010416666666666666 0.11734693877551021 0.0012223639455782313
survive 0.020833333333333332 0.02040816326530612 0.0004251700680272108
find 0.020833333333333332 0.08163265306122448 0.0017006802721088433
a 0.041666666666666664 0.8826530612244898 0.03677721088435374
place 0.010416666666666666 0.05612244897959184 0.000584608843537415
to 0.08333333333333333 0.7806122448979592 0.06505102040816327
live 0.010416666666666666 0.05612244897959184 0.000584608843537415
and 0.041666666666666664 0.8571428571428571 0.03571428571428571
get 0.010416666666666666 0.0663265306122449 0.0006909013605442177
food 0.010416666666666666 0.015306122448979591 0.00015943877551020407
this 0.020833333333333332 0.17346938775510204 0.003613945578231292
show 0.010416666666666666 0.030612244897959183 0.00031887755102040814
is 0.010416666666666666 0.5663265306122449 0.005899234693877551
all 0.010416666666666666 0.17346938775510204 0.001806972789115646
survival 0.010416666666666666 0.015306122448979591 0.00015943877551020407
the 0.03125 0.9540816326530612 0.029815051020408163
risks 0.010416666666666666 0.00510204081632653 5.314625850340135e-05
and 0.041666666666666664 0.8571428571428571 0.03571428571428571
the 0.03125 0.9540816326530612 0.029815051020408163
things 0.010416666666666666 0.04081632653061224 0.0004251700680272108
to 0.08333333333333333 0.7806122448979592 0.06505102040816327
to 0.08333333333333333 0.7806122448979592 0.06505102040816327
survive 0.020833333333333332 0.02040816326530612 0.0004251700680272108
