during 0.022222222222222223 0.04591836734693878 0.0010204081632653062
the 0.044444444444444446 0.9540816326530612 0.04240362811791384
cold 0.022222222222222223 0.025510204081632654 0.0005668934240362812
war 0.022222222222222223 0.05612244897959184 0.0012471655328798186
an 0.022222222222222223 0.3622448979591837 0.008049886621315193
organization 0.022222222222222223 0.00510204081632653 0.00011337868480725623
called 0.022222222222222223 0.04591836734693878 0.0010204081632653062
patriot 0.022222222222222223 0.00510204081632653 0.00011337868480725623
created 0.022222222222222223 0.02040816326530612 0.0004535147392290249
a 0.022222222222222223 0.8826530612244898 0.01961451247165533
squad 0.022222222222222223 0.01020408163265306 0.00022675736961451246
includes 0.022222222222222223 0.00510204081632653 0.00011337868480725623
members 0.022222222222222223 0.02040816326530612 0.0004535147392290249
multiple 0.022222222222222223 0.01020408163265306 0.00022675736961451246
soviet 0.022222222222222223 0.030612244897959183 0.0006802721088435375
republics 0.022222222222222223 0.00510204081632653 0.00011337868480725623
for 0.022222222222222223 0.3877551020408163 0.008616780045351474
years 0.022222222222222223 0.12244897959183673 0.00272108843537415
the 0.044444444444444446 0.9540816326530612 0.04240362811791384
heroes 0.022222222222222223 0.02040816326530612 0.0004535147392290249
to 0.022222222222222223 0.7806122448979592 0.017346938775510204
hide 0.022222222222222223 0.00510204081632653 0.00011337868480725623
their 0.022222222222222223 0.3520408163265306 0.007823129251700681
identities 0.022222222222222223 0.01020408163265306 0.00022675736961451246
but 0.022222222222222223 0.3112244897959184 0.006916099773242631
in 0.022222222222222223 0.7346938775510204 0.0163265306122449
hard 0.022222222222222223 0.01020408163265306 0.00022675736961451246
times 0.022222222222222223 0.015306122448979591 0.00034013605442176874
they 0.022222222222222223 0.28061224489795916 0.006235827664399092
must 0.022222222222222223 0.07653061224489796 0.0017006802721088437
show 0.022222222222222223 0.030612244897959183 0.0006802721088435375
