by 0.008264462809917356 0.33163265306122447 0.0027407657277787145
daylight 0.008264462809917356 0.00510204081632653 4.2165626581210996e-05
marinette 0.008264462809917356 0.00510204081632653 4.2165626581210996e-05
and 0.03305785123966942 0.8571428571428571 0.02833530106257379
adrien 0.008264462809917356 0.00510204081632653 4.2165626581210996e-05
agreste 0.008264462809917356 0.00510204081632653 4.2165626581210996e-05
ordinary 0.01652892561983471 0.03571428571428571 0.0005903187721369539
teenagers 0.008264462809917356 0.015306122448979591 0.00012649687974363298
but 0.008264462809917356 0.3112244897959184 0.002572103221453871
unbeknownst 0.008264462809917356 0.01020408163265306 8.433125316242199e-05
to 0.04132231404958678 0.7806122448979592 0.032256704334626414
their 0.03305785123966942 0.3520408163265306 0.011637712936414236
family 0.01652892561983471 0.22448979591836735 0.0037105751391465678
and 0.03305785123966942 0.8571428571428571 0.02833530106257379
friends 0.01652892561983471 0.05102040816326531 0.0008433125316242199
the 0.049586776859504134 0.9540816326530612 0.04730983302411874
two 0.01652892561983471 0.12755102040816327 0.00210828132906055
carry 0.008264462809917356 0.01020408163265306 8.433125316242199e-05
a 0.01652892561983471 0.8826530612244898 0.014589306797099006
huge 0.008264462809917356 0.01020408163265306 8.433125316242199e-05
secret 0.008264462809917356 0.061224489795918366 0.0005059875189745319
using 0.008264462809917356 0.015306122448979591 0.00012649687974363298
the 0.049586776859504134 0.9540816326530612 0.04730983302411874
powers 0.008264462809917356 0.030612244897959183 0.00025299375948726596
magical 0.008264462809917356 0.015306122448979591 0.00012649687974363298
creatures 0.008264462809917356 0.015306122448979591 0.00012649687974363298
called 0.008264462809917356 0.04591836734693878 0.000379490639230899
kwami 0.008264462809917356 0.00510204081632653 4.2165626581210996e-05
they 0.01652892561983471 0.28061224489795916 0.00463821892393321
transform 0.008264462809917356 0.015306122448979591 0.00012649687974363298
the 0.049586776859504134 0.9540816326530612 0.04730983302411874
superheroes 0.008264462809917356 0.00510204081632653 4.2165626581210996e-05
ladybug 0.008264462809917356 0.00510204081632653 4.2165626581210996e-05
and 0.03305785123966942 0.8571428571428571 0.02833530106257379
cat 0.008264462809917356 0.01020408163265306 8.433125316242199e-05
noir 0.008264462809917356 0.00510204081632653 4.2165626581210996e-05
with 0.01652892561983471 0.4387755102040816 0.0072524877719682915
a 0.01652892561983471 0.8826530612244898 0.014589306797099006
mission 0.008264462809917356 0.07142857142857142 0.0005903187721369539
to 0.04132231404958678 0.7806122448979592 0.032256704334626414
protect 0.008264462809917356 0.02040816326530612 0.00016866250632484398
the 0.049586776859504134 0.9540816326530612 0.04730983302411874
city 0.008264462809917356 0.09183673469387756 0.000758981278461798
paris 0.008264462809917356 0.04591836734693878 0.000379490639230899
from 0.008264462809917356 0.3520408163265306 0.002909428234103559
the 0.049586776859504134 0.9540816326530612 0.04730983302411874
evil 0.008264462809917356 0.03571428571428571 0.00029515938606847696
hawk 0.008264462809917356 0.00510204081632653 4.2165626581210996e-05
moth 0.008264462809917356 0.00510204081632653 4.2165626581210996e-05
the 0.049586776859504134 0.9540816326530612 0.04730983302411874
two 0.01652892561983471 0.12755102040816327 0.00210828132906055
must 0.01652892561983471 0.07653061224489796 0.00126496879743633
learn 0.01652892561983471 0.02040816326530612 0.00033732501264968796
to 0.04132231404958678 0.7806122448979592 0.032256704334626414
cope 0.008264462809917356 0.00510204081632653 4.2165626581210996e-05
with 0.01652892561983471 0.4387755102040816 0.0072524877719682915
their 0.03305785123966942 0.3520408163265306 0.011637712936414236
new 0.008264462809917356 0.1377551020408163 0.0011384719176926968
responsibilities 0.008264462809917356 0.00510204081632653 4.2165626581210996e-05
as 0.01652892561983471 0.3469387755102041 0.0057345252150446955
well 0.008264462809917356 0.02040816326530612 0.00016866250632484398
as 0.01652892561983471 0.3469387755102041 0.0057345252150446955
ordinary 0.01652892561983471 0.03571428571428571 0.0005903187721369539
troubles 0.008264462809917356 0.00510204081632653 4.2165626581210996e-05
involving 0.008264462809917356 0.015306122448979591 0.00012649687974363298
love 0.008264462809917356 0.09183673469387756 0.000758981278461798
school 0.008264462809917356 0.05102040816326531 0.00042165626581210997
family 0.01652892561983471 0.22448979591836735 0.0037105751391465678
and 0.03305785123966942 0.8571428571428571 0.02833530106257379
friends 0.01652892561983471 0.05102040816326531 0.0008433125316242199
most 0.008264462809917356 0.07653061224489796 0.000632484398718165
all 0.008264462809917356 0.17346938775510204 0.0014336313037611739
they 0.01652892561983471 0.28061224489795916 0.00463821892393321
must 0.01652892561983471 0.07653061224489796 0.00126496879743633
learn 0.01652892561983471 0.02040816326530612 0.00033732501264968796
to 0.04132231404958678 0.7806122448979592 0.032256704334626414
put 0.008264462809917356 0.03571428571428571 0.00029515938606847696
their 0.03305785123966942 0.3520408163265306 0.011637712936414236
romantic 0.008264462809917356 0.00510204081632653 4.2165626581210996e-05
feelings 0.008264462809917356 0.015306122448979591 0.00012649687974363298
aside 0.008264462809917356 0.00510204081632653 4.2165626581210996e-05
in 0.008264462809917356 0.7346938775510204 0.006071850227694384
order 0.008264462809917356 0.04081632653061224 0.00033732501264968796
to 0.04132231404958678 0.7806122448979592 0.032256704334626414
perform 0.008264462809917356 0.01020408163265306 8.433125316242199e-05
their 0.03305785123966942 0.3520408163265306 0.011637712936414236
duty 0.008264462809917356 0.00510204081632653 4.2165626581210996e-05
unaware 0.008264462809917356 0.00510204081632653 4.2165626581210996e-05
true 0.008264462809917356 0.02040816326530612 0.00016866250632484398
identities 0.008264462809917356 0.01020408163265306 8.433125316242199e-05
moon 0.008264462809917356 0.01020408163265306 8.433125316242199e-05
