set 0.017241379310344827 0.05102040816326531 0.0008796622097114708
in 0.017241379310344827 0.7346938775510204 0.012667135819845179
early 0.017241379310344827 0.030612244897959183 0.0005277973258268825
bombay 0.017241379310344827 0.01020408163265306 0.00017593244194229413
scam 0.034482758620689655 0.00510204081632653 0.00017593244194229413
the 0.1206896551724138 0.9540816326530612 0.11514778325123154
harshad 0.034482758620689655 0.00510204081632653 0.00017593244194229413
mehta 0.017241379310344827 0.00510204081632653 8.796622097114707e-05
story 0.017241379310344827 0.12755102040816327 0.002199155524278677
captures 0.017241379310344827 0.015306122448979591 0.00026389866291344125
the 0.1206896551724138 0.9540816326530612 0.11514778325123154
meteoric 0.017241379310344827 0.00510204081632653 8.796622097114707e-05
rise 0.017241379310344827 0.02040816326530612 0.00035186488388458826
and 0.017241379310344827 0.8571428571428571 0.014778325123152709
fall 0.017241379310344827 0.01020408163265306 0.00017593244194229413
harshad 0.034482758620689655 0.00510204081632653 0.00017593244194229413
the 0.1206896551724138 0.9540816326530612 0.11514778325123154
flamboyant 0.017241379310344827 0.00510204081632653 8.796622097114707e-05
big 0.017241379310344827 0.02040816326530612 0.00035186488388458826
bull 0.017241379310344827 0.00510204081632653 8.796622097114707e-05
the 0.1206896551724138 0.9540816326530612 0.11514778325123154
stock 0.017241379310344827 0.00510204081632653 8.796622097114707e-05
market 0.017241379310344827 0.00510204081632653 8.796622097114707e-05
when 0.017241379310344827 0.27040816326530615 0.004662209711470796
feisty 0.017241379310344827 0.00510204081632653 8.796622097114707e-05
financial 0.034482758620689655 0.01020408163265306 0.00035186488388458826
journalist 0.017241379310344827 0.00510204081632653 8.796622097114707e-05
sucheta 0.017241379310344827 0.00510204081632653 8.796622097114707e-05
dalal 0.017241379310344827 0.00510204081632653 8.796622097114707e-05
exposed 0.017241379310344827 0.00510204081632653 8.796622097114707e-05
as 0.017241379310344827 0.3469387755102041 0.005981703026038001
the 0.1206896551724138 0.9540816326530612 0.11514778325123154
man 0.017241379310344827 0.12755102040816327 0.002199155524278677
behind 0.017241379310344827 0.05612244897959184 0.0009676284306826178
india 0.017241379310344827 0.04081632653061224 0.0007037297677691765
biggest 0.017241379310344827 0.01020408163265306 0.00017593244194229413
financial 0.034482758620689655 0.01020408163265306 0.00035186488388458826
scam 0.034482758620689655 0.00510204081632653 0.00017593244194229413
the 0.1206896551724138 0.9540816326530612 0.11514778325123154
time 0.017241379310344827 0.14795918367346939 0.002551020408163265
it 0.017241379310344827 0.2193877551020408 0.0037825475017593244
shook 0.017241379310344827 0.00510204081632653 8.796622097114707e-05
the 0.1206896551724138 0.9540816326530612 0.11514778325123154
nation 0.017241379310344827 0.01020408163265306 0.00017593244194229413
