hindi 0.01098901098901099 0.00510204081632653 5.6066382596994845e-05
literature 0.01098901098901099 0.00510204081632653 5.6066382596994845e-05
professor 0.01098901098901099 0.015306122448979591 0.00016819914779098454
in 0.01098901098901099 0.7346938775510204 0.008073559093967259
a 0.03296703296703297 0.8826530612244898 0.029098452567840324
darjeeling 0.01098901098901099 0.00510204081632653 5.6066382596994845e-05
college 0.01098901098901099 0.02040816326530612 0.00022426553038797938
juhi 0.03296703296703297 0.00510204081632653 0.0001681991477909845
adhikary 0.01098901098901099 0.00510204081632653 5.6066382596994845e-05
accuses 0.01098901098901099 0.00510204081632653 5.6066382596994845e-05
her 0.01098901098901099 0.2755102040816326 0.0030275846602377215
student 0.01098901098901099 0.025510204081632654 0.0002803319129849742
rhea 0.03296703296703297 0.00510204081632653 0.0001681991477909845
rajguru 0.01098901098901099 0.00510204081632653 5.6066382596994845e-05
plagiarism 0.01098901098901099 0.00510204081632653 5.6066382596994845e-05
while 0.01098901098901099 0.12244897959183673 0.0013455931823278763
rhea 0.03296703296703297 0.00510204081632653 0.0001681991477909845
pleads 0.01098901098901099 0.00510204081632653 5.6066382596994845e-05
that 0.02197802197802198 0.40816326530612246 0.008970621215519175
she 0.01098901098901099 0.19387755102040816 0.002130522538685804
is 0.02197802197802198 0.5663265306122449 0.012446736936532856
innocent 0.01098901098901099 0.01020408163265306 0.00011213276519398969
this 0.01098901098901099 0.17346938775510204 0.0019062570082978248
sets 0.01098901098901099 0.05612244897959184 0.0006167302085669434
a 0.03296703296703297 0.8826530612244898 0.029098452567840324
series 0.01098901098901099 0.07142857142857142 0.0007849293563579278
incidents 0.01098901098901099 0.01020408163265306 0.00011213276519398969
with 0.01098901098901099 0.4387755102040816 0.004821708903341557
juhi 0.03296703296703297 0.00510204081632653 0.0001681991477909845
and 0.02197802197802198 0.8571428571428571 0.01883830455259027
rhea 0.03296703296703297 0.00510204081632653 0.0001681991477909845
getting 0.01098901098901099 0.02040816326530612 0.00022426553038797938
crosshairs 0.01098901098901099 0.00510204081632653 5.6066382596994845e-05
matters 0.01098901098901099 0.00510204081632653 5.6066382596994845e-05
soon 0.01098901098901099 0.04081632653061224 0.00044853106077595876
spiral 0.01098901098901099 0.01020408163265306 0.00011213276519398969
out 0.01098901098901099 0.18877551020408162 0.002074456156088809
control 0.01098901098901099 0.04591836734693878 0.0005045974433729537
triggering 0.01098901098901099 0.00510204081632653 5.6066382596994845e-05
an 0.01098901098901099 0.3622448979591837 0.003980713164386634
adverse 0.01098901098901099 0.00510204081632653 5.6066382596994845e-05
psychological 0.01098901098901099 0.00510204081632653 5.6066382596994845e-05
combat 0.01098901098901099 0.00510204081632653 5.6066382596994845e-05
that 0.02197802197802198 0.40816326530612246 0.008970621215519175
leads 0.01098901098901099 0.030612244897959183 0.00033639829558196907
to 0.01098901098901099 0.7806122448979592 0.008578156537340212
a 0.03296703296703297 0.8826530612244898 0.029098452567840324
shocking 0.01098901098901099 0.015306122448979591 0.00016819914779098454
revelation 0.01098901098901099 0.01020408163265306 0.00011213276519398969
amidst 0.01098901098901099 0.00510204081632653 5.6066382596994845e-05
it 0.01098901098901099 0.2193877551020408 0.0024108544516707785
all 0.01098901098901099 0.17346938775510204 0.0019062570082978248
things 0.01098901098901099 0.04081632653061224 0.00044853106077595876
get 0.01098901098901099 0.0663265306122449 0.000728862973760933
complicated 0.01098901098901099 0.01020408163265306 0.00011213276519398969
when 0.01098901098901099 0.27040816326530615 0.002971518277640727
juhi 0.03296703296703297 0.00510204081632653 0.0001681991477909845
neil 0.01098901098901099 0.01020408163265306 0.00011213276519398969
adhikari 0.01098901098901099 0.00510204081632653 5.6066382596994845e-05
is 0.02197802197802198 0.5663265306122449 0.012446736936532856
murdered 0.01098901098901099 0.015306122448979591 0.00016819914779098454
and 0.02197802197802198 0.8571428571428571 0.01883830455259027
the 0.01098901098901099 0.9540816326530612 0.010484413545638036
women 0.01098901098901099 0.061224489795918366 0.0006727965911639381
plausible 0.01098901098901099 0.00510204081632653 5.6066382596994845e-05
suspects 0.01098901098901099 0.015306122448979591 0.00016819914779098454
mukherjee 0.01098901098901099 0.00510204081632653 5.6066382596994845e-05
