a 0.022222222222222223 0.8826530612244898 0.01961451247165533
medical 0.022222222222222223 0.015306122448979591 0.00034013605442176874
based 0.022222222222222223 0.025510204081632654 0.0005668934240362812
drama 0.022222222222222223 0.05102040816326531 0.0011337868480725624
centered 0.022222222222222223 0.00510204081632653 0.00011337868480725623
around 0.022222222222222223 0.08673469387755102 0.001927437641723356
meredith 0.044444444444444446 0.00510204081632653 0.00022675736961451246
grey 0.044444444444444446 0.01020408163265306 0.0004535147392290249
an 0.022222222222222223 0.3622448979591837 0.008049886621315193
aspiring 0.022222222222222223 0.01020408163265306 0.00022675736961451246
surgeon 0.022222222222222223 0.00510204081632653 0.00011337868480725623
and 0.044444444444444446 0.8571428571428571 0.03809523809523809
daughter 0.022222222222222223 0.05102040816326531 0.0011337868480725624
one 0.022222222222222223 0.18877551020408162 0.004195011337868481
the 0.044444444444444446 0.9540816326530612 0.04240362811791384
best 0.022222222222222223 0.03571428571428571 0.0007936507936507937
surgeons 0.044444444444444446 0.00510204081632653 0.00022675736961451246
ellis 0.022222222222222223 0.00510204081632653 0.00011337868480725623
grey 0.044444444444444446 0.01020408163265306 0.0004535147392290249
throughout 0.022222222222222223 0.01020408163265306 0.00022675736961451246
the 0.044444444444444446 0.9540816326530612 0.04240362811791384
series 0.022222222222222223 0.07142857142857142 0.0015873015873015873
meredith 0.044444444444444446 0.00510204081632653 0.00022675736961451246
goes 0.022222222222222223 0.04591836734693878 0.0010204081632653062
through 0.022222222222222223 0.08163265306122448 0.0018140589569160996
professional 0.022222222222222223 0.015306122448979591 0.00034013605442176874
and 0.044444444444444446 0.8571428571428571 0.03809523809523809
personal 0.022222222222222223 0.03571428571428571 0.0007936507936507937
challenges 0.022222222222222223 0.02040816326530612 0.0004535147392290249
along 0.022222222222222223 0.02040816326530612 0.0004535147392290249
with 0.022222222222222223 0.4387755102040816 0.009750566893424037
fellow 0.022222222222222223 0.025510204081632654 0.0005668934240362812
surgeons 0.044444444444444446 0.00510204081632653 0.00022675736961451246
at 0.022222222222222223 0.23469387755102042 0.005215419501133787
seattle 0.022222222222222223 0.00510204081632653 0.00011337868480725623
grace 0.022222222222222223 0.00510204081632653 0.00011337868480725623
hospital 0.022222222222222223 0.01020408163265306 0.00022675736961451246
