follows 0.05555555555555555 0.0663265306122449 0.0036848072562358277
a 0.1111111111111111 0.8826530612244898 0.09807256235827665
televangelist 0.05555555555555555 0.00510204081632653 0.00028344671201814054
family 0.05555555555555555 0.22448979591836735 0.012471655328798185
with 0.05555555555555555 0.4387755102040816 0.02437641723356009
a 0.1111111111111111 0.8826530612244898 0.09807256235827665
long 0.05555555555555555 0.05612244897959184 0.003117913832199546
tradition 0.05555555555555555 0.00510204081632653 0.00028344671201814054
deviance 0.05555555555555555 0.00510204081632653 0.00028344671201814054
greed 0.05555555555555555 0.015306122448979591 0.0008503401360544217
and 0.05555555555555555 0.8571428571428571 0.047619047619047616
charitable 0.05555555555555555 0.00510204081632653 0.00028344671201814054
work 0.05555555555555555 0.04591836734693878 0.002551020408163265
