biopic 0.017241379310344827 0.00510204081632653 8.796622097114707e-05
mahavir 0.017241379310344827 0.00510204081632653 8.796622097114707e-05
singh 0.017241379310344827 0.015306122448979591 0.00026389866291344125
phogat 0.05172413793103448 0.00510204081632653 0.0002638986629134412
who 0.017241379310344827 0.39285714285714285 0.006773399014778325
taught 0.017241379310344827 0.00510204081632653 8.796622097114707e-05
wrestling 0.017241379310344827 0.00510204081632653 8.796622097114707e-05
to 0.034482758620689655 0.7806122448979592 0.026917663617171007
his 0.017241379310344827 0.44387755102040816 0.007653061224489796
daughters 0.017241379310344827 0.00510204081632653 8.796622097114707e-05
babita 0.034482758620689655 0.00510204081632653 0.00017593244194229413
kumari 0.034482758620689655 0.00510204081632653 0.00017593244194229413
and 0.017241379310344827 0.8571428571428571 0.014778325123152709
geeta 0.034482758620689655 0.00510204081632653 0.00017593244194229413
phogat 0.05172413793103448 0.00510204081632653 0.0002638986629134412
geeta 0.034482758620689655 0.00510204081632653 0.00017593244194229413
phogat 0.05172413793103448 0.00510204081632653 0.0002638986629134412
india 0.017241379310344827 0.04081632653061224 0.0007037297677691765
first 0.017241379310344827 0.08163265306122448 0.001407459535538353
female 0.017241379310344827 0.02040816326530612 0.00035186488388458826
wrestler 0.017241379310344827 0.00510204081632653 8.796622097114707e-05
to 0.034482758620689655 0.7806122448979592 0.026917663617171007
win 0.017241379310344827 0.015306122448979591 0.00026389866291344125
at 0.017241379310344827 0.23469387755102042 0.004046446164672765
the 0.05172413793103448 0.9540816326530612 0.04934904996481351
commonwealth 0.017241379310344827 0.00510204081632653 8.796622097114707e-05
games 0.017241379310344827 0.00510204081632653 8.796622097114707e-05
where 0.017241379310344827 0.11224489795918367 0.0019352568613652356
she 0.017241379310344827 0.19387755102040816 0.003342716396903589
the 0.05172413793103448 0.9540816326530612 0.04934904996481351
gold 0.017241379310344827 0.015306122448979591 0.00026389866291344125
medal 0.017241379310344827 0.00510204081632653 8.796622097114707e-05
kg 0.034482758620689655 0.00510204081632653 0.00017593244194229413
while 0.017241379310344827 0.12244897959183673 0.00211118930330753
her 0.017241379310344827 0.2755102040816326 0.004750175932441942
sister 0.017241379310344827 0.015306122448979591 0.00026389866291344125
babita 0.034482758620689655 0.00510204081632653 0.00017593244194229413
kumari 0.034482758620689655 0.00510204081632653 0.00017593244194229413
the 0.05172413793103448 0.9540816326530612 0.04934904996481351
silver 0.017241379310344827 0.00510204081632653 8.796622097114707e-05
kg 0.034482758620689655 0.00510204081632653 0.00017593244194229413
