sobibor 0.023255813953488372 0.00510204081632653 0.00011865211200759373
is 0.011627906976744186 0.5663265306122449 0.006585192216421452
based 0.023255813953488372 0.025510204081632654 0.0005932605600379687
on 0.023255813953488372 0.3520408163265306 0.008186995728523968
the 0.09302325581395349 0.9540816326530612 0.08875177978168011
history 0.011627906976744186 0.03571428571428571 0.00041528239202657803
the 0.09302325581395349 0.9540816326530612 0.08875177978168011
sobibór 0.011627906976744186 0.00510204081632653 5.932605600379686e-05
extermination 0.011627906976744186 0.00510204081632653 5.932605600379686e-05
camp 0.011627906976744186 0.02040816326530612 0.00023730422401518745
uprising 0.011627906976744186 0.00510204081632653 5.932605600379686e-05
during 0.011627906976744186 0.04591836734693878 0.0005339345040341718
wwii 0.011627906976744186 0.015306122448979591 0.0001779781680113906
and 0.03488372093023256 0.8571428571428571 0.02990033222591362
soviet 0.011627906976744186 0.030612244897959183 0.0003559563360227812
officer 0.011627906976744186 0.04591836734693878 0.0005339345040341718
alexander 0.023255813953488372 0.00510204081632653 0.00011865211200759373
pechersky 0.03488372093023256 0.00510204081632653 0.00017797816801139058
when 0.011627906976744186 0.27040816326530615 0.003144280968201234
he 0.023255813953488372 0.34183673469387754 0.00794969150450878
a 0.023255813953488372 0.8826530612244898 0.020526815377313715
pow 0.011627906976744186 0.00510204081632653 5.932605600379686e-05
in 0.011627906976744186 0.7346938775510204 0.00854295206454675
sobibor 0.023255813953488372 0.00510204081632653 0.00011865211200759373
he 0.023255813953488372 0.34183673469387754 0.00794969150450878
managed 0.023255813953488372 0.015306122448979591 0.0003559563360227812
to 0.046511627906976744 0.7806122448979592 0.036307546274323685
the 0.09302325581395349 0.9540816326530612 0.08875177978168011
impossible 0.011627906976744186 0.01020408163265306 0.00011865211200759373
to 0.046511627906976744 0.7806122448979592 0.036307546274323685
organize 0.011627906976744186 0.00510204081632653 5.932605600379686e-05
a 0.023255813953488372 0.8826530612244898 0.020526815377313715
revolt 0.011627906976744186 0.00510204081632653 5.932605600379686e-05
and 0.03488372093023256 0.8571428571428571 0.02990033222591362
mass 0.011627906976744186 0.01020408163265306 0.00011865211200759373
escape 0.011627906976744186 0.04591836734693878 0.0005339345040341718
the 0.09302325581395349 0.9540816326530612 0.08875177978168011
prisoners 0.011627906976744186 0.01020408163265306 0.00011865211200759373
many 0.011627906976744186 0.02040816326530612 0.00023730422401518745
the 0.09302325581395349 0.9540816326530612 0.08875177978168011
escapees 0.011627906976744186 0.00510204081632653 5.932605600379686e-05
later 0.011627906976744186 0.061224489795918366 0.0007119126720455624
caught 0.011627906976744186 0.015306122448979591 0.0001779781680113906
and 0.03488372093023256 0.8571428571428571 0.02990033222591362
died 0.011627906976744186 0.02040816326530612 0.00023730422401518745
the 0.09302325581395349 0.9540816326530612 0.08875177978168011
rest 0.011627906976744186 0.025510204081632654 0.00029663028001898433
led 0.011627906976744186 0.025510204081632654 0.00029663028001898433
by 0.023255813953488372 0.33163265306122447 0.007712387280493592
pechersky 0.03488372093023256 0.00510204081632653 0.00017797816801139058
managed 0.023255813953488372 0.015306122448979591 0.0003559563360227812
to 0.046511627906976744 0.7806122448979592 0.036307546274323685
join 0.011627906976744186 0.02040816326530612 0.00023730422401518745
the 0.09302325581395349 0.9540816326530612 0.08875177978168011
partisans 0.011627906976744186 0.00510204081632653 5.932605600379686e-05
script 0.011627906976744186 0.00510204081632653 5.932605600379686e-05
based 0.023255813953488372 0.025510204081632654 0.0005932605600379687
on 0.023255813953488372 0.3520408163265306 0.008186995728523968
the 0.09302325581395349 0.9540816326530612 0.08875177978168011
book 0.011627906976744186 0.02040816326530612 0.00023730422401518745
by 0.023255813953488372 0.33163265306122447 0.007712387280493592
ilya 0.011627906976744186 0.00510204081632653 5.932605600379686e-05
vasiliev 0.011627906976744186 0.00510204081632653 5.932605600379686e-05
alexander 0.023255813953488372 0.00510204081632653 0.00011865211200759373
pechersky 0.03488372093023256 0.00510204081632653 0.00017797816801139058
breakthrough 0.011627906976744186 0.00510204081632653 5.932605600379686e-05
to 0.046511627906976744 0.7806122448979592 0.036307546274323685
immortality 0.011627906976744186 0.00510204081632653 5.932605600379686e-05
