set 0.006493506493506494 0.05102040816326531 0.000331301351709515
in 0.012987012987012988 0.7346938775510204 0.009541478929234033
cheg 0.006493506493506494 0.00510204081632653 3.3130135170951495e-05
france 0.006493506493506494 0.030612244897959183 0.00019878081102570898
and 0.045454545454545456 0.8571428571428571 0.03896103896103896
in 0.012987012987012988 0.7346938775510204 0.009541478929234033
a 0.032467532467532464 0.8826530612244898 0.028657566922873044
social 0.006493506493506494 0.04081632653061224 0.00026504108136761196
context 0.006493506493506494 0.00510204081632653 3.3130135170951495e-05
deteriorated 0.006493506493506494 0.00510204081632653 3.3130135170951495e-05
by 0.012987012987012988 0.33163265306122447 0.004306917572223695
a 0.032467532467532464 0.8826530612244898 0.028657566922873044
countrywide 0.006493506493506494 0.00510204081632653 3.3130135170951495e-05
economic 0.006493506493506494 0.00510204081632653 3.3130135170951495e-05
crisis 0.006493506493506494 0.00510204081632653 3.3130135170951495e-05
the 0.006493506493506494 0.9540816326530612 0.00619533527696793
life 0.006493506493506494 0.20408163265306123 0.00132520540683806
several 0.006493506493506494 0.02040816326530612 0.00013252054068380598
people 0.012987012987012988 0.11734693877551021 0.001523986217863769
turned 0.006493506493506494 0.04081632653061224 0.00026504108136761196
upside 0.006493506493506494 0.015306122448979591 9.939040551285449e-05
after 0.006493506493506494 0.1989795918367347 0.0012920752716671085
they 0.006493506493506494 0.28061224489795916 0.0018221574344023323
meet 0.006493506493506494 0.030612244897959183 0.00019878081102570898
cecile 0.012987012987012988 0.00510204081632653 6.626027034190299e-05
a 0.032467532467532464 0.8826530612244898 0.028657566922873044
character 0.006493506493506494 0.02040816326530612 0.00013252054068380598
who 0.012987012987012988 0.39285714285714285 0.005102040816326531
symbolizes 0.006493506493506494 0.00510204081632653 3.3130135170951495e-05
desire 0.006493506493506494 0.02040816326530612 0.00013252054068380598
she 0.025974025974025976 0.19387755102040816 0.005035780545984627
is 0.01948051948051948 0.5663265306122449 0.01103233501192685
a 0.032467532467532464 0.8826530612244898 0.028657566922873044
girl 0.006493506493506494 0.08673469387755102 0.0005632122979061755
whose 0.012987012987012988 0.04591836734693878 0.000596342433077127
father 0.006493506493506494 0.11734693877551021 0.0007619931089318845
recently 0.006493506493506494 0.025510204081632654 0.0001656506758547575
died 0.006493506493506494 0.02040816326530612 0.00013252054068380598
and 0.045454545454545456 0.8571428571428571 0.03896103896103896
she 0.025974025974025976 0.19387755102040816 0.005035780545984627
sets 0.006493506493506494 0.05612244897959184 0.0003644314868804665
to 0.03896103896103896 0.7806122448979592 0.030413464086933475
bury 0.006493506493506494 0.00510204081632653 3.3130135170951495e-05
her 0.032467532467532464 0.2755102040816326 0.008945136496156903
grief 0.006493506493506494 0.00510204081632653 3.3130135170951495e-05
by 0.012987012987012988 0.33163265306122447 0.004306917572223695
having 0.006493506493506494 0.04081632653061224 0.00026504108136761196
sexual 0.012987012987012988 0.01020408163265306 0.00013252054068380598
relations 0.006493506493506494 0.00510204081632653 3.3130135170951495e-05
with 0.01948051948051948 0.4387755102040816 0.008547574874105486
various 0.012987012987012988 0.025510204081632654 0.000331301351709515
lovers 0.006493506493506494 0.015306122448979591 9.939040551285449e-05
people 0.012987012987012988 0.11734693877551021 0.001523986217863769
that 0.006493506493506494 0.40816326530612246 0.00265041081367612
she 0.025974025974025976 0.19387755102040816 0.005035780545984627
knows 0.006493506493506494 0.02040816326530612 0.00013252054068380598
and 0.045454545454545456 0.8571428571428571 0.03896103896103896
not 0.01948051948051948 0.14795918367346939 0.0028823217598727803
know 0.006493506493506494 0.07142857142857142 0.00046382189239332097
chance 0.01948051948051948 0.025510204081632654 0.0004969520275642724
is 0.01948051948051948 0.5663265306122449 0.01103233501192685
her 0.032467532467532464 0.2755102040816326 0.008945136496156903
boyfriend 0.006493506493506494 0.03571428571428571 0.00023191094619666049
and 0.045454545454545456 0.8571428571428571 0.03896103896103896
a 0.032467532467532464 0.8826530612244898 0.028657566922873044
petty 0.006493506493506494 0.00510204081632653 3.3130135170951495e-05
criminal 0.006493506493506494 0.025510204081632654 0.0001656506758547575
who 0.012987012987012988 0.39285714285714285 0.005102040816326531
loves 0.006493506493506494 0.02040816326530612 0.00013252054068380598
her 0.032467532467532464 0.2755102040816326 0.008945136496156903
but 0.006493506493506494 0.3112244897959184 0.0020209382454280415
he 0.006493506493506494 0.34183673469387754 0.0022197190564537503
can 0.006493506493506494 0.08673469387755102 0.0005632122979061755
not 0.01948051948051948 0.14795918367346939 0.0028823217598727803
satisfy 0.006493506493506494 0.01020408163265306 6.626027034190299e-05
her 0.032467532467532464 0.2755102040816326 0.008945136496156903
constant 0.006493506493506494 0.015306122448979591 9.939040551285449e-05
carnal 0.006493506493506494 0.00510204081632653 3.3130135170951495e-05
desires 0.006493506493506494 0.015306122448979591 9.939040551285449e-05
his 0.006493506493506494 0.44387755102040816 0.0028823217598727803
friend 0.006493506493506494 0.0663265306122449 0.0004306917572223695
chance 0.01948051948051948 0.025510204081632654 0.0004969520275642724
whose 0.012987012987012988 0.04591836734693878 0.000596342433077127
girlfriend 0.006493506493506494 0.02040816326530612 0.00013252054068380598
alice 0.012987012987012988 0.01020408163265306 0.00013252054068380598
refuses 0.006493506493506494 0.00510204081632653 3.3130135170951495e-05
to 0.03896103896103896 0.7806122448979592 0.030413464086933475
sex 0.006493506493506494 0.03571428571428571 0.00023191094619666049
with 0.01948051948051948 0.4387755102040816 0.008547574874105486
is 0.01948051948051948 0.5663265306122449 0.01103233501192685
an 0.006493506493506494 0.3622448979591837 0.0023522395971375567
auto 0.006493506493506494 0.015306122448979591 9.939040551285449e-05
mechanic 0.006493506493506494 0.00510204081632653 3.3130135170951495e-05
cecile 0.012987012987012988 0.00510204081632653 6.626027034190299e-05
also 0.006493506493506494 0.09183673469387756 0.000596342433077127
gives 0.006493506493506494 0.015306122448979591 9.939040551285449e-05
advice 0.006493506493506494 0.00510204081632653 3.3130135170951495e-05
to 0.03896103896103896 0.7806122448979592 0.030413464086933475
her 0.032467532467532464 0.2755102040816326 0.008945136496156903
friends 0.006493506493506494 0.05102040816326531 0.000331301351709515
how 0.012987012987012988 0.09183673469387756 0.001192684866154254
and 0.045454545454545456 0.8571428571428571 0.03896103896103896
how 0.012987012987012988 0.09183673469387756 0.001192684866154254
not 0.01948051948051948 0.14795918367346939 0.0028823217598727803
to 0.03896103896103896 0.7806122448979592 0.030413464086933475
pleasure 0.006493506493506494 0.00510204081632653 3.3130135170951495e-05
men 0.006493506493506494 0.04591836734693878 0.0002981712165385635
and 0.045454545454545456 0.8571428571428571 0.03896103896103896
women 0.006493506493506494 0.061224489795918366 0.00039756162205141797
unable 0.006493506493506494 0.01020408163265306 6.626027034190299e-05
to 0.03896103896103896 0.7806122448979592 0.030413464086933475
find 0.006493506493506494 0.08163265306122448 0.0005300821627352239
inner 0.006493506493506494 0.00510204081632653 3.3130135170951495e-05
peace 0.006493506493506494 0.015306122448979591 9.939040551285449e-05
through 0.006493506493506494 0.08163265306122448 0.0005300821627352239
various 0.012987012987012988 0.025510204081632654 0.000331301351709515
sexual 0.012987012987012988 0.01020408163265306 0.00013252054068380598
encounters 0.006493506493506494 0.02040816326530612 0.00013252054068380598
with 0.01948051948051948 0.4387755102040816 0.008547574874105486
chance 0.01948051948051948 0.025510204081632654 0.0004969520275642724
matt 0.006493506493506494 0.00510204081632653 3.3130135170951495e-05
and 0.045454545454545456 0.8571428571428571 0.03896103896103896
even 0.006493506493506494 0.07142857142857142 0.00046382189239332097
alice 0.012987012987012988 0.01020408163265306 0.00013252054068380598
she 0.025974025974025976 0.19387755102040816 0.005035780545984627
finally 0.006493506493506494 0.03571428571428571 0.00023191094619666049
discovers 0.006493506493506494 0.030612244897959183 0.00019878081102570898
another 0.006493506493506494 0.030612244897959183 0.00019878081102570898
path 0.006493506493506494 0.025510204081632654 0.0001656506758547575
to 0.03896103896103896 0.7806122448979592 0.030413464086933475
healing 0.006493506493506494 0.00510204081632653 3.3130135170951495e-05
