when 0.017857142857142856 0.27040816326530615 0.004828717201166181
retired 0.017857142857142856 0.015306122448979591 0.0002733236151603498
military 0.017857142857142856 0.015306122448979591 0.0002733236151603498
police 0.017857142857142856 0.08163265306122448 0.0014577259475218656
officer 0.017857142857142856 0.04591836734693878 0.0008199708454810496
jack 0.017857142857142856 0.015306122448979591 0.0002733236151603498
reacher 0.017857142857142856 0.00510204081632653 9.11078717201166e-05
is 0.03571428571428571 0.5663265306122449 0.02022594752186589
arrested 0.017857142857142856 0.01020408163265306 0.0001822157434402332
for 0.017857142857142856 0.3877551020408163 0.0069241982507288625
a 0.03571428571428571 0.8826530612244898 0.03152332361516035
murder 0.017857142857142856 0.030612244897959183 0.0005466472303206996
he 0.05357142857142857 0.34183673469387754 0.018312682215743437
not 0.017857142857142856 0.14795918367346939 0.0026421282798833818
commit 0.017857142857142856 0.01020408163265306 0.0001822157434402332
he 0.05357142857142857 0.34183673469387754 0.018312682215743437
finds 0.017857142857142856 0.0663265306122449 0.0011844023323615161
in 0.03571428571428571 0.7346938775510204 0.026239067055393587
the 0.017857142857142856 0.9540816326530612 0.017037172011661807
middle 0.017857142857142856 0.025510204081632654 0.00045553935860058307
a 0.03571428571428571 0.8826530612244898 0.03152332361516035
deadly 0.017857142857142856 0.01020408163265306 0.0001822157434402332
conspiracy 0.017857142857142856 0.00510204081632653 9.11078717201166e-05
full 0.017857142857142856 0.025510204081632654 0.00045553935860058307
dirty 0.017857142857142856 0.00510204081632653 9.11078717201166e-05
cops 0.017857142857142856 0.01020408163265306 0.0001822157434402332
shady 0.017857142857142856 0.01020408163265306 0.0001822157434402332
businessmen 0.017857142857142856 0.00510204081632653 9.11078717201166e-05
and 0.017857142857142856 0.8571428571428571 0.01530612244897959
scheming 0.017857142857142856 0.00510204081632653 9.11078717201166e-05
politicians 0.017857142857142856 0.01020408163265306 0.0001822157434402332
with 0.017857142857142856 0.4387755102040816 0.007835276967930028
nothing 0.017857142857142856 0.030612244897959183 0.0005466472303206996
but 0.017857142857142856 0.3112244897959184 0.005557580174927114
his 0.017857142857142856 0.44387755102040816 0.007926384839650144
wits 0.017857142857142856 0.00510204081632653 9.11078717201166e-05
he 0.05357142857142857 0.34183673469387754 0.018312682215743437
must 0.017857142857142856 0.07653061224489796 0.0013666180758017492
figure 0.017857142857142856 0.01020408163265306 0.0001822157434402332
out 0.017857142857142856 0.18877551020408162 0.0033709912536443146
what 0.017857142857142856 0.1377551020408163 0.0024599125364431484
is 0.03571428571428571 0.5663265306122449 0.02022594752186589
happening 0.017857142857142856 0.00510204081632653 9.11078717201166e-05
in 0.03571428571428571 0.7346938775510204 0.026239067055393587
margrave 0.017857142857142856 0.00510204081632653 9.11078717201166e-05
georgia 0.017857142857142856 0.01020408163265306 0.0001822157434402332
