a 0.125 0.8826530612244898 0.11033163265306123
brain 0.03125 0.00510204081632653 0.00015943877551020407
an 0.03125 0.3622448979591837 0.01132015306122449
athlete 0.03125 0.00510204081632653 0.00015943877551020407
a 0.125 0.8826530612244898 0.11033163265306123
princess 0.03125 0.015306122448979591 0.00047831632653061223
a 0.125 0.8826530612244898 0.11033163265306123
criminal 0.03125 0.025510204081632654 0.0007971938775510204
and 0.03125 0.8571428571428571 0.026785714285714284
a 0.125 0.8826530612244898 0.11033163265306123
basket 0.03125 0.00510204081632653 0.00015943877551020407
case 0.03125 0.030612244897959183 0.0009566326530612245
walk 0.03125 0.015306122448979591 0.00047831632653061223
detention 0.03125 0.00510204081632653 0.00015943877551020407
but 0.03125 0.3112244897959184 0.00972576530612245
the 0.03125 0.9540816326530612 0.029815051020408163
first 0.03125 0.08163265306122448 0.002551020408163265
four 0.03125 0.02040816326530612 0.0006377551020408163
make 0.03125 0.061224489795918366 0.001913265306122449
it 0.03125 0.2193877551020408 0.006855867346938775
out 0.03125 0.18877551020408162 0.005899234693877551
alive 0.03125 0.015306122448979591 0.00047831632653061223
