aspiring 0.043478260869565216 0.01020408163265306 0.0004436557231588287
entrepreneurs 0.043478260869565216 0.00510204081632653 0.00022182786157941436
from 0.043478260869565216 0.3520408163265306 0.015306122448979591
india 0.043478260869565216 0.04081632653061224 0.0017746228926353148
pitch 0.043478260869565216 0.00510204081632653 0.00022182786157941436
their 0.08695652173913043 0.3520408163265306 0.030612244897959183
business 0.043478260869565216 0.025510204081632654 0.0011091393078970719
models 0.043478260869565216 0.00510204081632653 0.00022182786157941436
to 0.08695652173913043 0.7806122448979592 0.0678793256433008
a 0.043478260869565216 0.8826530612244898 0.03837622005323869
panel 0.043478260869565216 0.00510204081632653 0.00022182786157941436
investors 0.043478260869565216 0.00510204081632653 0.00022182786157941436
and 0.043478260869565216 0.8571428571428571 0.03726708074534161
persuade 0.043478260869565216 0.00510204081632653 0.00022182786157941436
to 0.08695652173913043 0.7806122448979592 0.0678793256433008
invest 0.043478260869565216 0.00510204081632653 0.00022182786157941436
money 0.043478260869565216 0.030612244897959183 0.0013309671694764862
in 0.043478260869565216 0.7346938775510204 0.031943212067435674
their 0.08695652173913043 0.3520408163265306 0.030612244897959183
idea 0.043478260869565216 0.015306122448979591 0.0006654835847382431
