inspired 0.01639344262295082 0.025510204081632654 0.00041820006691201074
by 0.01639344262295082 0.33163265306122447 0.005436600869856139
the 0.13114754098360656 0.9540816326530612 0.1251254600200736
book 0.01639344262295082 0.02040816326530612 0.00033456005352960856
fly 0.03278688524590164 0.00510204081632653 0.00016728002676480428
the 0.13114754098360656 0.9540816326530612 0.1251254600200736
film 0.01639344262295082 0.061224489795918366 0.0010036801605888257
tells 0.01639344262295082 0.03571428571428571 0.000585480093676815
the 0.13114754098360656 0.9540816326530612 0.1251254600200736
story 0.01639344262295082 0.12755102040816327 0.0020910003345600537
nedumaaran 0.01639344262295082 0.00510204081632653 8.364001338240214e-05
rajangam 0.01639344262295082 0.00510204081632653 8.364001338240214e-05
known 0.01639344262295082 0.05612244897959184 0.0009200401472064236
to 0.03278688524590164 0.7806122448979592 0.02559384409501506
friends 0.03278688524590164 0.05102040816326531 0.001672800267648043
as 0.01639344262295082 0.3469387755102041 0.005687520910003346
maara 0.01639344262295082 0.00510204081632653 8.364001338240214e-05
the 0.13114754098360656 0.9540816326530612 0.1251254600200736
son 0.01639344262295082 0.08163265306122448 0.0013382402141184342
a 0.01639344262295082 0.8826530612244898 0.014469722315155573
teacher 0.01639344262295082 0.030612244897959183 0.0005018400802944129
who 0.01639344262295082 0.39285714285714285 0.006440281030444965
sets 0.01639344262295082 0.05612244897959184 0.0009200401472064236
out 0.01639344262295082 0.18877551020408162 0.003094680495148879
to 0.03278688524590164 0.7806122448979592 0.02559384409501506
make 0.01639344262295082 0.061224489795918366 0.0010036801605888257
the 0.13114754098360656 0.9540816326530612 0.1251254600200736
common 0.01639344262295082 0.00510204081632653 8.364001338240214e-05
man 0.01639344262295082 0.12755102040816327 0.0020910003345600537
fly 0.03278688524590164 0.00510204081632653 0.00016728002676480428
and 0.03278688524590164 0.8571428571428571 0.02810304449648712
takes 0.01639344262295082 0.05612244897959184 0.0009200401472064236
on 0.01639344262295082 0.3520408163265306 0.005771160923385748
the 0.13114754098360656 0.9540816326530612 0.1251254600200736
most 0.01639344262295082 0.07653061224489796 0.0012546002007360322
capital 0.01639344262295082 0.00510204081632653 8.364001338240214e-05
intensive 0.01639344262295082 0.00510204081632653 8.364001338240214e-05
industry 0.01639344262295082 0.015306122448979591 0.00025092004014720643
in 0.01639344262295082 0.7346938775510204 0.01204416192706591
the 0.13114754098360656 0.9540816326530612 0.1251254600200736
world 0.01639344262295082 0.19387755102040816 0.0031783205085312814
with 0.01639344262295082 0.4387755102040816 0.007193041150886584
the 0.13114754098360656 0.9540816326530612 0.1251254600200736
help 0.01639344262295082 0.10204081632653061 0.001672800267648043
his 0.01639344262295082 0.44387755102040816 0.0072766811642689866
friends 0.03278688524590164 0.05102040816326531 0.001672800267648043
family 0.01639344262295082 0.22448979591836735 0.0036801605888256944
and 0.03278688524590164 0.8571428571428571 0.02810304449648712
sheer 0.01639344262295082 0.00510204081632653 8.364001338240214e-05
will 0.01639344262295082 0.1989795918367347 0.0032619605219136837
power 0.01639344262295082 0.05102040816326531 0.0008364001338240215
