the 0.012048192771084338 0.9540816326530612 0.011494959429554955
story 0.012048192771084338 0.12755102040816327 0.0015367592820260635
is 0.012048192771084338 0.5663265306122449 0.006823211212195722
based 0.012048192771084338 0.025510204081632654 0.00030735185640521273
on 0.012048192771084338 0.3520408163265306 0.004241455618391936
jane 0.024096385542168676 0.00510204081632653 0.00012294074256208508
austen 0.012048192771084338 0.00510204081632653 6.147037128104254e-05
novel 0.012048192771084338 0.00510204081632653 6.147037128104254e-05
five 0.012048192771084338 0.030612244897959183 0.00036882222768625525
sisters 0.012048192771084338 0.015306122448979591 0.00018441111384312763
jane 0.024096385542168676 0.00510204081632653 0.00012294074256208508
rosamund 0.012048192771084338 0.00510204081632653 6.147037128104254e-05
pike 0.012048192771084338 0.00510204081632653 6.147037128104254e-05
elizabeth 0.012048192771084338 0.00510204081632653 6.147037128104254e-05
keira 0.012048192771084338 0.00510204081632653 6.147037128104254e-05
knightley 0.012048192771084338 0.00510204081632653 6.147037128104254e-05
mary 0.012048192771084338 0.00510204081632653 6.147037128104254e-05
talulah 0.012048192771084338 0.00510204081632653 6.147037128104254e-05
riley 0.012048192771084338 0.00510204081632653 6.147037128104254e-05
kitty 0.012048192771084338 0.00510204081632653 6.147037128104254e-05
carey 0.012048192771084338 0.01020408163265306 0.00012294074256208508
mulligan 0.012048192771084338 0.00510204081632653 6.147037128104254e-05
and 0.024096385542168676 0.8571428571428571 0.020654044750430294
lydia 0.012048192771084338 0.00510204081632653 6.147037128104254e-05
bennet 0.012048192771084338 0.00510204081632653 6.147037128104254e-05
jena 0.012048192771084338 0.00510204081632653 6.147037128104254e-05
malone 0.012048192771084338 0.01020408163265306 0.00012294074256208508
in 0.024096385542168676 0.7346938775510204 0.017703466928940252
georgian 0.012048192771084338 0.00510204081632653 6.147037128104254e-05
england 0.012048192771084338 0.015306122448979591 0.00018441111384312763
their 0.024096385542168676 0.3520408163265306 0.008482911236783871
lives 0.012048192771084338 0.12244897959183673 0.001475288910745021
turned 0.012048192771084338 0.04081632653061224 0.0004917629702483403
upside 0.012048192771084338 0.015306122448979591 0.00018441111384312763
when 0.012048192771084338 0.27040816326530615 0.003257929677895255
wealthy 0.012048192771084338 0.025510204081632654 0.00030735185640521273
young 0.012048192771084338 0.15816326530612246 0.001905581509712319
bingley 0.012048192771084338 0.00510204081632653 6.147037128104254e-05
simon 0.012048192771084338 0.00510204081632653 6.147037128104254e-05
woods 0.012048192771084338 0.02040816326530612 0.00024588148512417015
and 0.024096385542168676 0.8571428571428571 0.020654044750430294
his 0.012048192771084338 0.44387755102040816 0.005347922301450701
best 0.012048192771084338 0.03571428571428571 0.0004302925989672978
friend 0.012048192771084338 0.0663265306122449 0.0007991148266535531
darcy 0.012048192771084338 0.00510204081632653 6.147037128104254e-05
matthew 0.012048192771084338 0.00510204081632653 6.147037128104254e-05
macfadyen 0.012048192771084338 0.00510204081632653 6.147037128104254e-05
arrive 0.012048192771084338 0.02040816326530612 0.00024588148512417015
in 0.024096385542168676 0.7346938775510204 0.017703466928940252
their 0.024096385542168676 0.3520408163265306 0.008482911236783871
neighborhood 0.012048192771084338 0.00510204081632653 6.147037128104254e-05
gomez 0.012048192771084338 0.00510204081632653 6.147037128104254e-05
