with 0.041666666666666664 0.4387755102040816 0.018282312925170068
the 0.08333333333333333 0.9540816326530612 0.07950680272108843
fall 0.041666666666666664 0.01020408163265306 0.0004251700680272108
the 0.08333333333333333 0.9540816326530612 0.07950680272108843
alien 0.041666666666666664 0.015306122448979591 0.0006377551020408163
ship 0.041666666666666664 0.02040816326530612 0.0008503401360544216
julia 0.041666666666666664 0.00510204081632653 0.0002125850340136054
life 0.041666666666666664 0.20408163265306123 0.008503401360544217
changed 0.041666666666666664 0.01020408163265306 0.0004251700680272108
now 0.041666666666666664 0.07653061224489796 0.0031887755102040817
three 0.041666666666666664 0.030612244897959183 0.0012755102040816326
years 0.041666666666666664 0.12244897959183673 0.00510204081632653
later 0.041666666666666664 0.061224489795918366 0.002551020408163265
mankind 0.041666666666666664 0.030612244897959183 0.0012755102040816326
is 0.041666666666666664 0.5663265306122449 0.023596938775510203
to 0.041666666666666664 0.7806122448979592 0.032525510204081634
experience 0.041666666666666664 0.02040816326530612 0.0008503401360544216
new 0.041666666666666664 0.1377551020408163 0.005739795918367346
encounter 0.041666666666666664 0.02040816326530612 0.0008503401360544216
