tuscany 0.006134969325153374 0.00510204081632653 3.130086390384374e-05
italy 0.006134969325153374 0.00510204081632653 3.130086390384374e-05
as 0.018404907975460124 0.3469387755102041 0.006385376236384125
the 0.0736196319018405 0.9540816326530612 0.07023913860022538
sinister 0.006134969325153374 0.01020408163265306 6.260172780768748e-05
threat 0.006134969325153374 0.015306122448979591 9.390259171153124e-05
the 0.0736196319018405 0.9540816326530612 0.07023913860022538
plague 0.006134969325153374 0.01020408163265306 6.260172780768748e-05
looms 0.006134969325153374 0.00510204081632653 3.130086390384374e-05
europe 0.006134969325153374 0.025510204081632654 0.00015650431951921875
the 0.0736196319018405 0.9540816326530612 0.07023913860022538
sincerely 0.006134969325153374 0.00510204081632653 3.130086390384374e-05
devout 0.006134969325153374 0.015306122448979591 9.390259171153124e-05
novice 0.006134969325153374 0.00510204081632653 3.130086390384374e-05
benedetta 0.018404907975460124 0.00510204081632653 9.390259171153124e-05
carlini 0.006134969325153374 0.00510204081632653 3.130086390384374e-05
is 0.018404907975460124 0.5663265306122449 0.010423187679979969
brought 0.006134969325153374 0.015306122448979591 9.390259171153124e-05
the 0.0736196319018405 0.9540816326530612 0.07023913860022538
theatine 0.006134969325153374 0.00510204081632653 3.130086390384374e-05
convent 0.006134969325153374 0.00510204081632653 3.130086390384374e-05
the 0.0736196319018405 0.9540816326530612 0.07023913860022538
mother 0.006134969325153374 0.05612244897959184 0.0003443095029422812
god 0.006134969325153374 0.01020408163265306 6.260172780768748e-05
in 0.024539877300613498 0.7346938775510204 0.018029297608614
pescia 0.006134969325153374 0.00510204081632653 3.130086390384374e-05
as 0.018404907975460124 0.3469387755102041 0.006385376236384125
a 0.024539877300613498 0.8826530612244898 0.021660197821459875
bride 0.006134969325153374 0.01020408163265306 6.260172780768748e-05
for 0.006134969325153374 0.3877551020408163 0.0023788656566921247
jesus 0.006134969325153374 0.00510204081632653 3.130086390384374e-05
christ 0.006134969325153374 0.00510204081632653 3.130086390384374e-05
eighteen 0.006134969325153374 0.00510204081632653 3.130086390384374e-05
long 0.006134969325153374 0.05612244897959184 0.0003443095029422812
years 0.006134969325153374 0.12244897959183673 0.0007512207336922499
later 0.006134969325153374 0.061224489795918366 0.00037561036684612495
as 0.018404907975460124 0.3469387755102041 0.006385376236384125
ominous 0.006134969325153374 0.00510204081632653 3.130086390384374e-05
whispers 0.006134969325153374 0.00510204081632653 3.130086390384374e-05
disputable 0.006134969325153374 0.00510204081632653 3.130086390384374e-05
miracles 0.006134969325153374 0.00510204081632653 3.130086390384374e-05
scandalise 0.006134969325153374 0.00510204081632653 3.130086390384374e-05
the 0.0736196319018405 0.9540816326530612 0.07023913860022538
cloistered 0.006134969325153374 0.00510204081632653 3.130086390384374e-05
sisters 0.006134969325153374 0.015306122448979591 9.390259171153124e-05
a 0.024539877300613498 0.8826530612244898 0.021660197821459875
test 0.006134969325153374 0.00510204081632653 3.130086390384374e-05
faith 0.012269938650306749 0.00510204081632653 6.260172780768748e-05
awaits 0.006134969325153374 0.00510204081632653 3.130086390384374e-05
deeply 0.006134969325153374 0.015306122448979591 9.390259171153124e-05
pious 0.006134969325153374 0.00510204081632653 3.130086390384374e-05
benedetta 0.018404907975460124 0.00510204081632653 9.390259171153124e-05
in 0.024539877300613498 0.7346938775510204 0.018029297608614
the 0.0736196319018405 0.9540816326530612 0.07023913860022538
shape 0.006134969325153374 0.00510204081632653 3.130086390384374e-05
bruised 0.006134969325153374 0.00510204081632653 3.130086390384374e-05
abused 0.006134969325153374 0.00510204081632653 3.130086390384374e-05
and 0.024539877300613498 0.8571428571428571 0.021034180543382998
earthly 0.006134969325153374 0.00510204081632653 3.130086390384374e-05
bartolomea 0.006134969325153374 0.00510204081632653 3.130086390384374e-05
a 0.024539877300613498 0.8826530612244898 0.021660197821459875
young 0.006134969325153374 0.15816326530612246 0.0009703267810191562
woman 0.006134969325153374 0.07142857142857142 0.00043821209465381246
fleeing 0.006134969325153374 0.00510204081632653 3.130086390384374e-05
her 0.006134969325153374 0.2755102040816326 0.0016902466508075622
violent 0.006134969325153374 0.015306122448979591 9.390259171153124e-05
father 0.006134969325153374 0.11734693877551021 0.0007199198697884062
now 0.006134969325153374 0.07653061224489796 0.0004695129585576562
while 0.006134969325153374 0.12244897959183673 0.0007512207336922499
under 0.006134969325153374 0.0663265306122449 0.00040691123074996876
the 0.0736196319018405 0.9540816326530612 0.07023913860022538
vigilant 0.006134969325153374 0.00510204081632653 3.130086390384374e-05
eye 0.006134969325153374 0.02040816326530612 0.00012520345561537496
cynical 0.006134969325153374 0.00510204081632653 3.130086390384374e-05
abbess 0.006134969325153374 0.00510204081632653 3.130086390384374e-05
felicita 0.006134969325153374 0.00510204081632653 3.130086390384374e-05
fleeting 0.006134969325153374 0.00510204081632653 3.130086390384374e-05
glimpses 0.006134969325153374 0.00510204081632653 3.130086390384374e-05
the 0.0736196319018405 0.9540816326530612 0.07023913860022538
forbidden 0.006134969325153374 0.01020408163265306 6.260172780768748e-05
fruit 0.006134969325153374 0.00510204081632653 3.130086390384374e-05
invite 0.006134969325153374 0.00510204081632653 3.130086390384374e-05
a 0.024539877300613498 0.8826530612244898 0.021660197821459875
tentative 0.006134969325153374 0.00510204081632653 3.130086390384374e-05
intimacy 0.006134969325153374 0.01020408163265306 6.260172780768748e-05
ungovernable 0.006134969325153374 0.00510204081632653 3.130086390384374e-05
desires 0.006134969325153374 0.015306122448979591 9.390259171153124e-05
and 0.024539877300613498 0.8571428571428571 0.021034180543382998
intense 0.006134969325153374 0.01020408163265306 6.260172780768748e-05
diabolical 0.006134969325153374 0.00510204081632653 3.130086390384374e-05
obsessions 0.006134969325153374 0.00510204081632653 3.130086390384374e-05
in 0.024539877300613498 0.7346938775510204 0.018029297608614
and 0.024539877300613498 0.8571428571428571 0.021034180543382998
suddenly 0.006134969325153374 0.030612244897959183 0.00018780518342306247
the 0.0736196319018405 0.9540816326530612 0.07023913860022538
holy 0.006134969325153374 0.01020408163265306 6.260172780768748e-05
signs 0.006134969325153374 0.00510204081632653 3.130086390384374e-05
faith 0.012269938650306749 0.00510204081632653 6.260172780768748e-05
manifest 0.006134969325153374 0.00510204081632653 3.130086390384374e-05
in 0.024539877300613498 0.7346938775510204 0.018029297608614
sister 0.006134969325153374 0.015306122448979591 9.390259171153124e-05
benedetta 0.018404907975460124 0.00510204081632653 9.390259171153124e-05
body 0.006134969325153374 0.02040816326530612 0.00012520345561537496
but 0.006134969325153374 0.3112244897959184 0.0019093526981344686
can 0.006134969325153374 0.08673469387755102 0.0005321146863653437
wrestle 0.006134969325153374 0.00510204081632653 3.130086390384374e-05
with 0.006134969325153374 0.4387755102040816 0.0026918742957305624
guilt 0.006134969325153374 0.01020408163265306 6.260172780768748e-05
and 0.024539877300613498 0.8571428571428571 0.021034180543382998
emerge 0.006134969325153374 0.00510204081632653 3.130086390384374e-05
unscathed 0.006134969325153374 0.00510204081632653 3.130086390384374e-05
is 0.018404907975460124 0.5663265306122449 0.010423187679979969
there 0.006134969325153374 0.08163265306122448 0.0005008138224614999
an 0.006134969325153374 0.3622448979591837 0.0022223613371729063
escape 0.006134969325153374 0.04591836734693878 0.00028170777513459374
from 0.006134969325153374 0.3520408163265306 0.0021597596093652187
sin 0.006134969325153374 0.01020408163265306 6.260172780768748e-05
when 0.006134969325153374 0.27040816326530615 0.0016589457869037186
the 0.0736196319018405 0.9540816326530612 0.07023913860022538
flesh 0.006134969325153374 0.015306122448979591 9.390259171153124e-05
is 0.018404907975460124 0.5663265306122449 0.010423187679979969
the 0.0736196319018405 0.9540816326530612 0.07023913860022538
enemy 0.006134969325153374 0.025510204081632654 0.00015650431951921875
riganas 0.006134969325153374 0.02040816326530612 0.00012520345561537496
