anna 0.014084507042253521 0.015306122448979591 0.00021557918942224777
sasha 0.007042253521126761 0.00510204081632653 3.592986490370796e-05
luss 0.007042253521126761 0.00510204081632653 3.592986490370796e-05
is 0.02112676056338028 0.5663265306122449 0.011964645012934752
a 0.04929577464788732 0.8826530612244898 0.04351106639839034
young 0.007042253521126761 0.15816326530612246 0.001113825812014947
beautiful 0.007042253521126761 0.015306122448979591 0.00010778959471112389
girl 0.014084507042253521 0.08673469387755102 0.0012216154067260707
who 0.014084507042253521 0.39285714285714285 0.005533199195171026
managed 0.007042253521126761 0.015306122448979591 0.00010778959471112389
to 0.02112676056338028 0.7806122448979592 0.016491807990801955
make 0.007042253521126761 0.061224489795918366 0.00043115837884449555
a 0.04929577464788732 0.8826530612244898 0.04351106639839034
career 0.007042253521126761 0.02040816326530612 0.00014371945961483184
in 0.014084507042253521 0.7346938775510204 0.010347801092267893
the 0.04225352112676056 0.9540816326530612 0.040313308421960334
fashion 0.007042253521126761 0.01020408163265306 7.185972980741592e-05
world 0.014084507042253521 0.19387755102040816 0.0027306697326818052
more 0.007042253521126761 0.08163265306122448 0.0005748778384593274
recently 0.007042253521126761 0.025510204081632654 0.00017964932451853982
she 0.035211267605633804 0.19387755102040816 0.006826674331704513
a 0.04929577464788732 0.8826530612244898 0.04351106639839034
simple 0.007042253521126761 0.025510204081632654 0.00017964932451853982
model 0.007042253521126761 0.01020408163265306 7.185972980741592e-05
from 0.007042253521126761 0.3520408163265306 0.0024791606783558496
moscow 0.007042253521126761 0.05102040816326531 0.00035929864903707964
but 0.014084507042253521 0.3112244897959184 0.0043834435182523715
in 0.014084507042253521 0.7346938775510204 0.010347801092267893
a 0.04929577464788732 0.8826530612244898 0.04351106639839034
short 0.007042253521126761 0.01020408163265306 7.185972980741592e-05
time 0.007042253521126761 0.14795918367346939 0.001041966082207531
she 0.035211267605633804 0.19387755102040816 0.006826674331704513
able 0.007042253521126761 0.030612244897959183 0.00021557918942224777
to 0.02112676056338028 0.7806122448979592 0.016491807990801955
enter 0.007042253521126761 0.02040816326530612 0.00014371945961483184
the 0.04225352112676056 0.9540816326530612 0.040313308421960334
elite 0.007042253521126761 0.01020408163265306 7.185972980741592e-05
once 0.007042253521126761 0.061224489795918366 0.00043115837884449555
she 0.035211267605633804 0.19387755102040816 0.006826674331704513
entered 0.007042253521126761 0.00510204081632653 3.592986490370796e-05
the 0.04225352112676056 0.9540816326530612 0.040313308421960334
hotel 0.007042253521126761 0.01020408163265306 7.185972980741592e-05
an 0.007042253521126761 0.3622448979591837 0.0025510204081632655
influential 0.007042253521126761 0.00510204081632653 3.592986490370796e-05
and 0.02112676056338028 0.8571428571428571 0.01810865191146881
dangerous 0.014084507042253521 0.04591836734693878 0.0006467375682667433
person 0.007042253521126761 0.030612244897959183 0.00021557918942224777
after 0.007042253521126761 0.1989795918367347 0.0014012647312446106
a 0.04929577464788732 0.8826530612244898 0.04351106639839034
whole 0.007042253521126761 0.03571428571428571 0.0002515090543259557
mountain 0.007042253521126761 0.01020408163265306 7.185972980741592e-05
corpses 0.007042253521126761 0.015306122448979591 0.00010778959471112389
discovered 0.007042253521126761 0.00510204081632653 3.592986490370796e-05
there 0.007042253521126761 0.08163265306122448 0.0005748778384593274
the 0.04225352112676056 0.9540816326530612 0.040313308421960334
girl 0.014084507042253521 0.08673469387755102 0.0012216154067260707
is 0.02112676056338028 0.5663265306122449 0.011964645012934752
being 0.007042253521126761 0.07653061224489796 0.0005389479735556195
interrogated 0.007042253521126761 0.00510204081632653 3.592986490370796e-05
by 0.007042253521126761 0.33163265306122447 0.0023354412187410177
special 0.007042253521126761 0.025510204081632654 0.00017964932451853982
services 0.007042253521126761 0.01020408163265306 7.185972980741592e-05
but 0.014084507042253521 0.3112244897959184 0.0043834435182523715
she 0.035211267605633804 0.19387755102040816 0.006826674331704513
absolutely 0.007042253521126761 0.00510204081632653 3.592986490370796e-05
nothing 0.007042253521126761 0.030612244897959183 0.00021557918942224777
to 0.02112676056338028 0.7806122448979592 0.016491807990801955
tell 0.007042253521126761 0.015306122448979591 0.00010778959471112389
on 0.007042253521126761 0.3520408163265306 0.0024791606783558496
this 0.007042253521126761 0.17346938775510204 0.0012216154067260707
fact 0.007042253521126761 0.02040816326530612 0.00014371945961483184
she 0.035211267605633804 0.19387755102040816 0.006826674331704513
looks 0.007042253521126761 0.00510204081632653 3.592986490370796e-05
scared 0.007042253521126761 0.00510204081632653 3.592986490370796e-05
and 0.02112676056338028 0.8571428571428571 0.01810865191146881
no 0.007042253521126761 0.07142857142857142 0.0005030181086519114
one 0.007042253521126761 0.18877551020408162 0.0013294050014371946
suspects 0.007042253521126761 0.015306122448979591 0.00010778959471112389
her 0.007042253521126761 0.2755102040816326 0.0019402127048002299
anna 0.014084507042253521 0.015306122448979591 0.00021557918942224777
goes 0.007042253521126761 0.04591836734693878 0.00032336878413337166
free 0.007042253521126761 0.025510204081632654 0.00017964932451853982
and 0.02112676056338028 0.8571428571428571 0.01810865191146881
begins 0.007042253521126761 0.07142857142857142 0.0005030181086519114
preparing 0.007042253521126761 0.00510204081632653 3.592986490370796e-05
for 0.007042253521126761 0.3877551020408163 0.0027306697326818052
a 0.04929577464788732 0.8826530612244898 0.04351106639839034
new 0.007042253521126761 0.1377551020408163 0.0009701063524001149
business 0.007042253521126761 0.025510204081632654 0.00017964932451853982
under 0.007042253521126761 0.0663265306122449 0.00046708824374820353
the 0.04225352112676056 0.9540816326530612 0.040313308421960334
guise 0.007042253521126761 0.00510204081632653 3.592986490370796e-05
a 0.04929577464788732 0.8826530612244898 0.04351106639839034
fragile 0.007042253521126761 0.00510204081632653 3.592986490370796e-05
beauty 0.007042253521126761 0.01020408163265306 7.185972980741592e-05
is 0.02112676056338028 0.5663265306122449 0.011964645012934752
hiding 0.007042253521126761 0.025510204081632654 0.00017964932451853982
the 0.04225352112676056 0.9540816326530612 0.040313308421960334
world 0.014084507042253521 0.19387755102040816 0.0027306697326818052
most 0.007042253521126761 0.07653061224489796 0.0005389479735556195
dangerous 0.014084507042253521 0.04591836734693878 0.0006467375682667433
assassin 0.007042253521126761 0.01020408163265306 7.185972980741592e-05
who 0.014084507042253521 0.39285714285714285 0.005533199195171026
not 0.007042253521126761 0.14795918367346939 0.001041966082207531
yet 0.007042253521126761 0.025510204081632654 0.00017964932451853982
misfired 0.007042253521126761 0.00510204081632653 3.592986490370796e-05
