a 0.0410958904109589 0.8826530612244898 0.03627341347497903
young 0.0136986301369863 0.15816326530612246 0.002166620072686609
girl 0.0136986301369863 0.08673469387755102 0.0011881464914733017
abigail 0.0136986301369863 0.00510204081632653 6.989097008666479e-05
lives 0.0136986301369863 0.12244897959183673 0.001677383282079955
in 0.0273972602739726 0.7346938775510204 0.020128599384959464
a 0.0410958904109589 0.8826530612244898 0.03627341347497903
city 0.0273972602739726 0.09183673469387756 0.002516074923119933
whose 0.0136986301369863 0.04591836734693878 0.0006290187307799833
borders 0.0136986301369863 0.01020408163265306 0.00013978194017332958
closed 0.0136986301369863 0.00510204081632653 6.989097008666479e-05
many 0.0136986301369863 0.02040816326530612 0.00027956388034665916
years 0.0273972602739726 0.12244897959183673 0.00335476656415991
ago 0.0136986301369863 0.025510204081632654 0.000349454850433324
an 0.0136986301369863 0.3622448979591837 0.004962258876153201
epidemic 0.0136986301369863 0.00510204081632653 6.989097008666479e-05
a 0.0410958904109589 0.8826530612244898 0.03627341347497903
mysterious 0.0136986301369863 0.08673469387755102 0.0011881464914733017
disease 0.0136986301369863 0.00510204081632653 6.989097008666479e-05
abby 0.0273972602739726 0.00510204081632653 0.00013978194017332958
father 0.0273972602739726 0.11734693877551021 0.003214984623986581
one 0.0136986301369863 0.18877551020408162 0.002585965893206597
the 0.0273972602739726 0.9540816326530612 0.026139222812412634
sick 0.0136986301369863 0.01020408163265306 0.00013978194017332958
and 0.0273972602739726 0.8571428571428571 0.023483365949119372
he 0.0136986301369863 0.34183673469387754 0.004682694995806542
taken 0.0136986301369863 0.02040816326530612 0.00027956388034665916
when 0.0136986301369863 0.27040816326530615 0.0037042214145932345
she 0.0273972602739726 0.19387755102040816 0.0053117137265865245
six 0.0136986301369863 0.025510204081632654 0.000349454850433324
years 0.0273972602739726 0.12244897959183673 0.00335476656415991
old 0.0136986301369863 0.05612244897959184 0.0007688006709533128
going 0.0136986301369863 0.03571428571428571 0.0004892367906066536
the 0.0273972602739726 0.9540816326530612 0.026139222812412634
authorities 0.0136986301369863 0.015306122448979591 0.00020967291025999438
to 0.0136986301369863 0.7806122448979592 0.010693318423259714
find 0.0136986301369863 0.08163265306122448 0.0011182555213866366
her 0.0273972602739726 0.2755102040816326 0.007548224769359797
father 0.0273972602739726 0.11734693877551021 0.003214984623986581
abby 0.0273972602739726 0.00510204081632653 0.00013978194017332958
learns 0.0136986301369863 0.04081632653061224 0.0005591277606933183
that 0.0136986301369863 0.40816326530612246 0.005591277606933184
her 0.0273972602739726 0.2755102040816326 0.007548224769359797
city 0.0273972602739726 0.09183673469387756 0.002516074923119933
is 0.0136986301369863 0.5663265306122449 0.007757897679619793
actually 0.0136986301369863 0.02040816326530612 0.00027956388034665916
full 0.0136986301369863 0.025510204081632654 0.000349454850433324
magic 0.0136986301369863 0.025510204081632654 0.000349454850433324
and 0.0273972602739726 0.8571428571428571 0.023483365949119372
she 0.0273972602739726 0.19387755102040816 0.0053117137265865245
discovers 0.0136986301369863 0.030612244897959183 0.00041934582051998876
in 0.0273972602739726 0.7346938775510204 0.020128599384959464
extraordinary 0.0136986301369863 0.02040816326530612 0.00027956388034665916
magical 0.0136986301369863 0.015306122448979591 0.00020967291025999438
abilities 0.0136986301369863 0.00510204081632653 6.989097008666479e-05
