a 0.05357142857142857 0.8826530612244898 0.047284985422740525
young 0.008928571428571428 0.15816326530612246 0.0014121720116618075
woman 0.008928571428571428 0.07142857142857142 0.0006377551020408163
alex 0.008928571428571428 0.01020408163265306 9.11078717201166e-05
is 0.008928571428571428 0.5663265306122449 0.005056486880466472
raped 0.008928571428571428 0.00510204081632653 4.55539358600583e-05
by 0.017857142857142856 0.33163265306122447 0.00592201166180758
a 0.05357142857142857 0.8826530612244898 0.047284985422740525
stranger 0.008928571428571428 0.015306122448979591 0.0001366618075801749
in 0.03571428571428571 0.7346938775510204 0.026239067055393587
a 0.05357142857142857 0.8826530612244898 0.047284985422740525
tunnel 0.008928571428571428 0.01020408163265306 9.11078717201166e-05
her 0.008928571428571428 0.2755102040816326 0.0024599125364431484
boyfriend 0.008928571428571428 0.03571428571428571 0.00031887755102040814
marcus 0.008928571428571428 0.00510204081632653 4.55539358600583e-05
and 0.026785714285714284 0.8571428571428571 0.022959183673469385
pierre 0.008928571428571428 0.015306122448979591 0.0001366618075801749
decide 0.008928571428571428 0.03571428571428571 0.00031887755102040814
to 0.017857142857142856 0.7806122448979592 0.013939504373177843
justice 0.008928571428571428 0.01020408163265306 9.11078717201166e-05
in 0.03571428571428571 0.7346938775510204 0.026239067055393587
gaspar 0.008928571428571428 0.00510204081632653 4.55539358600583e-05
noé 0.008928571428571428 0.00510204081632653 4.55539358600583e-05
created 0.008928571428571428 0.02040816326530612 0.0001822157434402332
controversy 0.017857142857142856 0.00510204081632653 9.11078717201166e-05
and 0.026785714285714284 0.8571428571428571 0.022959183673469385
controversy 0.017857142857142856 0.00510204081632653 9.11078717201166e-05
by 0.017857142857142856 0.33163265306122447 0.00592201166180758
presenting 0.008928571428571428 0.01020408163265306 9.11078717201166e-05
his 0.017857142857142856 0.44387755102040816 0.007926384839650144
film 0.03571428571428571 0.061224489795918366 0.0021865889212827985
at 0.026785714285714284 0.23469387755102042 0.006286443148688046
the 0.03571428571428571 0.9540816326530612 0.03407434402332361
cannes 0.008928571428571428 0.015306122448979591 0.0001366618075801749
film 0.03571428571428571 0.061224489795918366 0.0021865889212827985
festival 0.008928571428571428 0.01020408163265306 9.11078717201166e-05
years 0.008928571428571428 0.12244897959183673 0.0010932944606413992
later 0.008928571428571428 0.061224489795918366 0.0005466472303206996
he 0.008928571428571428 0.34183673469387754 0.0030521137026239065
returns 0.008928571428571428 0.02040816326530612 0.0001822157434402332
with 0.017857142857142856 0.4387755102040816 0.007835276967930028
a 0.05357142857142857 0.8826530612244898 0.047284985422740525
brand 0.008928571428571428 0.00510204081632653 4.55539358600583e-05
new 0.008928571428571428 0.1377551020408163 0.0012299562682215742
version 0.008928571428571428 0.00510204081632653 4.55539358600583e-05
his 0.017857142857142856 0.44387755102040816 0.007926384839650144
cult 0.008928571428571428 0.00510204081632653 4.55539358600583e-05
film 0.03571428571428571 0.061224489795918366 0.0021865889212827985
initially 0.008928571428571428 0.00510204081632653 4.55539358600583e-05
operated 0.008928571428571428 0.00510204081632653 4.55539358600583e-05
in 0.03571428571428571 0.7346938775510204 0.026239067055393587
an 0.008928571428571428 0.3622448979591837 0.00323432944606414
anechronological 0.008928571428571428 0.00510204081632653 4.55539358600583e-05
form 0.008928571428571428 0.01020408163265306 9.11078717201166e-05
the 0.03571428571428571 0.9540816326530612 0.03407434402332361
film 0.03571428571428571 0.061224489795918366 0.0021865889212827985
starts 0.008928571428571428 0.05102040816326531 0.00045553935860058307
at 0.026785714285714284 0.23469387755102042 0.006286443148688046
the 0.03571428571428571 0.9540816326530612 0.03407434402332361
end 0.008928571428571428 0.04591836734693878 0.0004099854227405248
and 0.026785714285714284 0.8571428571428571 0.022959183673469385
ends 0.008928571428571428 0.01020408163265306 9.11078717201166e-05
at 0.026785714285714284 0.23469387755102042 0.006286443148688046
beginning 0.008928571428571428 0.015306122448979591 0.0001366618075801749
with 0.017857142857142856 0.4387755102040816 0.007835276967930028
irreversible 0.008928571428571428 0.00510204081632653 4.55539358600583e-05
full 0.008928571428571428 0.025510204081632654 0.00022776967930029153
inversion 0.008928571428571428 0.00510204081632653 4.55539358600583e-05
the 0.03571428571428571 0.9540816326530612 0.03407434402332361
filmmaker 0.008928571428571428 0.00510204081632653 4.55539358600583e-05
offers 0.008928571428571428 0.00510204081632653 4.55539358600583e-05
us 0.017857142857142856 0.00510204081632653 9.11078717201166e-05
a 0.05357142857142857 0.8826530612244898 0.047284985422740525
completely 0.008928571428571428 0.015306122448979591 0.0001366618075801749
different 0.008928571428571428 0.03571428571428571 0.00031887755102040814
reading 0.008928571428571428 0.00510204081632653 4.55539358600583e-05
offering 0.008928571428571428 0.01020408163265306 9.11078717201166e-05
it 0.008928571428571428 0.2193877551020408 0.001958819241982507
to 0.017857142857142856 0.7806122448979592 0.013939504373177843
us 0.017857142857142856 0.00510204081632653 9.11078717201166e-05
in 0.03571428571428571 0.7346938775510204 0.026239067055393587
a 0.05357142857142857 0.8826530612244898 0.047284985422740525
chronological 0.008928571428571428 0.00510204081632653 4.55539358600583e-05
order 0.008928571428571428 0.04081632653061224 0.0003644314868804664
