early 0.007936507936507936 0.030612244897959183 0.00024295432458697764
century 0.007936507936507936 0.03571428571428571 0.00028344671201814054
cartographer 0.007936507936507936 0.01020408163265306 8.098477486232587e-05
jonathan 0.007936507936507936 0.01020408163265306 8.098477486232587e-05
green 0.007936507936507936 0.01020408163265306 8.098477486232587e-05
undertakes 0.007936507936507936 0.00510204081632653 4.0492387431162935e-05
a 0.031746031746031744 0.8826530612244898 0.028020732102364755
scientific 0.007936507936507936 0.00510204081632653 4.0492387431162935e-05
voyage 0.007936507936507936 0.00510204081632653 4.0492387431162935e-05
from 0.023809523809523808 0.3520408163265306 0.008381924198250729
europe 0.007936507936507936 0.025510204081632654 0.0002024619371558147
to 0.03968253968253968 0.7806122448979592 0.03097667638483965
the 0.05555555555555555 0.9540816326530612 0.053004535147392284
east 0.007936507936507936 0.015306122448979591 0.00012147716229348882
having 0.015873015873015872 0.04081632653061224 0.000647878198898607
passed 0.007936507936507936 0.00510204081632653 4.0492387431162935e-05
through 0.007936507936507936 0.08163265306122448 0.000647878198898607
transylvania 0.007936507936507936 0.00510204081632653 4.0492387431162935e-05
and 0.023809523809523808 0.8571428571428571 0.02040816326530612
crossed 0.007936507936507936 0.00510204081632653 4.0492387431162935e-05
the 0.05555555555555555 0.9540816326530612 0.053004535147392284
carpathian 0.007936507936507936 0.00510204081632653 4.0492387431162935e-05
mountains 0.007936507936507936 0.025510204081632654 0.0002024619371558147
he 0.007936507936507936 0.34183673469387754 0.002712989957887917
finds 0.007936507936507936 0.0663265306122449 0.0005264010366051183
in 0.023809523809523808 0.7346938775510204 0.01749271137026239
a 0.031746031746031744 0.8826530612244898 0.028020732102364755
small 0.007936507936507936 0.07653061224489796 0.0006073858114674441
village 0.007936507936507936 0.025510204081632654 0.0002024619371558147
lost 0.007936507936507936 0.05102040816326531 0.0004049238743116294
in 0.023809523809523808 0.7346938775510204 0.01749271137026239
impassible 0.007936507936507936 0.00510204081632653 4.0492387431162935e-05
woods 0.007936507936507936 0.02040816326530612 0.00016196954972465174
nothing 0.007936507936507936 0.030612244897959183 0.00024295432458697764
but 0.007936507936507936 0.3112244897959184 0.0024700356333009392
chance 0.007936507936507936 0.025510204081632654 0.0002024619371558147
and 0.023809523809523808 0.8571428571428571 0.02040816326530612
heavy 0.007936507936507936 0.01020408163265306 8.098477486232587e-05
fog 0.007936507936507936 0.00510204081632653 4.0492387431162935e-05
could 0.015873015873015872 0.030612244897959183 0.00048590864917395527
bring 0.007936507936507936 0.00510204081632653 4.0492387431162935e-05
to 0.03968253968253968 0.7806122448979592 0.03097667638483965
this 0.007936507936507936 0.17346938775510204 0.00137674117265954
cursed 0.007936507936507936 0.00510204081632653 4.0492387431162935e-05
place 0.007936507936507936 0.05612244897959184 0.00044541626174279234
people 0.015873015873015872 0.11734693877551021 0.0018626498218334952
who 0.007936507936507936 0.39285714285714285 0.003117913832199546
live 0.007936507936507936 0.05612244897959184 0.00044541626174279234
here 0.007936507936507936 0.01020408163265306 8.098477486232587e-05
not 0.007936507936507936 0.14795918367346939 0.0011742792355037253
resemble 0.007936507936507936 0.00510204081632653 4.0492387431162935e-05
people 0.015873015873015872 0.11734693877551021 0.0018626498218334952
the 0.05555555555555555 0.9540816326530612 0.053004535147392284
traveler 0.007936507936507936 0.00510204081632653 4.0492387431162935e-05
saw 0.007936507936507936 0.00510204081632653 4.0492387431162935e-05
that 0.023809523809523808 0.40816326530612246 0.009718172983479106
the 0.05555555555555555 0.9540816326530612 0.053004535147392284
villagers 0.007936507936507936 0.00510204081632653 4.0492387431162935e-05
having 0.015873015873015872 0.04081632653061224 0.000647878198898607
dug 0.007936507936507936 0.00510204081632653 4.0492387431162935e-05
a 0.031746031746031744 0.8826530612244898 0.028020732102364755
deep 0.007936507936507936 0.015306122448979591 0.00012147716229348882
moat 0.007936507936507936 0.00510204081632653 4.0492387431162935e-05
to 0.03968253968253968 0.7806122448979592 0.03097667638483965
fend 0.007936507936507936 0.00510204081632653 4.0492387431162935e-05
from 0.023809523809523808 0.3520408163265306 0.008381924198250729
the 0.05555555555555555 0.9540816326530612 0.053004535147392284
rest 0.007936507936507936 0.025510204081632654 0.0002024619371558147
the 0.05555555555555555 0.9540816326530612 0.053004535147392284
world 0.015873015873015872 0.19387755102040816 0.0030774214447683835
share 0.007936507936507936 0.030612244897959183 0.00024295432458697764
a 0.031746031746031744 0.8826530612244898 0.028020732102364755
naive 0.007936507936507936 0.00510204081632653 4.0492387431162935e-05
belief 0.007936507936507936 0.00510204081632653 4.0492387431162935e-05
that 0.023809523809523808 0.40816326530612246 0.009718172983479106
they 0.007936507936507936 0.28061224489795916 0.0022270813087139616
could 0.015873015873015872 0.030612244897959183 0.00048590864917395527
save 0.007936507936507936 0.030612244897959183 0.00024295432458697764
from 0.023809523809523808 0.3520408163265306 0.008381924198250729
evil 0.015873015873015872 0.03571428571428571 0.0005668934240362811
failing 0.007936507936507936 0.00510204081632653 4.0492387431162935e-05
to 0.03968253968253968 0.7806122448979592 0.03097667638483965
understand 0.007936507936507936 0.015306122448979591 0.00012147716229348882
that 0.023809523809523808 0.40816326530612246 0.009718172983479106
evil 0.015873015873015872 0.03571428571428571 0.0005668934240362811
made 0.007936507936507936 0.01020408163265306 8.098477486232587e-05
nest 0.007936507936507936 0.00510204081632653 4.0492387431162935e-05
in 0.023809523809523808 0.7346938775510204 0.01749271137026239
their 0.007936507936507936 0.3520408163265306 0.0027939747327502427
souls 0.007936507936507936 0.00510204081632653 4.0492387431162935e-05
and 0.023809523809523808 0.8571428571428571 0.02040816326530612
is 0.007936507936507936 0.5663265306122449 0.004494655004859086
waiting 0.007936507936507936 0.00510204081632653 4.0492387431162935e-05
for 0.007936507936507936 0.3877551020408163 0.0030774214447683835
an 0.007936507936507936 0.3622448979591837 0.0028749595076125686
opportunity 0.007936507936507936 0.01020408163265306 8.098477486232587e-05
to 0.03968253968253968 0.7806122448979592 0.03097667638483965
gush 0.007936507936507936 0.00510204081632653 4.0492387431162935e-05
out 0.007936507936507936 0.18877551020408162 0.0014982183349530286
upon 0.007936507936507936 0.025510204081632654 0.0002024619371558147
the 0.05555555555555555 0.9540816326530612 0.053004535147392284
world 0.015873015873015872 0.19387755102040816 0.0030774214447683835
