encanto 0.03669724770642202 0.00510204081632653 0.00018723085564501028
tells 0.009174311926605505 0.03571428571428571 0.000327653997378768
the 0.09174311926605505 0.9540816326530612 0.08753042501404232
tale 0.009174311926605505 0.00510204081632653 4.680771391125257e-05
an 0.01834862385321101 0.3622448979591837 0.006646695375397866
extraordinary 0.009174311926605505 0.02040816326530612 0.00018723085564501028
family 0.027522935779816515 0.22448979591836735 0.0061786182362853406
the 0.09174311926605505 0.9540816326530612 0.08753042501404232
madrigals 0.009174311926605505 0.00510204081632653 4.680771391125257e-05
who 0.009174311926605505 0.39285714285714285 0.0036041939711664484
live 0.009174311926605505 0.05612244897959184 0.0005148848530237783
hidden 0.009174311926605505 0.030612244897959183 0.0002808462834675155
in 0.05504587155963303 0.7346938775510204 0.04044186481932223
the 0.09174311926605505 0.9540816326530612 0.08753042501404232
mountains 0.009174311926605505 0.025510204081632654 0.00023403856955626288
colombia 0.009174311926605505 0.00510204081632653 4.680771391125257e-05
in 0.05504587155963303 0.7346938775510204 0.04044186481932223
a 0.03669724770642202 0.8826530612244898 0.03239093802658678
magical 0.009174311926605505 0.015306122448979591 0.00014042314173375774
house 0.009174311926605505 0.061224489795918366 0.000561692566935031
in 0.05504587155963303 0.7346938775510204 0.04044186481932223
a 0.03669724770642202 0.8826530612244898 0.03239093802658678
vibrant 0.009174311926605505 0.00510204081632653 4.680771391125257e-05
town 0.009174311926605505 0.05102040816326531 0.00046807713911252576
in 0.05504587155963303 0.7346938775510204 0.04044186481932223
a 0.03669724770642202 0.8826530612244898 0.03239093802658678
wondrous 0.009174311926605505 0.00510204081632653 4.680771391125257e-05
charmed 0.009174311926605505 0.00510204081632653 4.680771391125257e-05
place 0.009174311926605505 0.05612244897959184 0.0005148848530237783
called 0.009174311926605505 0.04591836734693878 0.0004212694252012732
an 0.01834862385321101 0.3622448979591837 0.006646695375397866
encanto 0.03669724770642202 0.00510204081632653 0.00018723085564501028
the 0.09174311926605505 0.9540816326530612 0.08753042501404232
magic 0.01834862385321101 0.025510204081632654 0.00046807713911252576
the 0.09174311926605505 0.9540816326530612 0.08753042501404232
encanto 0.03669724770642202 0.00510204081632653 0.00018723085564501028
blessed 0.009174311926605505 0.00510204081632653 4.680771391125257e-05
every 0.009174311926605505 0.03571428571428571 0.000327653997378768
child 0.01834862385321101 0.04081632653061224 0.0007489234225800411
in 0.05504587155963303 0.7346938775510204 0.04044186481932223
the 0.09174311926605505 0.9540816326530612 0.08753042501404232
family 0.027522935779816515 0.22448979591836735 0.0061786182362853406
with 0.009174311926605505 0.4387755102040816 0.004025463396367722
a 0.03669724770642202 0.8826530612244898 0.03239093802658678
unique 0.009174311926605505 0.01020408163265306 9.361542782250514e-05
gift 0.009174311926605505 0.00510204081632653 4.680771391125257e-05
from 0.009174311926605505 0.3520408163265306 0.003229732259876428
super 0.009174311926605505 0.00510204081632653 4.680771391125257e-05
strength 0.009174311926605505 0.015306122448979591 0.00014042314173375774
to 0.01834862385321101 0.7806122448979592 0.014323160456843289
the 0.09174311926605505 0.9540816326530612 0.08753042501404232
power 0.009174311926605505 0.05102040816326531 0.00046807713911252576
to 0.01834862385321101 0.7806122448979592 0.014323160456843289
child 0.01834862385321101 0.04081632653061224 0.0007489234225800411
except 0.009174311926605505 0.03571428571428571 0.000327653997378768
one 0.009174311926605505 0.18877551020408162 0.0017318854147163453
mirabel 0.01834862385321101 0.00510204081632653 9.361542782250514e-05
but 0.009174311926605505 0.3112244897959184 0.0028552705485864072
when 0.009174311926605505 0.27040816326530615 0.002480808837296387
she 0.01834862385321101 0.19387755102040816 0.003557386257255196
discovers 0.009174311926605505 0.030612244897959183 0.0002808462834675155
that 0.01834862385321101 0.40816326530612246 0.007489234225800412
the 0.09174311926605505 0.9540816326530612 0.08753042501404232
magic 0.01834862385321101 0.025510204081632654 0.00046807713911252576
surrounding 0.009174311926605505 0.025510204081632654 0.00023403856955626288
the 0.09174311926605505 0.9540816326530612 0.08753042501404232
encanto 0.03669724770642202 0.00510204081632653 0.00018723085564501028
is 0.009174311926605505 0.5663265306122449 0.005195656244149036
in 0.05504587155963303 0.7346938775510204 0.04044186481932223
danger 0.009174311926605505 0.01020408163265306 9.361542782250514e-05
mirabel 0.01834862385321101 0.00510204081632653 9.361542782250514e-05
decides 0.009174311926605505 0.061224489795918366 0.000561692566935031
that 0.01834862385321101 0.40816326530612246 0.007489234225800412
she 0.01834862385321101 0.19387755102040816 0.003557386257255196
the 0.09174311926605505 0.9540816326530612 0.08753042501404232
ordinary 0.009174311926605505 0.03571428571428571 0.000327653997378768
madrigal 0.009174311926605505 0.00510204081632653 4.680771391125257e-05
might 0.009174311926605505 0.00510204081632653 4.680771391125257e-05
her 0.009174311926605505 0.2755102040816326 0.002527616551207639
exceptional 0.009174311926605505 0.01020408163265306 9.361542782250514e-05
family 0.027522935779816515 0.22448979591836735 0.0061786182362853406
last 0.009174311926605505 0.04591836734693878 0.0004212694252012732
hope 0.009174311926605505 0.030612244897959183 0.0002808462834675155
disney 0.009174311926605505 0.00510204081632653 4.680771391125257e-05
animation 0.009174311926605505 0.00510204081632653 4.680771391125257e-05
studios 0.009174311926605505 0.01020408163265306 9.361542782250514e-05
