nelly 0.024390243902439025 0.00510204081632653 0.00012444001991040318
lost 0.024390243902439025 0.05102040816326531 0.001244400199104032
her 0.0975609756097561 0.2755102040816326 0.026879044300647085
grandmother 0.024390243902439025 0.01020408163265306 0.00024888003982080636
and 0.04878048780487805 0.8571428571428571 0.04181184668989547
is 0.024390243902439025 0.5663265306122449 0.013812842210054755
helping 0.024390243902439025 0.01020408163265306 0.00024888003982080636
her 0.0975609756097561 0.2755102040816326 0.026879044300647085
parents 0.024390243902439025 0.025510204081632654 0.000622200099552016
clean 0.024390243902439025 0.01020408163265306 0.00024888003982080636
out 0.024390243902439025 0.18877551020408162 0.004604280736684918
her 0.0975609756097561 0.2755102040816326 0.026879044300647085
mother 0.024390243902439025 0.05612244897959184 0.0013688402190144351
childhood 0.024390243902439025 0.030612244897959183 0.0007466401194624191
home 0.024390243902439025 0.07653061224489796 0.001866600298656048
she 0.04878048780487805 0.19387755102040816 0.009457441513190641
explores 0.024390243902439025 0.01020408163265306 0.00024888003982080636
the 0.04878048780487805 0.9540816326530612 0.046540567446490794
house 0.024390243902439025 0.061224489795918366 0.0014932802389248383
and 0.04878048780487805 0.8571428571428571 0.04181184668989547
the 0.04878048780487805 0.9540816326530612 0.046540567446490794
surrounding 0.024390243902439025 0.025510204081632654 0.000622200099552016
woods 0.024390243902439025 0.02040816326530612 0.0004977600796416127
one 0.024390243902439025 0.18877551020408162 0.004604280736684918
day 0.024390243902439025 0.09183673469387756 0.0022399203583872576
she 0.04878048780487805 0.19387755102040816 0.009457441513190641
meets 0.024390243902439025 0.05102040816326531 0.001244400199104032
a 0.04878048780487805 0.8826530612244898 0.043056246888999505
girl 0.024390243902439025 0.08673469387755102 0.002115480338476854
her 0.0975609756097561 0.2755102040816326 0.026879044300647085
age 0.024390243902439025 0.025510204081632654 0.000622200099552016
building 0.024390243902439025 0.015306122448979591 0.00037332005973120957
a 0.04878048780487805 0.8826530612244898 0.043056246888999505
treehouse 0.024390243902439025 0.00510204081632653 0.00012444001991040318
