young 0.009708737864077669 0.15816326530612246 0.001535565682583713
pinocchio 0.02912621359223301 0.00510204081632653 0.0001486031305726174
runs 0.009708737864077669 0.01020408163265306 9.906875371507825e-05
away 0.009708737864077669 0.04081632653061224 0.000396275014860313
from 0.009708737864077669 0.3520408163265306 0.0034178720031702
his 0.019417475728155338 0.44387755102040816 0.008618981573211807
genius 0.009708737864077669 0.00510204081632653 4.953437685753912e-05
creator 0.009708737864077669 0.00510204081632653 4.953437685753912e-05
jepetto 0.009708737864077669 0.00510204081632653 4.953437685753912e-05
accompanied 0.009708737864077669 0.01020408163265306 9.906875371507825e-05
by 0.019417475728155338 0.33163265306122447 0.006439468991480086
the 0.14563106796116504 0.9540816326530612 0.13894392708539727
horse 0.009708737864077669 0.00510204081632653 4.953437685753912e-05
tibalt 0.009708737864077669 0.00510204081632653 4.953437685753912e-05
to 0.019417475728155338 0.7806122448979592 0.015157519318406974
see 0.009708737864077669 0.04081632653061224 0.000396275014860313
the 0.14563106796116504 0.9540816326530612 0.13894392708539727
world 0.009708737864077669 0.19387755102040816 0.0018823063205864869
and 0.05825242718446602 0.8571428571428571 0.049930651872399444
joins 0.009708737864077669 0.015306122448979591 0.0001486031305726174
the 0.14563106796116504 0.9540816326530612 0.13894392708539727
traveling 0.009708737864077669 0.01020408163265306 9.906875371507825e-05
circus 0.009708737864077669 0.00510204081632653 4.953437685753912e-05
run 0.009708737864077669 0.015306122448979591 0.0001486031305726174
by 0.019417475728155338 0.33163265306122447 0.006439468991480086
hustler 0.009708737864077669 0.00510204081632653 4.953437685753912e-05
modjafocco 0.009708737864077669 0.00510204081632653 4.953437685753912e-05
pinocchio 0.02912621359223301 0.00510204081632653 0.0001486031305726174
is 0.038834951456310676 0.5663265306122449 0.021993263324747374
the 0.14563106796116504 0.9540816326530612 0.13894392708539727
main 0.019417475728155338 0.02040816326530612 0.000396275014860313
attraction 0.009708737864077669 0.015306122448979591 0.0001486031305726174
and 0.05825242718446602 0.8571428571428571 0.049930651872399444
while 0.009708737864077669 0.12244897959183673 0.0011888250445809391
he 0.038834951456310676 0.34183673469387754 0.013275212997820486
is 0.038834951456310676 0.5663265306122449 0.021993263324747374
selling 0.009708737864077669 0.01020408163265306 9.906875371507825e-05
out 0.009708737864077669 0.18877551020408162 0.0018327719437289476
the 0.14563106796116504 0.9540816326530612 0.13894392708539727
shows 0.009708737864077669 0.01020408163265306 9.906875371507825e-05
around 0.009708737864077669 0.08673469387755102 0.0008420844065781651
the 0.14563106796116504 0.9540816326530612 0.13894392708539727
country 0.009708737864077669 0.015306122448979591 0.0001486031305726174
the 0.14563106796116504 0.9540816326530612 0.13894392708539727
cat 0.009708737864077669 0.01020408163265306 9.906875371507825e-05
and 0.05825242718446602 0.8571428571428571 0.049930651872399444
the 0.14563106796116504 0.9540816326530612 0.13894392708539727
fox 0.009708737864077669 0.00510204081632653 4.953437685753912e-05
robbing 0.009708737864077669 0.00510204081632653 4.953437685753912e-05
the 0.14563106796116504 0.9540816326530612 0.13894392708539727
houses 0.009708737864077669 0.00510204081632653 4.953437685753912e-05
the 0.14563106796116504 0.9540816326530612 0.13894392708539727
spectators 0.009708737864077669 0.00510204081632653 4.953437685753912e-05
and 0.05825242718446602 0.8571428571428571 0.049930651872399444
although 0.009708737864077669 0.02040816326530612 0.0001981375074301565
pinocchio 0.02912621359223301 0.00510204081632653 0.0001486031305726174
is 0.038834951456310676 0.5663265306122449 0.021993263324747374
for 0.009708737864077669 0.3877551020408163 0.0037646126411729737
the 0.14563106796116504 0.9540816326530612 0.13894392708539727
police 0.009708737864077669 0.08163265306122448 0.000792550029720626
the 0.14563106796116504 0.9540816326530612 0.13894392708539727
main 0.019417475728155338 0.02040816326530612 0.000396275014860313
suspect 0.009708737864077669 0.00510204081632653 4.953437685753912e-05
he 0.038834951456310676 0.34183673469387754 0.013275212997820486
not 0.009708737864077669 0.14795918367346939 0.0014364969288686348
know 0.009708737864077669 0.07142857142857142 0.0006934812760055478
the 0.14563106796116504 0.9540816326530612 0.13894392708539727
robberies 0.009708737864077669 0.00510204081632653 4.953437685753912e-05
as 0.009708737864077669 0.3469387755102041 0.0033683376263126605
he 0.038834951456310676 0.34183673469387754 0.013275212997820486
is 0.038834951456310676 0.5663265306122449 0.021993263324747374
in 0.009708737864077669 0.7346938775510204 0.007132950267485635
love 0.019417475728155338 0.09183673469387756 0.0017832375668714088
with 0.019417475728155338 0.4387755102040816 0.00851991281949673
bella 0.009708737864077669 0.00510204081632653 4.953437685753912e-05
and 0.05825242718446602 0.8571428571428571 0.049930651872399444
with 0.019417475728155338 0.4387755102040816 0.00851991281949673
the 0.14563106796116504 0.9540816326530612 0.13894392708539727
help 0.009708737864077669 0.10204081632653061 0.0009906875371507825
lucilda 0.009708737864077669 0.00510204081632653 4.953437685753912e-05
he 0.038834951456310676 0.34183673469387754 0.013275212997820486
wants 0.009708737864077669 0.04591836734693878 0.0004458093917178522
to 0.019417475728155338 0.7806122448979592 0.015157519318406974
become 0.009708737864077669 0.05612244897959184 0.0005448781454329304
a 0.009708737864077669 0.8826530612244898 0.008569447196354269
living 0.009708737864077669 0.05612244897959184 0.0005448781454329304
boy 0.009708737864077669 0.030612244897959183 0.0002972062611452348
and 0.05825242718446602 0.8571428571428571 0.049930651872399444
win 0.009708737864077669 0.015306122448979591 0.0001486031305726174
the 0.14563106796116504 0.9540816326530612 0.13894392708539727
love 0.019417475728155338 0.09183673469387756 0.0017832375668714088
his 0.019417475728155338 0.44387755102040816 0.008618981573211807
life 0.009708737864077669 0.20408163265306123 0.001981375074301565
