two 0.01 0.12755102040816327 0.0012755102040816328
former 0.01 0.03571428571428571 0.00035714285714285714
army 0.02 0.025510204081632654 0.0005102040816326531
rangers 0.01 0.00510204081632653 5.10204081632653e-05
paired 0.01 0.00510204081632653 5.10204081632653e-05
their 0.02 0.3520408163265306 0.0070408163265306125
will 0.01 0.1989795918367347 0.001989795918367347
on 0.02 0.3520408163265306 0.0070408163265306125
the 0.03 0.9540816326530612 0.028622448979591836
road 0.01 0.00510204081632653 5.10204081632653e-05
trip 0.01 0.02040816326530612 0.0002040816326530612
a 0.06 0.8826530612244898 0.05295918367346939
lifetime 0.01 0.00510204081632653 5.10204081632653e-05
army 0.02 0.025510204081632654 0.0005102040816326531
ranger 0.01 0.00510204081632653 5.10204081632653e-05
briggs 0.01 0.00510204081632653 5.10204081632653e-05
channing 0.01 0.00510204081632653 5.10204081632653e-05
tatum 0.01 0.00510204081632653 5.10204081632653e-05
and 0.03 0.8571428571428571 0.02571428571428571
lulu 0.01 0.00510204081632653 5.10204081632653e-05
a 0.06 0.8826530612244898 0.05295918367346939
belgian 0.01 0.01020408163265306 0.0001020408163265306
malinois 0.01 0.00510204081632653 5.10204081632653e-05
dog 0.01 0.00510204081632653 5.10204081632653e-05
buckle 0.01 0.00510204081632653 5.10204081632653e-05
a 0.06 0.8826530612244898 0.05295918367346939
ford 0.01 0.00510204081632653 5.10204081632653e-05
bronco 0.01 0.00510204081632653 5.10204081632653e-05
and 0.03 0.8571428571428571 0.02571428571428571
race 0.01 0.03571428571428571 0.00035714285714285714
the 0.03 0.9540816326530612 0.028622448979591836
pacific 0.01 0.00510204081632653 5.10204081632653e-05
coast 0.01 0.00510204081632653 5.10204081632653e-05
in 0.02 0.7346938775510204 0.01469387755102041
hopes 0.01 0.01020408163265306 0.0001020408163265306
making 0.01 0.025510204081632654 0.00025510204081632655
it 0.01 0.2193877551020408 0.002193877551020408
to 0.03 0.7806122448979592 0.023418367346938775
a 0.06 0.8826530612244898 0.05295918367346939
fellow 0.01 0.025510204081632654 0.00025510204081632655
soldier 0.01 0.01020408163265306 0.0001020408163265306
funeral 0.01 0.00510204081632653 5.10204081632653e-05
on 0.02 0.3520408163265306 0.0070408163265306125
time 0.01 0.14795918367346939 0.0014795918367346938
along 0.01 0.02040816326530612 0.0002040816326530612
the 0.03 0.9540816326530612 0.028622448979591836
way 0.01 0.03571428571428571 0.00035714285714285714
they 0.01 0.28061224489795916 0.0028061224489795917
drive 0.01 0.015306122448979591 0.0001530612244897959
completely 0.01 0.015306122448979591 0.0001530612244897959
crazy 0.01 0.00510204081632653 5.10204081632653e-05
break 0.01 0.01020408163265306 0.0001020408163265306
a 0.06 0.8826530612244898 0.05295918367346939
small 0.01 0.07653061224489796 0.0007653061224489797
handful 0.01 0.00510204081632653 5.10204081632653e-05
laws 0.01 0.015306122448979591 0.0001530612244897959
narrowly 0.01 0.01020408163265306 0.0001020408163265306
evade 0.01 0.00510204081632653 5.10204081632653e-05
death 0.01 0.04591836734693878 0.0004591836734693878
and 0.03 0.8571428571428571 0.02571428571428571
learn 0.01 0.02040816326530612 0.0002040816326530612
to 0.03 0.7806122448979592 0.023418367346938775
let 0.01 0.02040816326530612 0.0002040816326530612
their 0.02 0.3520408163265306 0.0070408163265306125
guards 0.01 0.015306122448979591 0.0001530612244897959
in 0.02 0.7346938775510204 0.01469387755102041
order 0.01 0.04081632653061224 0.0004081632653061224
to 0.03 0.7806122448979592 0.023418367346938775
a 0.06 0.8826530612244898 0.05295918367346939
fighting 0.01 0.02040816326530612 0.0002040816326530612
chance 0.01 0.025510204081632654 0.00025510204081632655
finding 0.01 0.02040816326530612 0.0002040816326530612
happiness 0.01 0.00510204081632653 5.10204081632653e-05
