this 0.02247191011235955 0.17346938775510204 0.0038981884888786974
is 0.02247191011235955 0.5663265306122449 0.012726438890162806
the 0.056179775280898875 0.9540816326530612 0.05360009172208209
story 0.02247191011235955 0.12755102040816327 0.0028663150653519833
anne 0.02247191011235955 0.00510204081632653 0.00011465260261407932
a 0.056179775280898875 0.8826530612244898 0.049587250630589316
young 0.011235955056179775 0.15816326530612246 0.0017771153405182298
woman 0.02247191011235955 0.07142857142857142 0.0016051364365971105
who 0.02247191011235955 0.39285714285714285 0.00882825040128411
decides 0.02247191011235955 0.061224489795918366 0.001375831231368952
to 0.033707865168539325 0.7806122448979592 0.02631277229993121
abort 0.011235955056179775 0.00510204081632653 5.732630130703966e-05
to 0.033707865168539325 0.7806122448979592 0.02631277229993121
finish 0.011235955056179775 0.00510204081632653 5.732630130703966e-05
her 0.0449438202247191 0.2755102040816326 0.012382481082320568
studies 0.011235955056179775 0.00510204081632653 5.732630130703966e-05
and 0.033707865168539325 0.8571428571428571 0.02889245585874799
escape 0.011235955056179775 0.04591836734693878 0.0005159367117633571
the 0.056179775280898875 0.9540816326530612 0.05360009172208209
social 0.011235955056179775 0.04081632653061224 0.0004586104104563173
constraints 0.011235955056179775 0.00510204081632653 5.732630130703966e-05
a 0.056179775280898875 0.8826530612244898 0.049587250630589316
family 0.011235955056179775 0.22448979591836735 0.0025223572575097455
france 0.011235955056179775 0.030612244897959183 0.000343957807842238
in 0.02247191011235955 0.7346938775510204 0.016509974776427426
a 0.056179775280898875 0.8826530612244898 0.049587250630589316
society 0.011235955056179775 0.03571428571428571 0.00040128410914927763
that 0.011235955056179775 0.40816326530612246 0.004586104104563174
censures 0.011235955056179775 0.00510204081632653 5.732630130703966e-05
women 0.011235955056179775 0.061224489795918366 0.000687915615684476
desires 0.011235955056179775 0.015306122448979591 0.000171978903921119
and 0.033707865168539325 0.8571428571428571 0.02889245585874799
sex 0.011235955056179775 0.03571428571428571 0.00040128410914927763
in 0.02247191011235955 0.7346938775510204 0.016509974776427426
general 0.011235955056179775 0.00510204081632653 5.732630130703966e-05
this 0.02247191011235955 0.17346938775510204 0.0038981884888786974
simple 0.011235955056179775 0.025510204081632654 0.00028663150653519836
but 0.011235955056179775 0.3112244897959184 0.00349690437972942
cruel 0.011235955056179775 0.01020408163265306 0.00011465260261407932
story 0.02247191011235955 0.12755102040816327 0.0028663150653519833
follows 0.011235955056179775 0.0663265306122449 0.0007452419169915157
the 0.056179775280898875 0.9540816326530612 0.05360009172208209
itinerary 0.011235955056179775 0.00510204081632653 5.732630130703966e-05
a 0.056179775280898875 0.8826530612244898 0.049587250630589316
woman 0.02247191011235955 0.07142857142857142 0.0016051364365971105
who 0.02247191011235955 0.39285714285714285 0.00882825040128411
decides 0.02247191011235955 0.061224489795918366 0.001375831231368952
to 0.033707865168539325 0.7806122448979592 0.02631277229993121
go 0.011235955056179775 0.09183673469387756 0.0010318734235267141
the 0.056179775280898875 0.9540816326530612 0.05360009172208209
law 0.011235955056179775 0.01020408163265306 0.00011465260261407932
anne 0.02247191011235955 0.00510204081632653 0.00011465260261407932
a 0.056179775280898875 0.8826530612244898 0.049587250630589316
little 0.011235955056179775 0.04591836734693878 0.0005159367117633571
time 0.011235955056179775 0.14795918367346939 0.0016624627379041503
her 0.0449438202247191 0.2755102040816326 0.012382481082320568
her 0.0449438202247191 0.2755102040816326 0.012382481082320568
exams 0.011235955056179775 0.00510204081632653 5.732630130703966e-05
around 0.011235955056179775 0.08673469387755102 0.0009745471222196744
the 0.056179775280898875 0.9540816326530612 0.05360009172208209
corner 0.011235955056179775 0.01020408163265306 0.00011465260261407932
and 0.033707865168539325 0.8571428571428571 0.02889245585874799
her 0.0449438202247191 0.2755102040816326 0.012382481082320568
baby 0.011235955056179775 0.00510204081632653 5.732630130703966e-05
bump 0.011235955056179775 0.00510204081632653 5.732630130703966e-05
is 0.02247191011235955 0.5663265306122449 0.012726438890162806
growing 0.011235955056179775 0.00510204081632653 5.732630130703966e-05
fast 0.011235955056179775 0.00510204081632653 5.732630130703966e-05
