an 0.009569377990430622 0.3622448979591837 0.003466458353676399
unknown 0.004784688995215311 0.02040816326530612 9.764671418806757e-05
virus 0.004784688995215311 0.00510204081632653 2.441167854701689e-05
turns 0.004784688995215311 0.030612244897959183 0.00014647007128210134
moscow 0.009569377990430622 0.05102040816326531 0.00048823357094033784
a 0.023923444976076555 0.8826530612244898 0.021116101943169614
city 0.009569377990430622 0.09183673469387756 0.0008788204276926082
the 0.05741626794258373 0.9540816326530612 0.05477980665950591
dead 0.004784688995215311 0.015306122448979591 7.323503564105067e-05
there 0.009569377990430622 0.08163265306122448 0.0007811737135045405
is 0.019138755980861243 0.5663265306122449 0.010838785274875501
no 0.004784688995215311 0.07142857142857142 0.00034176349965823647
electricity 0.004784688995215311 0.01020408163265306 4.882335709403378e-05
money 0.004784688995215311 0.030612244897959183 0.00014647007128210134
lost 0.004784688995215311 0.05102040816326531 0.00024411678547016892
all 0.004784688995215311 0.17346938775510204 0.0008299970705985744
value 0.004784688995215311 0.00510204081632653 2.441167854701689e-05
and 0.03349282296650718 0.8571428571428571 0.028708133971291867
who 0.009569377990430622 0.39285714285714285 0.0037593984962406013
still 0.009569377990430622 0.02040816326530612 0.00019529342837613513
not 0.004784688995215311 0.14795918367346939 0.0007079386778634898
infected 0.004784688995215311 0.01020408163265306 4.882335709403378e-05
desperately 0.004784688995215311 0.01020408163265306 4.882335709403378e-05
fighting 0.004784688995215311 0.02040816326530612 9.764671418806757e-05
for 0.004784688995215311 0.3877551020408163 0.0018552875695732837
food 0.004784688995215311 0.015306122448979591 7.323503564105067e-05
and 0.03349282296650718 0.8571428571428571 0.028708133971291867
fuel 0.004784688995215311 0.00510204081632653 2.441167854701689e-05
the 0.05741626794258373 0.9540816326530612 0.05477980665950591
main 0.004784688995215311 0.02040816326530612 9.764671418806757e-05
character 0.004784688995215311 0.02040816326530612 9.764671418806757e-05
sergei 0.009569377990430622 0.01020408163265306 9.764671418806757e-05
lives 0.004784688995215311 0.12244897959183673 0.0005858802851284054
outside 0.004784688995215311 0.02040816326530612 9.764671418806757e-05
the 0.05741626794258373 0.9540816326530612 0.05477980665950591
city 0.009569377990430622 0.09183673469387756 0.0008788204276926082
with 0.004784688995215311 0.4387755102040816 0.0020994043550434526
the 0.05741626794258373 0.9540816326530612 0.05477980665950591
woman 0.004784688995215311 0.07142857142857142 0.00034176349965823647
he 0.009569377990430622 0.34183673469387754 0.0032711649253002635
loves 0.004784688995215311 0.02040816326530612 9.764671418806757e-05
and 0.03349282296650718 0.8571428571428571 0.028708133971291867
her 0.004784688995215311 0.2755102040816326 0.001318230641538912
autistic 0.004784688995215311 0.00510204081632653 2.441167854701689e-05
son 0.009569377990430622 0.08163265306122448 0.0007811737135045405
it 0.009569377990430622 0.2193877551020408 0.0020994043550434526
still 0.009569377990430622 0.02040816326530612 0.00019529342837613513
safe 0.004784688995215311 0.01020408163265306 4.882335709403378e-05
there 0.009569377990430622 0.08163265306122448 0.0007811737135045405
in 0.023923444976076555 0.7346938775510204 0.017576408553852164
spite 0.004784688995215311 0.00510204081632653 2.441167854701689e-05
that 0.004784688995215311 0.40816326530612246 0.0019529342837613514
he 0.009569377990430622 0.34183673469387754 0.0032711649253002635
rushes 0.004784688995215311 0.00510204081632653 2.441167854701689e-05
to 0.019138755980861243 0.7806122448979592 0.014939947270774339
moscow 0.009569377990430622 0.05102040816326531 0.00048823357094033784
to 0.019138755980861243 0.7806122448979592 0.014939947270774339
save 0.004784688995215311 0.030612244897959183 0.00014647007128210134
his 0.004784688995215311 0.44387755102040816 0.0021238160335904695
and 0.03349282296650718 0.8571428571428571 0.028708133971291867
their 0.004784688995215311 0.3520408163265306 0.0016844058197441655
son 0.009569377990430622 0.08163265306122448 0.0007811737135045405
although 0.004784688995215311 0.02040816326530612 9.764671418806757e-05
she 0.004784688995215311 0.19387755102040816 0.0009276437847866418
hates 0.004784688995215311 0.00510204081632653 2.441167854701689e-05
sergei 0.009569377990430622 0.01020408163265306 9.764671418806757e-05
these 0.004784688995215311 0.05102040816326531 0.00024411678547016892
people 0.004784688995215311 0.11734693877551021 0.0005614686065813885
who 0.009569377990430622 0.39285714285714285 0.0037593984962406013
never 0.004784688995215311 0.03571428571428571 0.00017088174982911824
believed 0.004784688995215311 0.00510204081632653 2.441167854701689e-05
they 0.004784688995215311 0.28061224489795916 0.001342642320085929
under 0.004784688995215311 0.0663265306122449 0.0003173518211112196
the 0.05741626794258373 0.9540816326530612 0.05477980665950591
roof 0.004784688995215311 0.01020408163265306 4.882335709403378e-05
to 0.019138755980861243 0.7806122448979592 0.014939947270774339
put 0.004784688995215311 0.03571428571428571 0.00017088174982911824
the 0.05741626794258373 0.9540816326530612 0.05477980665950591
past 0.004784688995215311 0.04591836734693878 0.00021970510692315205
behind 0.004784688995215311 0.05612244897959184 0.0002685284640171858
and 0.03349282296650718 0.8571428571428571 0.028708133971291867
set 0.004784688995215311 0.05102040816326531 0.00024411678547016892
on 0.014354066985645933 0.3520408163265306 0.005053217459232497
a 0.023923444976076555 0.8826530612244898 0.021116101943169614
long 0.004784688995215311 0.05612244897959184 0.0002685284640171858
dangerous 0.004784688995215311 0.04591836734693878 0.00021970510692315205
journey 0.004784688995215311 0.08163265306122448 0.00039058685675227026
north 0.004784688995215311 0.01020408163265306 4.882335709403378e-05
to 0.019138755980861243 0.7806122448979592 0.014939947270774339
find 0.004784688995215311 0.08163265306122448 0.00039058685675227026
an 0.009569377990430622 0.3622448979591837 0.003466458353676399
isolated 0.004784688995215311 0.00510204081632653 2.441167854701689e-05
hunting 0.004784688995215311 0.015306122448979591 7.323503564105067e-05
lodge 0.004784688995215311 0.01020408163265306 4.882335709403378e-05
on 0.014354066985645933 0.3520408163265306 0.005053217459232497
a 0.023923444976076555 0.8826530612244898 0.021116101943169614
deserted 0.004784688995215311 0.00510204081632653 2.441167854701689e-05
island 0.004784688995215311 0.02040816326530612 9.764671418806757e-05
the 0.05741626794258373 0.9540816326530612 0.05477980665950591
outbreak 0.004784688995215311 0.00510204081632653 2.441167854701689e-05
is 0.019138755980861243 0.5663265306122449 0.010838785274875501
a 0.023923444976076555 0.8826530612244898 0.021116101943169614
family 0.004784688995215311 0.22448979591836735 0.0010741138560687433
drama 0.004784688995215311 0.05102040816326531 0.00024411678547016892
in 0.023923444976076555 0.7346938775510204 0.017576408553852164
the 0.05741626794258373 0.9540816326530612 0.05477980665950591
midst 0.004784688995215311 0.01020408163265306 4.882335709403378e-05
a 0.023923444976076555 0.8826530612244898 0.021116101943169614
global 0.004784688995215311 0.01020408163265306 4.882335709403378e-05
disaster 0.004784688995215311 0.01020408163265306 4.882335709403378e-05
it 0.009569377990430622 0.2193877551020408 0.0020994043550434526
is 0.019138755980861243 0.5663265306122449 0.010838785274875501
one 0.009569377990430622 0.18877551020408162 0.00180646421247925
the 0.05741626794258373 0.9540816326530612 0.05477980665950591
first 0.004784688995215311 0.08163265306122448 0.00039058685675227026
tv 0.004784688995215311 0.00510204081632653 2.441167854701689e-05
shows 0.004784688995215311 0.01020408163265306 4.882335709403378e-05
in 0.023923444976076555 0.7346938775510204 0.017576408553852164
russia 0.004784688995215311 0.02040816326530612 9.764671418806757e-05
and 0.03349282296650718 0.8571428571428571 0.028708133971291867
is 0.019138755980861243 0.5663265306122449 0.010838785274875501
based 0.004784688995215311 0.025510204081632654 0.00012205839273508446
on 0.014354066985645933 0.3520408163265306 0.005053217459232497
bestselling 0.004784688995215311 0.00510204081632653 2.441167854701689e-05
book 0.004784688995215311 0.02040816326530612 9.764671418806757e-05
vongozero 0.004784688995215311 0.00510204081632653 2.441167854701689e-05
written 0.004784688995215311 0.00510204081632653 2.441167854701689e-05
by 0.014354066985645933 0.33163265306122447 0.004760277316668294
yana 0.004784688995215311 0.00510204081632653 2.441167854701689e-05
vagner 0.004784688995215311 0.00510204081632653 2.441167854701689e-05
and 0.03349282296650718 0.8571428571428571 0.028708133971291867
translated 0.004784688995215311 0.00510204081632653 2.441167854701689e-05
eleven 0.004784688995215311 0.00510204081632653 2.441167854701689e-05
languages 0.004784688995215311 0.00510204081632653 2.441167854701689e-05
one 0.009569377990430622 0.18877551020408162 0.00180646421247925
the 0.05741626794258373 0.9540816326530612 0.05477980665950591
parts 0.004784688995215311 0.01020408163265306 4.882335709403378e-05
will 0.004784688995215311 0.1989795918367347 0.0009520554633336588
played 0.004784688995215311 0.01020408163265306 4.882335709403378e-05
by 0.014354066985645933 0.33163265306122447 0.004760277316668294
maryana 0.004784688995215311 0.00510204081632653 2.441167854701689e-05
spivak 0.004784688995215311 0.00510204081632653 2.441167854701689e-05
principle 0.004784688995215311 0.00510204081632653 2.441167854701689e-05
role 0.004784688995215311 0.02040816326530612 9.764671418806757e-05
in 0.023923444976076555 0.7346938775510204 0.017576408553852164
the 0.05741626794258373 0.9540816326530612 0.05477980665950591
film 0.004784688995215311 0.061224489795918366 0.0002929401425642027
loveless 0.004784688995215311 0.00510204081632653 2.441167854701689e-05
by 0.014354066985645933 0.33163265306122447 0.004760277316668294
andrei 0.004784688995215311 0.00510204081632653 2.441167854701689e-05
zvyagintsev 0.004784688995215311 0.00510204081632653 2.441167854701689e-05
the 0.05741626794258373 0.9540816326530612 0.05477980665950591
jury 0.004784688995215311 0.00510204081632653 2.441167854701689e-05
prize 0.004784688995215311 0.015306122448979591 7.323503564105067e-05
at 0.004784688995215311 0.23469387755102042 0.001122937213162777
cannes 0.004784688995215311 0.015306122448979591 7.323503564105067e-05
in 0.023923444976076555 0.7346938775510204 0.017576408553852164
