a 0.016129032258064516 0.8826530612244898 0.014236339697169191
mediocre 0.016129032258064516 0.00510204081632653 8.229098090849243e-05
paper 0.016129032258064516 0.00510204081632653 8.229098090849243e-05
company 0.03225806451612903 0.01020408163265306 0.0003291639236339697
in 0.016129032258064516 0.7346938775510204 0.01184990125082291
the 0.11290322580645161 0.9540816326530612 0.10771889400921658
hands 0.016129032258064516 0.025510204081632654 0.00041145490454246215
scranton 0.016129032258064516 0.00510204081632653 8.229098090849243e-05
pa 0.016129032258064516 0.00510204081632653 8.229098090849243e-05
branch 0.016129032258064516 0.01020408163265306 0.00016458196181698485
manager 0.03225806451612903 0.00510204081632653 0.00016458196181698485
michael 0.016129032258064516 0.015306122448979591 0.00024687294272547725
scott 0.016129032258064516 0.01020408163265306 0.00016458196181698485
this 0.016129032258064516 0.17346938775510204 0.0027978933508887426
mockumentary 0.016129032258064516 0.00510204081632653 8.229098090849243e-05
follows 0.03225806451612903 0.0663265306122449 0.0021395655036208034
the 0.11290322580645161 0.9540816326530612 0.10771889400921658
everyday 0.016129032258064516 0.00510204081632653 8.229098090849243e-05
lives 0.016129032258064516 0.12244897959183673 0.001974983541803818
the 0.11290322580645161 0.9540816326530612 0.10771889400921658
manager 0.03225806451612903 0.00510204081632653 0.00016458196181698485
and 0.04838709677419355 0.8571428571428571 0.04147465437788018
the 0.11290322580645161 0.9540816326530612 0.10771889400921658
employees 0.03225806451612903 0.01020408163265306 0.0003291639236339697
he 0.016129032258064516 0.34183673469387754 0.005513495720868992
manages 0.016129032258064516 0.025510204081632654 0.00041145490454246215
the 0.11290322580645161 0.9540816326530612 0.10771889400921658
crew 0.016129032258064516 0.015306122448979591 0.00024687294272547725
follows 0.03225806451612903 0.0663265306122449 0.0021395655036208034
the 0.11290322580645161 0.9540816326530612 0.10771889400921658
employees 0.03225806451612903 0.01020408163265306 0.0003291639236339697
around 0.016129032258064516 0.08673469387755102 0.0013989466754443713
and 0.04838709677419355 0.8571428571428571 0.04147465437788018
captures 0.016129032258064516 0.015306122448979591 0.00024687294272547725
their 0.016129032258064516 0.3520408163265306 0.005678077682685977
quite 0.016129032258064516 0.01020408163265306 0.00016458196181698485
humorous 0.016129032258064516 0.00510204081632653 8.229098090849243e-05
and 0.04838709677419355 0.8571428571428571 0.04147465437788018
bizarre 0.016129032258064516 0.01020408163265306 0.00016458196181698485
encounters 0.016129032258064516 0.02040816326530612 0.0003291639236339697
as 0.016129032258064516 0.3469387755102041 0.005595786701777485
they 0.016129032258064516 0.28061224489795916 0.004526003949967083
will 0.016129032258064516 0.1989795918367347 0.0032093482554312047
what 0.016129032258064516 0.1377551020408163 0.0022218564845292955
it 0.016129032258064516 0.2193877551020408 0.0035385121790651743
takes 0.016129032258064516 0.05612244897959184 0.0009052007899934167
to 0.016129032258064516 0.7806122448979592 0.012590520078999343
keep 0.016129032258064516 0.015306122448979591 0.00024687294272547725
the 0.11290322580645161 0.9540816326530612 0.10771889400921658
company 0.03225806451612903 0.01020408163265306 0.0003291639236339697
thriving 0.016129032258064516 0.00510204081632653 8.229098090849243e-05
