dream 0.0 0.015306122448979591 0.0
but 0.0 0.3112244897959184 0.0
he 0.0006203473945409429 0.34183673469387754 0.0002120575277257305
the 0.004342431761786601 0.9540816326530612 0.004143034384969869
save 0.0 0.030612244897959183 0.0
become 0.0 0.05612244897959184 0.0
know 0.0 0.07142857142857142 0.0
side 0.0 0.015306122448979591 0.0
relationship 0.0 0.05612244897959184 0.0
find 0.0 0.08163265306122448 0.0
war 0.0 0.05612244897959184 0.0
two 0.0 0.12755102040816327 0.0
a 0.0006203473945409429 0.8826530612244898 0.0005475515268141996
sign 0.0 0.00510204081632653 0.0
in 0.0006203473945409429 0.7346938775510204 0.0004557654327239581
man 0.0 0.12755102040816327 0.0
no 0.0 0.07142857142857142 0.0
one 0.0 0.18877551020408162 0.0
seem 0.0 0.01020408163265306 0.0
able 0.0 0.030612244897959183 0.0
see 0.0 0.04081632653061224 0.0
this 0.0006203473945409429 0.17346938775510204 0.0001076112827264901
unusual 0.0 0.01020408163265306 0.0
as 0.0006203473945409429 0.3469387755102041 0.0002152225654529802
move 0.0 0.025510204081632654 0.0
camp 0.0 0.02040816326530612 0.0
officer 0.0 0.04591836734693878 0.0
many 0.0 0.02040816326530612 0.0
rest 0.0 0.025510204081632654 0.0
al 0.0 0.00510204081632653 0.0
dr 0.0 0.00510204081632653 0.0
mission 0.0 0.07142857142857142 0.0
she 0.0 0.19387755102040816 0.0
ship 0.0 0.02040816326530612 0.0
word 0.0 0.01020408163265306 0.0
send 0.0 0.0 0.0
have 0.0 0.15306122448979592 0.0
could 0.0 0.030612244897959183 0.0
arrest 0.0 0.00510204081632653 0.0
teach 0.0 0.00510204081632653 0.0
come 0.0 0.025510204081632654 0.0
young 0.0 0.15816326530612246 0.0
long 0.0 0.05612244897959184 0.0
on 0.0 0.3520408163265306 0.0
row 0.0 0.00510204081632653 0.0
begin 0.0 0.025510204081632654 0.0
once 0.0 0.061224489795918366 0.0
i 0.0 0.00510204081632653 0.0
win 0.0 0.015306122448979591 0.0
aware 0.0 0.01020408163265306 0.0
guard 0.0 0.0 0.0
and 0.0018610421836228288 0.8571428571428571 0.0015951790145338532
swear 0.0 0.0 0.0
be 0.0 0.1377551020408163 0.0
german 0.0 0.02040816326530612 0.0
bet 0.0 0.00510204081632653 0.0
void 0.0 0.00510204081632653 0.0
age 0.0 0.025510204081632654 0.0
gille 0.0 0.0 0.0
belgian 0.0 0.01020408163265306 0.0
ss 0.0 0.00510204081632653 0.0
alongside 0.0 0.00510204081632653 0.0
jew 0.0 0.0 0.0
concentration 0.0 0.01020408163265306 0.0
germany 0.0 0.00510204081632653 0.0
narrowly 0.0 0.01020408163265306 0.0
avoid 0.0 0.00510204081632653 0.0
execution 0.0 0.00510204081632653 0.0
jewish 0.0 0.015306122448979591 0.0
persian 0.0 0.00510204081632653 0.0
lie 0.0 0.00510204081632653 0.0
temporarily 0.0 0.00510204081632653 0.0
assign 0.0 0.0 0.0
seemingly 0.0 0.01020408163265306 0.0
untenable 0.0 0.00510204081632653 0.0
koch 0.0 0.00510204081632653 0.0
charge 0.0 0.01020408163265306 0.0
kitchen 0.0 0.00510204081632653 0.0
open 0.0 0.00510204081632653 0.0
restaurant 0.0 0.00510204081632653 0.0
persia 0.0 0.00510204081632653 0.0
iran 0.0 0.00510204081632653 0.0
invent 0.0 0.00510204081632653 0.0
language 0.0 0.00510204081632653 0.0
incite 0.0 0.00510204081632653 0.0
jealousy 0.0 0.00510204081632653 0.0
suspicion 0.0 0.00510204081632653 0.0
acutely 0.0 0.00510204081632653 0.0
false 0.0 0.01020408163265306 0.0
expose 0.0 0.015306122448979591 0.0
swindle 0.0 0.00510204081632653 0.0
de 0.0 0.025510204081632654 0.0
usual 0.0 0.00510204081632653 0.0
wish 0.0 0.00510204081632653 0.0
will 0.0006203473945409429 0.1989795918367347 0.00012343647136273865
nc 0.0 0.00510204081632653 0.0
it 0.0006203473945409429 0.2193877551020408 0.00013609662227173747
along 0.0 0.02040816326530612 0.0
not 0.0 0.14795918367346939 0.0
ex 0.0 0.00510204081632653 0.0
relation 0.0 0.0 0.0
cut 0.0 0.01020408163265306 0.0
then 0.0 0.05612244897959184 0.0
narrow 0.0 0.00510204081632653 0.0
ia 0.0 0.00510204081632653 0.0
we 0.0 0.01020408163265306 0.0
o 0.0 0.00510204081632653 0.0
I 0.0 0.0 0.0
lou 0.0 0.00510204081632653 0.0
j 0.0 0.00510204081632653 0.0
office 0.0 0.01020408163265306 0.0
by 0.0 0.33163265306122447 0.0
now 0.0 0.07653061224489796 0.0
at 0.0 0.23469387755102042 0.0
jealous 0.0 0.00510204081632653 0.0
ring 0.0 0.00510204081632653 0.0
pen 0.0 0.00510204081632653 0.0
en 0.0 0.00510204081632653 0.0
that 0.0 0.40816326530612246 0.0
or 0.0 0.09183673469387756 0.0
to 0.0006203473945409429 0.7806122448979592 0.0004842507722692055
who 0.0 0.39285714285714285 0.0
