step 0.0 0.00510204081632653 0.0
father 0.0 0.11734693877551021 0.0
he 0.0 0.34183673469387754 0.0
the 0.0008012820512820513 0.9540816326530612 0.0007644884877027734
known 0.0 0.05612244897959184 0.0
know 0.0 0.07142857142857142 0.0
change 0.0 0.02040816326530612 0.0
control 0.0 0.04591836734693878 0.0
a 0.002403846153846154 0.8826530612244898 0.0021217621664050236
they 0.0 0.28061224489795916 0.0
ever 0.0 0.05102040816326531 0.0
in 0.0008012820512820513 0.7346938775510204 0.0005886970172684459
man 0.0 0.12755102040816327 0.0
no 0.0 0.07142857142857142 0.0
when 0.0 0.27040816326530615 0.0
she 0.0016025641025641025 0.19387755102040816 0.00031070120355834637
however 0.0 0.04081632653061224 0.0
world 0.0 0.19387755102040816 0.0
family 0.0 0.22448979591836735 0.0
on 0.0 0.3520408163265306 0.0
i 0.0 0.00510204081632653 0.0
big 0.0 0.02040816326530612 0.0
for 0.0008012820512820513 0.3877551020408163 0.00031070120355834637
and 0.002403846153846154 0.8571428571428571 0.0020604395604395605
be 0.0008012820512820513 0.1377551020408163 0.00011038069073783359
media 0.0 0.025510204081632654 0.0
entertainment 0.0 0.015306122448979591 0.0
will 0.0 0.1989795918367347 0.0
heir 0.0 0.00510204081632653 0.0
roll 0.0 0.00510204081632653 0.0
ia 0.0 0.00510204081632653 0.0
we 0.0 0.01020408163265306 0.0
enter 0.0 0.02040816326530612 0.0
from 0.0 0.3520408163265306 0.0
o 0.0 0.00510204081632653 0.0
I 0.0 0.0 0.0
hang 0.0 0.00510204081632653 0.0
now 0.0 0.07653061224489796 0.0
at 0.0 0.23469387755102042 0.0
roy 0.0 0.00510204081632653 0.0
biggest 0.0 0.01020408163265306 0.0
company 0.0 0.01020408163265306 0.0
en 0.0 0.00510204081632653 0.0
or 0.0 0.09183673469387756 0.0
pa 0.0 0.00510204081632653 0.0
how 0.0 0.09183673469387756 0.0
