king 0.0 0.030612244897959183 0.0
let 0.0 0.02040816326530612 0.0
he 0.0014245014245014244 0.34183673469387754 0.000486946915518344
get 0.0 0.0663265306122449 0.0
the 0.0014245014245014244 0.9540816326530612 0.0013590906448049305
manage 0.0 0.0 0.0
side 0.0 0.015306122448979591 0.0
ask 0.0 0.00510204081632653 0.0
take 0.0 0.09183673469387756 0.0
war 0.0 0.05612244897959184 0.0
a 0.0028490028490028487 0.8826530612244898 0.0025146810861096575
ever 0.0 0.05102040816326531 0.0
in 0.0 0.7346938775510204 0.0
man 0.0 0.12755102040816327 0.0
no 0.0 0.07142857142857142 0.0
one 0.0 0.18877551020408162 0.0
seem 0.0 0.01020408163265306 0.0
see 0.0 0.04081632653061224 0.0
turn 0.0 0.025510204081632654 0.0
as 0.0 0.3469387755102041 0.0
rest 0.0 0.025510204081632654 0.0
law 0.0 0.01020408163265306 0.0
cop 0.0 0.03571428571428571 0.0
help 0.0 0.10204081632653061 0.0
al 0.0 0.00510204081632653 0.0
dr 0.0 0.00510204081632653 0.0
kill 0.0 0.030612244897959183 0.0
new 0.0 0.1377551020408163 0.0
she 0.0 0.19387755102040816 0.0
make 0.0 0.061224489795918366 0.0
wave 0.0 0.00510204081632653 0.0
problem 0.0 0.02040816326530612 0.0
son 0.0 0.08163265306122448 0.0
late 0.0 0.02040816326530612 0.0
world 0.0 0.19387755102040816 0.0
plan 0.0 0.02040816326530612 0.0
news 0.0 0.015306122448979591 0.0
come 0.0 0.025510204081632654 0.0
six 0.0 0.025510204081632654 0.0
hour 0.0 0.00510204081632653 0.0
discover 0.0 0.025510204081632654 0.0
on 0.0 0.3520408163265306 0.0
different 0.0 0.03571428571428571 0.0
jason 0.0 0.01020408163265306 0.0
discovery 0.0 0.00510204081632653 0.0
meet 0.0 0.030612244897959183 0.0
art 0.0 0.00510204081632653 0.0
what 0.0 0.1377551020408163 0.0
i 0.0 0.00510204081632653 0.0
show 0.0 0.030612244897959183 0.0
social 0.0 0.04081632653061224 0.0
killer 0.0 0.01020408163265306 0.0
for 0.0014245014245014244 0.3877551020408163 0.000552357695214838
and 0.0 0.8571428571428571 0.0
mankind 0.0 0.030612244897959183 0.0
be 0.0 0.1377551020408163 0.0
media 0.0 0.025510204081632654 0.0
anti 0.0 0.00510204081632653 0.0
all 0.0 0.17346938775510204 0.0
act 0.0 0.00510204081632653 0.0
air 0.0 0.01020408163265306 0.0
plane 0.0 0.01020408163265306 0.0
student 0.0 0.025510204081632654 0.0
look 0.0 0.025510204081632654 0.0
age 0.0 0.025510204081632654 0.0
ss 0.0 0.00510204081632653 0.0
de 0.0 0.025510204081632654 0.0
will 0.0 0.1989795918367347 0.0
nc 0.0 0.00510204081632653 0.0
rio 0.0 0.025510204081632654 0.0
it 0.0 0.2193877551020408 0.0
mind 0.0 0.01020408163265306 0.0
with 0.0 0.4387755102040816 0.0
professor 0.0 0.015306122448979591 0.0
embark 0.0 0.00510204081632653 0.0
omi 0.0 0.00510204081632653 0.0
morning 0.0 0.01020408163265306 0.0
month 0.0 0.01020408163265306 0.0
warn 0.0 0.00510204081632653 0.0
obsess 0.0 0.0 0.0
fact 0.0 0.02040816326530612 0.0
out 0.0014245014245014244 0.18877551020408162 0.0002689109831966974
prove 0.0 0.01020408163265306 0.0
gain 0.0 0.00510204081632653 0.0
public 0.0 0.01020408163265306 0.0
chief 0.0 0.01020408163265306 0.0
ia 0.0 0.00510204081632653 0.0
we 0.0 0.01020408163265306 0.0
earth 0.0 0.05102040816326531 0.0
from 0.0 0.3520408163265306 0.0
o 0.0 0.00510204081632653 0.0
kat 0.0 0.00510204081632653 0.0
I 0.0 0.0 0.0
if 0.0 0.03571428571428571 0.0
planet 0.0 0.01020408163265306 0.0
jonah 0.0 0.01020408163265306 0.0
real 0.0 0.030612244897959183 0.0
j 0.0 0.00510204081632653 0.0
cover 0.0 0.015306122448979591 0.0
fore 0.0 0.00510204081632653 0.0
kate 0.0 0.01020408163265306 0.0
dibiasky 0.0 0.00510204081632653 0.0
jennifer 0.0 0.00510204081632653 0.0
lawrence 0.0 0.00510204081632653 0.0
astronomy 0.0 0.00510204081632653 0.0
grad 0.0 0.00510204081632653 0.0
randall 0.0 0.01020408163265306 0.0
mindy 0.0 0.00510204081632653 0.0
leonardo 0.0 0.00510204081632653 0.0
dicaprio 0.0 0.01020408163265306 0.0
astounding 0.0 0.00510204081632653 0.0
comet 0.0 0.00510204081632653 0.0
orbit 0.0 0.0 0.0
within 0.0 0.00510204081632653 0.0
solar 0.0 0.00510204081632653 0.0
system 0.0 0.00510204081632653 0.0
direct 0.0 0.00510204081632653 0.0
collision 0.0 0.00510204081632653 0.0
course 0.0 0.00510204081632653 0.0
really 0.0 0.01020408163265306 0.0
care 0.0 0.01020408163265306 0.0
size 0.0 0.00510204081632653 0.0
mount 0.0 0.00510204081632653 0.0
everest 0.0 0.00510204081632653 0.0
inconvenient 0.0 0.00510204081632653 0.0
navigate 0.0 0.00510204081632653 0.0
oglethorpe 0.0 0.00510204081632653 0.0
rob 0.0 0.00510204081632653 0.0
morgan 0.0 0.00510204081632653 0.0
tour 0.0 0.00510204081632653 0.0
office 0.0 0.01020408163265306 0.0
indifferent 0.0 0.00510204081632653 0.0
president 0.0 0.00510204081632653 0.0
orlean 0.0 0.00510204081632653 0.0
meryl 0.0 0.00510204081632653 0.0
streep 0.0 0.00510204081632653 0.0
sycophantic 0.0 0.00510204081632653 0.0
staff 0.0 0.00510204081632653 0.0
hill 0.0 0.00510204081632653 0.0
airwave 0.0 0.0 0.0
daily 0.0 0.00510204081632653 0.0
rip 0.0 0.01020408163265306 0.0
upbeat 0.0 0.00510204081632653 0.0
host 0.0 0.0 0.0
brie 0.0 0.00510204081632653 0.0
cate 0.0 0.00510204081632653 0.0
blanchett 0.0 0.00510204081632653 0.0
jack 0.0 0.015306122448979591 0.0
tyler 0.0 0.00510204081632653 0.0
perry 0.0 0.00510204081632653 0.0
impact 0.0 0.01020408163265306 0.0
cycle 0.0 0.00510204081632653 0.0
attention 0.0 0.00510204081632653 0.0
shockingly 0.0 0.00510204081632653 0.0
comical 0.0 0.00510204081632653 0.0
by 0.0028490028490028487 0.33163265306122447 0.0009448223733938018
cat 0.0 0.01020408163265306 0.0
at 0.0 0.23469387755102042 0.0
pub 0.0 0.00510204081632653 0.0
so 0.0 0.030612244897959183 0.0
shocking 0.0 0.015306122448979591 0.0
car 0.0 0.00510204081632653 0.0
dire 0.0 0.00510204081632653 0.0
en 0.0 0.00510204081632653 0.0
eat 0.0 0.00510204081632653 0.0
that 0.0 0.40816326530612246 0.0
or 0.0 0.09183673469387756 0.0
pa 0.0 0.00510204081632653 0.0
to 0.0014245014245014244 0.7806122448979592 0.0011119832548403977
tent 0.0 0.00510204081632653 0.0
comic 0.0 0.00510204081632653 0.0
sk 0.0 0.00510204081632653 0.0
how 0.0 0.09183673469387756 0.0
