life 0.0 0.20408163265306123 0.0
but 0.0 0.3112244897959184 0.0
father 0.0 0.11734693877551021 0.0
he 0.0004633920296570899 0.34183673469387754 0.00015840441830114807
chance 0.0004633920296570899 0.025510204081632654 1.1821225246354335e-05
country 0.0 0.015306122448979591 0.0
the 0.003243744207599629 0.9540816326530612 0.0030947967694955644
know 0.0004633920296570899 0.07142857142857142 3.3099430689792135e-05
side 0.0 0.015306122448979591 0.0
find 0.0 0.08163265306122448 0.0
give 0.0 0.015306122448979591 0.0
a 0.0009267840593141798 0.8826530612244898 0.00081802878704772
love 0.0 0.09183673469387756 0.0
boy 0.0 0.030612244897959183 0.0
various 0.0 0.025510204081632654 0.0
they 0.0 0.28061224489795916 0.0
several 0.0 0.02040816326530612 0.0
end 0.0 0.04591836734693878 0.0
ever 0.0004633920296570899 0.05102040816326531 2.364245049270867e-05
in 0.0004633920296570899 0.7346938775510204 0.00034045128709500486
try 0.0 0.01020408163265306 0.0
man 0.0 0.12755102040816327 0.0
no 0.0 0.07142857142857142 0.0
able 0.0 0.030612244897959183 0.0
turn 0.0 0.025510204081632654 0.0
as 0.0004633920296570899 0.3469387755102041 0.00016076866335041894
people 0.0 0.11734693877551021 0.0
era 0.0 0.01020408163265306 0.0
desire 0.0 0.02040816326530612 0.0
die 0.0 0.01020408163265306 0.0
criminal 0.0 0.025510204081632654 0.0
al 0.0 0.00510204081632653 0.0
also 0.0 0.09183673469387756 0.0
girlfriend 0.0 0.02040816326530612 0.0
she 0.0 0.19387755102040816 0.0
year 0.0 0.01020408163265306 0.0
after 0.0 0.1989795918367347 0.0
france 0.0 0.030612244897959183 0.0
final 0.0 0.02040816326530612 0.0
finally 0.0 0.03571428571428571 0.0
have 0.0 0.15306122448979592 0.0
friend 0.0 0.0663265306122449 0.0
can 0.0 0.08673469387755102 0.0
set 0.0004633920296570899 0.05102040816326531 2.364245049270867e-05
character 0.0 0.02040816326530612 0.0
even 0.0 0.07142857142857142 0.0
discover 0.0 0.025510204081632654 0.0
on 0.0004633920296570899 0.3520408163265306 0.0001631329083996898
path 0.0 0.025510204081632654 0.0
encounter 0.0 0.02040816326530612 0.0
meet 0.0 0.030612244897959183 0.0
old 0.0 0.05612244897959184 0.0
i 0.0 0.00510204081632653 0.0
over 0.0 0.07653061224489796 0.0
sexual 0.0 0.01020408163265306 0.0
social 0.0 0.04081632653061224 0.0
girl 0.0 0.08673469387755102 0.0
lover 0.0 0.0 0.0
woman 0.0 0.07142857142857142 0.0
and 0.0004633920296570899 0.8571428571428571 0.0003971931682775056
sex 0.0 0.03571428571428571 0.0
be 0.0 0.1377551020408163 0.0
all 0.0 0.17346938775510204 0.0
act 0.0 0.00510204081632653 0.0
boyfriend 0.0 0.03571428571428571 0.0
whose 0.0 0.04591836734693878 0.0
another 0.0 0.030612244897959183 0.0
use 0.0 0.02040816326530612 0.0
symbol 0.0 0.00510204081632653 0.0
de 0.0 0.025510204081632654 0.0
will 0.0009267840593141798 0.1989795918367347 0.00018441111384312763
nc 0.0 0.00510204081632653 0.0
rio 0.0 0.025510204081632654 0.0
it 0.0 0.2193877551020408 0.0
with 0.0004633920296570899 0.4387755102040816 0.00020332507423729456
omi 0.0 0.00510204081632653 0.0
rough 0.0 0.00510204081632653 0.0
stan 0.0 0.00510204081632653 0.0
not 0.0 0.14795918367346939 0.0
ex 0.0 0.00510204081632653 0.0
cheg 0.0 0.00510204081632653 0.0
context 0.0 0.00510204081632653 0.0
deteriorate 0.0 0.0 0.0
countrywide 0.0 0.00510204081632653 0.0
economic 0.0 0.00510204081632653 0.0
crisis 0.0 0.00510204081632653 0.0
upside 0.0 0.015306122448979591 0.0
cecile 0.0 0.00510204081632653 0.0
symbolize 0.0 0.0 0.0
recently 0.0 0.025510204081632654 0.0
bury 0.0 0.00510204081632653 0.0
grief 0.0 0.00510204081632653 0.0
relation 0.0 0.0 0.0
petty 0.0 0.00510204081632653 0.0
satisfy 0.0 0.01020408163265306 0.0
constant 0.0 0.015306122448979591 0.0
carnal 0.0 0.00510204081632653 0.0
alice 0.0 0.01020408163265306 0.0
refuse 0.0 0.0 0.0
auto 0.0 0.015306122448979591 0.0
mechanic 0.0 0.00510204081632653 0.0
advice 0.0 0.00510204081632653 0.0
pleasure 0.0 0.00510204081632653 0.0
unable 0.0 0.01020408163265306 0.0
inner 0.0 0.00510204081632653 0.0
peace 0.0 0.015306122448979591 0.0
matt 0.0 0.00510204081632653 0.0
healing 0.0 0.00510204081632653 0.0
out 0.0 0.18877551020408162 0.0
ia 0.0 0.00510204081632653 0.0
we 0.0 0.01020408163265306 0.0
o 0.0 0.00510204081632653 0.0
I 0.0 0.0 0.0
if 0.0 0.03571428571428571 0.0
cover 0.0 0.015306122448979591 0.0
by 0.0 0.33163265306122447 0.0
now 0.0 0.07653061224489796 0.0
at 0.0 0.23469387755102042 0.0
so 0.0 0.030612244897959183 0.0
ann 0.0 0.00510204081632653 0.0
nomi 0.0 0.00510204081632653 0.0
nomus 0.0 0.0 0.0
through 0.0004633920296570899 0.08163265306122448 3.782792078833387e-05
car 0.0 0.00510204081632653 0.0
en 0.0 0.00510204081632653 0.0
that 0.0 0.40816326530612246 0.0
or 0.0 0.09183673469387756 0.0
pa 0.0 0.00510204081632653 0.0
to 0.0004633920296570899 0.7806122448979592 0.0003617294925384426
text 0.0 0.00510204081632653 0.0
how 0.0 0.09183673469387756 0.0
who 0.0 0.39285714285714285 0.0
