king 0.0 0.030612244897959183 0.0
he 0.0011202389843166542 0.34183673469387754 0.000382938836475591
the 0.0022404779686333084 0.9540816326530612 0.002137598878236881
go 0.0 0.09183673469387756 0.0
team 0.0 0.04081632653061224 0.0
sin 0.0 0.01020408163265306 0.0
lead 0.0 0.02040816326530612 0.0
a 0.00037341299477221804 0.8826530612244898 0.00032959412293670265
they 0.0 0.28061224489795916 0.0
in 0.0 0.7346938775510204 0.0
no 0.0 0.07142857142857142 0.0
era 0.0 0.01020408163265306 0.0
move 0.0 0.025510204081632654 0.0
cop 0.0 0.03571428571428571 0.0
al 0.0 0.00510204081632653 0.0
kill 0.0 0.030612244897959183 0.0
film 0.0 0.061224489795918366 0.0
want 0.0 0.01020408163265306 0.0
she 0.0 0.19387755102040816 0.0
make 0.0 0.061224489795918366 0.0
arm 0.0 0.00510204081632653 0.0
opera 0.0 0.01020408163265306 0.0
under 0.0 0.0663265306122449 0.0
partner 0.0 0.01020408163265306 0.0
family 0.0 0.22448979591836735 0.0
while 0.0 0.12244897959183673 0.0
crime 0.0 0.030612244897959183 0.0
come 0.0 0.025510204081632654 0.0
part 0.0 0.04081632653061224 0.0
keep 0.0 0.015306122448979591 0.0
on 0.0 0.3520408163265306 0.0
art 0.0 0.00510204081632653 0.0
i 0.00037341299477221804 0.00510204081632653 1.9051683406745816e-06
girl 0.0 0.08673469387755102 0.0
way 0.0 0.03571428571428571 0.0
for 0.0 0.3877551020408163 0.0
and 0.0007468259895444361 0.8571428571428571 0.0006401365624666594
be 0.00037341299477221804 0.1377551020408163 5.14395451982137e-05
harm 0.0 0.01020408163265306 0.0
look 0.0 0.025510204081632654 0.0
age 0.0 0.025510204081632654 0.0
ss 0.0 0.00510204081632653 0.0
expose 0.0 0.015306122448979591 0.0
de 0.0 0.025510204081632654 0.0
will 0.0 0.1989795918367347 0.0
nc 0.0 0.00510204081632653 0.0
it 0.0 0.2193877551020408 0.0
scion 0.0 0.01020408163265306 0.0
ex 0.0 0.00510204081632653 0.0
wedding 0.0 0.02040816326530612 0.0
heir 0.0 0.00510204081632653 0.0
we 0.0 0.01020408163265306 0.0
business 0.0 0.025510204081632654 0.0
sam 0.0 0.00510204081632653 0.0
o 0.0 0.00510204081632653 0.0
I 0.0 0.0 0.0
wed 0.0 0.00510204081632653 0.0
dancer 0.0 0.01020408163265306 0.0
dance 0.0 0.00510204081632653 0.0
real 0.0 0.030612244897959183 0.0
rage 0.0 0.01020408163265306 0.0
operation 0.0 0.00510204081632653 0.0
at 0.0 0.23469387755102042 0.0
fit 0.0 0.00510204081632653 0.0
en 0.0 0.00510204081632653 0.0
or 0.0 0.09183673469387756 0.0
pa 0.0 0.00510204081632653 0.0
to 0.0011202389843166542 0.7806122448979592 0.0008744722683696331
atwal 0.0 0.00510204081632653 0.0
heinous 0.0 0.00510204081632653 0.0
length 0.0 0.0 0.0
remove 0.0 0.00510204081632653 0.0
pawn 0.0 0.0 0.0
pharmaceutical 0.0 0.00510204081632653 0.0
wrap 0.0 0.0 0.0
who 0.00037341299477221804 0.39285714285714285 0.0001466979622319428
