he 0.0 0.34183673469387754 0.0
the 0.0017094017094017094 0.9540816326530612 0.0016309087737659167
become 0.0 0.05612244897959184 0.0
know 0.0 0.07142857142857142 0.0
close 0.0 0.00510204081632653 0.0
share 0.0 0.030612244897959183 0.0
two 0.0 0.12755102040816327 0.0
a 0.0017094017094017094 0.8826530612244898 0.0015088086516657946
they 0.0 0.28061224489795916 0.0
century 0.0 0.03571428571428571 0.0
end 0.0 0.04591836734693878 0.0
day 0.0 0.09183673469387756 0.0
night 0.0 0.025510204081632654 0.0
in 0.0 0.7346938775510204 0.0
man 0.0 0.12755102040816327 0.0
no 0.0 0.07142857142857142 0.0
one 0.0008547008547008547 0.18877551020408162 0.00016134658991801847
as 0.0 0.3469387755102041 0.0
without 0.0 0.04081632653061224 0.0
mission 0.0 0.07142857142857142 0.0
she 0.0 0.19387755102040816 0.0
france 0.0 0.030612244897959183 0.0
lose 0.0 0.00510204081632653 0.0
thou 0.0 0.01020408163265306 0.0
come 0.0 0.025510204081632654 0.0
young 0.0 0.15816326530612246 0.0
closer 0.0 0.025510204081632654 0.0
on 0.0 0.3520408163265306 0.0
i 0.0 0.00510204081632653 0.0
win 0.0 0.015306122448979591 0.0
there 0.0 0.08163265306122448 0.0
for 0.0 0.3877551020408163 0.0
anne 0.0 0.00510204081632653 0.0
woman 0.0 0.07142857142857142 0.0
be 0.0 0.1377551020408163 0.0
last 0.0 0.04591836734693878 0.0
ss 0.0 0.00510204081632653 0.0
de 0.0 0.025510204081632654 0.0
here 0.0 0.01020408163265306 0.0
will 0.0 0.1989795918367347 0.0
free 0.0 0.025510204081632654 0.0
nc 0.0 0.00510204081632653 0.0
it 0.0 0.2193877551020408 0.0
freedom 0.0 0.015306122448979591 0.0
with 0.0008547008547008547 0.4387755102040816 0.00037502180359323217
del 0.0 0.00510204081632653 0.0
moment 0.0 0.00510204081632653 0.0
must 0.0 0.07653061224489796 0.0
marian 0.0 0.00510204081632653 0.0
painter 0.0 0.00510204081632653 0.0
marianne 0.0 0.00510204081632653 0.0
commission 0.0 0.0 0.0
wedding 0.0 0.02040816326530612 0.0
portrait 0.0 0.00510204081632653 0.0
héloïse 0.0 0.00510204081632653 0.0
therefore 0.0 0.00510204081632653 0.0
observe 0.0 0.00510204081632653 0.0
model 0.0 0.01020408163265306 0.0
paint 0.0 0.00510204081632653 0.0
impend 0.0 0.0 0.0
out 0.0 0.18877551020408162 0.0
ia 0.0 0.00510204081632653 0.0
we 0.0 0.01020408163265306 0.0
o 0.0 0.00510204081632653 0.0
I 0.0 0.0 0.0
wed 0.0 0.00510204081632653 0.0
mom 0.0 0.01020408163265306 0.0
serve 0.0 0.00510204081632653 0.0
fore 0.0 0.00510204081632653 0.0
pain 0.0 0.00510204081632653 0.0
by 0.0 0.33163265306122447 0.0
now 0.0 0.07653061224489796 0.0
at 0.0008547008547008547 0.23469387755102042 0.0002005930577359149
los 0.0 0.00510204081632653 0.0
ann 0.0 0.00510204081632653 0.0
rai 0.0 0.00510204081632653 0.0
las 0.0 0.00510204081632653 0.0
pen 0.0 0.00510204081632653 0.0
en 0.0 0.00510204081632653 0.0
or 0.0 0.09183673469387756 0.0
pa 0.0 0.00510204081632653 0.0
to 0.0 0.7806122448979592 0.0
mus 0.0 0.00510204081632653 0.0
