he 0.0 0.34183673469387754 0.0
the 0.006787330316742082 0.9540816326530612 0.006475667189952904
eye 0.0 0.02040816326530612 0.0
a 0.002262443438914027 0.8826530612244898 0.001996952627204728
in 0.0 0.7346938775510204 0.0
al 0.0 0.00510204081632653 0.0
mission 0.0 0.07142857142857142 0.0
wife 0.0 0.05612244897959184 0.0
son 0.0 0.08163265306122448 0.0
family 0.0 0.22448979591836735 0.0
young 0.0 0.15816326530612246 0.0
ruthless 0.0 0.025510204081632654 0.0
on 0.0 0.3520408163265306 0.0
rus 0.0 0.00510204081632653 0.0
i 0.0 0.00510204081632653 0.0
and 0.0 0.8571428571428571 0.0
be 0.0 0.1377551020408163 0.0
less 0.0 0.00510204081632653 0.0
ss 0.0 0.00510204081632653 0.0
de 0.0 0.025510204081632654 0.0
wealthy 0.0 0.025510204081632654 0.0
it 0.0 0.2193877551020408 0.0
embark 0.0 0.00510204081632653 0.0
omi 0.0 0.00510204081632653 0.0
scion 0.0 0.01020408163265306 0.0
conservative 0.0 0.01020408163265306 0.0
infiltrate 0.0 0.00510204081632653 0.0
neighboring 0.0 0.00510204081632653 0.0
clan 0.0 0.00510204081632653 0.0
dominate 0.0 0.0 0.0
railroad 0.0 0.00510204081632653 0.0
tycoon 0.0 0.01020408163265306 0.0
george 0.0 0.00510204081632653 0.0
russell 0.0 0.00510204081632653 0.0
rakish 0.0 0.00510204081632653 0.0
larry 0.0 0.00510204081632653 0.0
ambitious 0.0 0.01020408163265306 0.0
bertha 0.0 0.00510204081632653 0.0
boring 0.0 0.00510204081632653 0.0
we 0.0 0.01020408163265306 0.0
o 0.0 0.00510204081632653 0.0
if 0.0 0.03571428571428571 0.0
nate 0.0 0.00510204081632653 0.0
road 0.0 0.00510204081632653 0.0
by 0.0 0.33163265306122447 0.0
at 0.0 0.23469387755102042 0.0
so 0.0 0.030612244897959183 0.0
rai 0.0 0.00510204081632653 0.0
ring 0.0 0.00510204081632653 0.0
ruth 0.0 0.00510204081632653 0.0
neighbor 0.0 0.00510204081632653 0.0
or 0.0 0.09183673469387756 0.0
to 0.0 0.7806122448979592 0.0
