small 0.0 0.07653061224489796 0.0
he 0.0 0.34183673469387754 0.0
the 0.002958579881656805 0.9540816326530612 0.002822726723825625
everyone 0.0 0.03571428571428571 0.0
create 0.0 0.02040816326530612 0.0
know 0.0 0.07142857142857142 0.0
find 0.0 0.08163265306122448 0.0
lead 0.0 0.02040816326530612 0.0
a 0.0 0.8826530612244898 0.0
sign 0.0 0.00510204081632653 0.0
end 0.0 0.04591836734693878 0.0
ever 0.0 0.05102040816326531 0.0
day 0.0 0.09183673469387756 0.0
in 0.00591715976331361 0.7346938775510204 0.004347301050597755
no 0.0 0.07142857142857142 0.0
one 0.0 0.18877551020408162 0.0
this 0.0 0.17346938775510204 0.0
time 0.0 0.14795918367346939 0.0
as 0.0 0.3469387755102041 0.0
travel 0.0 0.015306122448979591 0.0
al 0.0 0.00510204081632653 0.0
film 0.0 0.061224489795918366 0.0
name 0.0 0.025510204081632654 0.0
arm 0.0 0.00510204081632653 0.0
leg 0.0 0.00510204081632653 0.0
son 0.0 0.08163265306122448 0.0
however 0.0 0.04081632653061224 0.0
every 0.0 0.03571428571428571 0.0
difficult 0.0 0.02040816326530612 0.0
thou 0.0 0.01020408163265306 0.0
teach 0.0 0.00510204081632653 0.0
long 0.0 0.05612244897959184 0.0
on 0.0 0.3520408163265306 0.0
pete 0.0 0.01020408163265306 0.0
path 0.0 0.025510204081632654 0.0
peter 0.0 0.02040816326530612 0.0
what 0.0 0.1377551020408163 0.0
i 0.0 0.00510204081632653 0.0
thought 0.0 0.01020408163265306 0.0
and 0.002958579881656805 0.8571428571428571 0.00253592561284869
be 0.0 0.1377551020408163 0.0
all 0.0 0.17346938775510204 0.0
biographical 0.0 0.00510204081632653 0.0
inventor 0.0 0.00510204081632653 0.0
designer 0.0 0.00510204081632653 0.0
mikhail 0.0 0.00510204081632653 0.0
timofeevich 0.0 0.00510204081632653 0.0
kalashnikov 0.0 0.00510204081632653 0.0
today 0.0 0.00510204081632653 0.0
person 0.0 0.030612244897959183 0.0
thorny 0.0 0.00510204081632653 0.0
guy 0.0 0.015306122448979591 0.0
legendary 0.0 0.025510204081632654 0.0
weapon 0.0 0.00510204081632653 0.0
age 0.0 0.025510204081632654 0.0
symbol 0.0 0.00510204081632653 0.0
think 0.0 0.01020408163265306 0.0
invent 0.0 0.00510204081632653 0.0
de 0.0 0.025510204081632654 0.0
it 0.0 0.2193877551020408 0.0
rick 0.0 0.00510204081632653 0.0
not 0.0 0.14795918367346939 0.0
out 0.0 0.18877551020408162 0.0
we 0.0 0.01020408163265306 0.0
design 0.0 0.00510204081632653 0.0
o 0.0 0.00510204081632653 0.0
I 0.0 0.0 0.0
if 0.0 0.03571428571428571 0.0
tim 0.0 0.00510204081632653 0.0
now 0.0 0.07653061224489796 0.0
at 0.0 0.23469387755102042 0.0
so 0.0 0.030612244897959183 0.0
las 0.0 0.00510204081632653 0.0
en 0.0 0.00510204081632653 0.0
eat 0.0 0.00510204081632653 0.0
cult 0.0 0.00510204081632653 0.0
or 0.0 0.09183673469387756 0.0
pa 0.0 0.00510204081632653 0.0
to 0.0 0.7806122448979592 0.0
though 0.0 0.00510204081632653 0.0
how 0.0 0.09183673469387756 0.0
who 0.0 0.39285714285714285 0.0
