he 0.0 0.34183673469387754 0.0
get 0.0 0.0663265306122449 0.0
the 0.0013901760889712697 0.9540816326530612 0.0013263414726409563
go 0.0 0.09183673469387756 0.0
become 0.0009267840593141798 0.05612244897959184 5.201339108395907e-05
mother 0.0 0.05612244897959184 0.0
take 0.0 0.09183673469387756 0.0
two 0.0 0.12755102040816327 0.0
a 0.0009267840593141798 0.8826530612244898 0.00081802878704772
power 0.0 0.05102040816326531 0.0
they 0.00139017608897127 0.28061224489795916 0.0003901004331296931
in 0.0009267840593141798 0.7346938775510204 0.0006809025741900097
movie 0.0 0.030612244897959183 0.0
able 0.0 0.030612244897959183 0.0
see 0.0 0.04081632653061224 0.0
turn 0.0 0.025510204081632654 0.0
time 0.0 0.14795918367346939 0.0
as 0.0004633920296570899 0.3469387755102041 0.00016076866335041894
people 0.0004633920296570899 0.11734693877551021 5.437763613322994e-05
when 0.0 0.27040816326530615 0.0
pow 0.0 0.00510204081632653 0.0
she 0.0 0.19387755102040816 0.0
after 0.0 0.1989795918367347 0.0
plot 0.0 0.025510204081632654 0.0
son 0.0 0.08163265306122448 0.0
bring 0.0 0.00510204081632653 0.0
place 0.0 0.05612244897959184 0.0
field 0.0 0.00510204081632653 0.0
poverty 0.0 0.01020408163265306 0.0
come 0.0 0.025510204081632654 0.0
set 0.0 0.05102040816326531 0.0
young 0.0 0.15816326530612246 0.0
hero 0.0 0.025510204081632654 0.0
on 0.0 0.3520408163265306 0.0
lot 0.0 0.00510204081632653 0.0
old 0.0 0.05612244897959184 0.0
i 0.0 0.00510204081632653 0.0
back 0.0 0.08673469387755102 0.0
for 0.0004633920296570899 0.3877551020408163 0.00017968262374458587
and 0.0009267840593141798 0.8571428571428571 0.0007943863365550112
be 0.0 0.1377551020408163 0.0
return 0.0 0.030612244897959183 0.0
age 0.0 0.025510204081632654 0.0
de 0.0 0.025510204081632654 0.0
powerful 0.0 0.03571428571428571 0.0
date 0.0 0.0 0.0
here 0.0 0.01020408163265306 0.0
incident 0.0 0.02040816326530612 0.0
birth 0.0 0.025510204081632654 0.0
kolar 0.0 0.00510204081632653 0.0
gold 0.0 0.015306122448979591 0.0
mumbai 0.0 0.01020408163265306 0.0
mafia 0.0 0.02040816326530612 0.0
wish 0.0 0.00510204081632653 0.0
rich 0.0 0.01020408163265306 0.0
will 0.0 0.1989795918367347 0.0
don 0.0 0.015306122448979591 0.0
free 0.0 0.025510204081632654 0.0
slavery 0.0 0.01020408163265306 0.0
form 0.0 0.01020408163265306 0.0
nc 0.0 0.00510204081632653 0.0
it 0.0 0.2193877551020408 0.0
rough 0.0 0.00510204081632653 0.0
ia 0.0 0.00510204081632653 0.0
we 0.0 0.01020408163265306 0.0
from 0.0 0.3520408163265306 0.0
o 0.0 0.00510204081632653 0.0
I 0.0 0.0 0.0
tim 0.0 0.00510204081632653 0.0
moth 0.0 0.00510204081632653 0.0
at 0.0 0.23469387755102042 0.0
so 0.0 0.030612244897959183 0.0
en 0.0 0.00510204081632653 0.0
or 0.0 0.09183673469387756 0.0
sl 0.0 0.00510204081632653 0.0
to 0.0004633920296570899 0.7806122448979592 0.0003617294925384426
