king 0.0 0.030612244897959183 0.0
he 0.0 0.34183673469387754 0.0
get 0.0 0.0663265306122449 0.0
red 0.0 0.01020408163265306 0.0
the 0.0010395010395010396 0.9540816326530612 0.0009917688489117062
thing 0.0 0.00510204081632653 0.0
lead 0.0 0.02040816326530612 0.0
control 0.0 0.04591836734693878 0.0
a 0.0015592515592515593 0.8826530612244898 0.0013762781619924478
husband 0.0 0.03571428571428571 0.0
in 0.0005197505197505198 0.7346938775510204 0.0003818575247146676
man 0.0 0.12755102040816327 0.0
no 0.0 0.07142857142857142 0.0
this 0.0005197505197505198 0.17346938775510204 9.016080444651873e-05
era 0.0 0.01020408163265306 0.0
when 0.0 0.27040816326530615 0.0
al 0.0 0.00510204081632653 0.0
she 0.0 0.19387755102040816 0.0
leg 0.0 0.00510204081632653 0.0
murder 0.0 0.030612244897959183 0.0
matter 0.0 0.00510204081632653 0.0
cross 0.0 0.015306122448979591 0.0
while 0.0 0.12244897959183673 0.0
soon 0.0 0.04081632653061224 0.0
set 0.0 0.05102040816326531 0.0
accuse 0.0 0.0 0.0
on 0.0005197505197505198 0.3520408163265306 0.00018297339725911155
i 0.0 0.00510204081632653 0.0
series 0.0 0.07142857142857142 0.0
band 0.0 0.02040816326530612 0.0
woman 0.0 0.07142857142857142 0.0
and 0.0010395010395010396 0.8571428571428571 0.000891000891000891
be 0.0 0.1377551020408163 0.0
all 0.0 0.17346938775510204 0.0
trigger 0.0 0.00510204081632653 0.0
air 0.0 0.01020408163265306 0.0
student 0.0 0.025510204081632654 0.0
bet 0.0 0.00510204081632653 0.0
college 0.0 0.02040816326530612 0.0
use 0.0 0.02040816326530612 0.0
ss 0.0 0.00510204081632653 0.0
de 0.0 0.025510204081632654 0.0
incident 0.0 0.02040816326530612 0.0
will 0.0 0.1989795918367347 0.0
nc 0.0 0.00510204081632653 0.0
it 0.0 0.2193877551020408 0.0
with 0.0010395010395010396 0.4387755102040816 0.0004561075989647418
professor 0.0 0.015306122448979591 0.0
omi 0.0 0.00510204081632653 0.0
matt 0.0 0.00510204081632653 0.0
out 0.0010395010395010396 0.18877551020408162 0.00019623233908948196
ia 0.0 0.00510204081632653 0.0
we 0.0 0.01020408163265306 0.0
suspect 0.0 0.00510204081632653 0.0
innocent 0.0 0.01020408163265306 0.0
o 0.0 0.00510204081632653 0.0
I 0.0 0.0 0.0
mid 0.0 0.00510204081632653 0.0
j 0.0 0.00510204081632653 0.0
spiral 0.0 0.01020408163265306 0.0
neil 0.0 0.01020408163265306 0.0
cate 0.0 0.00510204081632653 0.0
cat 0.0 0.01020408163265306 0.0
at 0.0 0.23469387755102042 0.0
complicate 0.0 0.0 0.0
so 0.0 0.030612244897959183 0.0
hindi 0.0 0.00510204081632653 0.0
literature 0.0 0.00510204081632653 0.0
darjeel 0.0 0.0 0.0
juhi 0.0 0.00510204081632653 0.0
adhikary 0.0 0.00510204081632653 0.0
rhea 0.0 0.00510204081632653 0.0
rajguru 0.0 0.00510204081632653 0.0
plagiarism 0.0 0.00510204081632653 0.0
plead 0.0 0.0 0.0
crosshair 0.0 0.0 0.0
adverse 0.0 0.00510204081632653 0.0
psychological 0.0 0.00510204081632653 0.0
combat 0.0 0.00510204081632653 0.0
shocking 0.0 0.015306122448979591 0.0
revelation 0.0 0.01020408163265306 0.0
amidst 0.0 0.00510204081632653 0.0
complicated 0.0 0.01020408163265306 0.0
juhus 0.0 0.0 0.0
adhikari 0.0 0.00510204081632653 0.0
plausible 0.0 0.00510204081632653 0.0
mukherjee 0.0 0.00510204081632653 0.0
ring 0.0 0.00510204081632653 0.0
en 0.0 0.00510204081632653 0.0
that 0.0 0.40816326530612246 0.0
or 0.0005197505197505198 0.09183673469387756 4.773219058933345e-05
to 0.002079002079002079 0.7806122448979592 0.0016228944800373373
guru 0.0 0.00510204081632653 0.0
amid 0.0 0.00510204081632653 0.0
midst 0.0 0.01020408163265306 0.0
