small 0.0 0.07653061224489796 0.0
he 0.0009696186166774402 0.34183673469387754 0.0003314512618234107
get 0.0 0.0663265306122449 0.0
the 0.0035552682611506145 0.9540816326530612 0.003392016147118188
go 0.0 0.09183673469387756 0.0
stop 0.0 0.03571428571428571 0.0
reach 0.0 0.025510204081632654 0.0
lead 0.0 0.02040816326530612 0.0
a 0.0003232062055591467 0.8826530612244898 0.00028527894674353256
story 0.0 0.12755102040816327 0.0
they 0.0 0.28061224489795916 0.0
force 0.0 0.025510204081632654 0.0
in 0.0009696186166774402 0.7346938775510204 0.0007123728612324051
man 0.0 0.12755102040816327 0.0
this 0.0 0.17346938775510204 0.0
soviet 0.0 0.030612244897959183 0.0
die 0.0 0.01020408163265306 0.0
al 0.0 0.00510204081632653 0.0
mission 0.0 0.07142857142857142 0.0
nazis 0.0 0.01020408163265306 0.0
she 0.0 0.19387755102040816 0.0
under 0.0 0.0663265306122449 0.0
wood 0.0 0.0 0.0
set 0.0 0.05102040816326531 0.0
six 0.0 0.025510204081632654 0.0
on 0.0 0.3520408163265306 0.0
old 0.0 0.05612244897959184 0.0
land 0.0 0.030612244897959183 0.0
i 0.0 0.00510204081632653 0.0
win 0.0 0.015306122448979591 0.0
show 0.0 0.030612244897959183 0.0
there 0.0 0.08163265306122448 0.0
band 0.0 0.02040816326530612 0.0
for 0.0006464124111182935 0.3877551020408163 0.00025064971043362396
woman 0.0 0.07142857142857142 0.0
and 0.0006464124111182935 0.8571428571428571 0.0005540677809585372
be 0.0009696186166774402 0.1377551020408163 0.00013356991148107594
german 0.0 0.02040816326530612 0.0
unfulfilled 0.0 0.00510204081632653 0.0
sergeant 0.0 0.01020408163265306 0.0
anti 0.0 0.00510204081632653 0.0
aircraft 0.0 0.01020408163265306 0.0
outpost 0.0 0.01020408163265306 0.0
soldier 0.0 0.01020408163265306 0.0
command 0.0 0.01020408163265306 0.0
special 0.0 0.025510204081632654 0.0
spottet 0.0 0.00510204081632653 0.0
five 0.0 0.030612244897959183 0.0
nazi 0.0 0.01020408163265306 0.0
goal 0.0 0.00510204081632653 0.0
during 0.0 0.04591836734693878 0.0
memory 0.0 0.01020408163265306 0.0
recap 0.0 0.0 0.0
earlier 0.0 0.01020408163265306 0.0
all 0.0003232062055591467 0.17346938775510204 5.606638259699484e-05
air 0.0 0.01020408163265306 0.0
ss 0.0 0.00510204081632653 0.0
lie 0.0 0.00510204081632653 0.0
de 0.0 0.025510204081632654 0.0
here 0.0 0.01020408163265306 0.0
will 0.0 0.1989795918367347 0.0
it 0.0 0.2193877551020408 0.0
fulfil 0.0 0.0 0.0
with 0.0009696186166774402 0.4387755102040816 0.0004254449032360197
fill 0.0 0.0 0.0
out 0.0 0.18877551020408162 0.0
heir 0.0 0.00510204081632653 0.0
ia 0.0 0.00510204081632653 0.0
sell 0.0 0.0 0.0
where 0.0 0.11224489795918367 0.0
o 0.0 0.00510204081632653 0.0
I 0.0 0.0 0.0
top 0.0 0.00510204081632653 0.0
j 0.0 0.00510204081632653 0.0
fore 0.0 0.00510204081632653 0.0
jay 0.0 0.00510204081632653 0.0
may 0.0003232062055591467 0.015306122448979591 4.9470337585583684e-06
so 0.0 0.030612244897959183 0.0
ring 0.0 0.00510204081632653 0.0
en 0.0 0.00510204081632653 0.0
or 0.0 0.09183673469387756 0.0
to 0.0 0.7806122448979592 0.0
how 0.0 0.09183673469387756 0.0
