live 0.0 0.05612244897959184 0.0
but 0.0 0.3112244897959184 0.0
child 0.0 0.04081632653061224 0.0
he 0.0 0.34183673469387754 0.0
the 0.0014792899408284025 0.9540816326530612 0.0014113633619128125
decide 0.0 0.03571428571428571 0.0
call 0.0 0.01020408163265306 0.0
lead 0.0 0.02040816326530612 0.0
a 0.0 0.8826530612244898 0.0
unique 0.0 0.01020408163265306 0.0
power 0.0 0.05102040816326531 0.0
ever 0.0 0.05102040816326531 0.0
in 0.0 0.7346938775510204 0.0
one 0.0 0.18877551020408162 0.0
except 0.0 0.03571428571428571 0.0
as 0.0 0.3469387755102041 0.0
house 0.0 0.061224489795918366 0.0
when 0.0 0.27040816326530615 0.0
pow 0.0 0.00510204081632653 0.0
al 0.0 0.00510204081632653 0.0
dr 0.0 0.00510204081632653 0.0
she 0.0 0.19387755102040816 0.0
tell 0.0 0.015306122448979591 0.0
arm 0.0 0.00510204081632653 0.0
every 0.0 0.03571428571428571 0.0
magic 0.0 0.025510204081632654 0.0
mountain 0.0 0.01020408163265306 0.0
place 0.0 0.05612244897959184 0.0
family 0.0 0.22448979591836735 0.0
can 0.0 0.08673469387755102 0.0
town 0.0 0.05102040816326531 0.0
tale 0.0 0.00510204081632653 0.0
ordinary 0.0 0.03571428571428571 0.0
discover 0.0 0.025510204081632654 0.0
on 0.0 0.3520408163265306 0.0
i 0.0 0.00510204081632653 0.0
hope 0.0 0.030612244897959183 0.0
over 0.0 0.07653061224489796 0.0
be 0.0 0.1377551020408163 0.0
all 0.0 0.17346938775510204 0.0
less 0.0 0.00510204081632653 0.0
last 0.0 0.04591836734693878 0.0
use 0.0 0.02040816326530612 0.0
harm 0.0 0.01020408163265306 0.0
ss 0.0 0.00510204081632653 0.0
de 0.0 0.025510204081632654 0.0
surround 0.0 0.00510204081632653 0.0
will 0.0 0.1989795918367347 0.0
nc 0.0 0.00510204081632653 0.0
encanto 0.0 0.00510204081632653 0.0
extraordinary 0.0014792899408284025 0.02040816326530612 3.018959062915107e-05
madrigal 0.0 0.00510204081632653 0.0
hide 0.0 0.00510204081632653 0.0
colombia 0.0 0.00510204081632653 0.0
magical 0.0 0.015306122448979591 0.0
vibrant 0.0 0.00510204081632653 0.0
wondrous 0.0 0.00510204081632653 0.0
charmed 0.0 0.00510204081632653 0.0
bless 0.0 0.0 0.0
gift 0.0 0.00510204081632653 0.0
super 0.0 0.00510204081632653 0.0
strength 0.0 0.015306122448979591 0.0
mirabel 0.0 0.00510204081632653 0.0
danger 0.0 0.01020408163265306 0.0
might 0.0 0.00510204081632653 0.0
exceptional 0.0 0.01020408163265306 0.0
disney 0.0 0.00510204081632653 0.0
animation 0.0 0.00510204081632653 0.0
studio 0.0 0.0 0.0
ale 0.0 0.00510204081632653 0.0
it 0.0 0.2193877551020408 0.0
pt 0.0 0.00510204081632653 0.0
with 0.0 0.4387755102040816 0.0
ex 0.0 0.00510204081632653 0.0
armed 0.0 0.00510204081632653 0.0
ia 0.0 0.00510204081632653 0.0
we 0.0 0.01020408163265306 0.0
mad 0.0 0.00510204081632653 0.0
hidden 0.0 0.030612244897959183 0.0
from 0.0 0.3520408163265306 0.0
o 0.0 0.00510204081632653 0.0
I 0.0 0.0 0.0
if 0.0 0.03571428571428571 0.0
j 0.0 0.00510204081632653 0.0
cover 0.0 0.015306122448979591 0.0
mount 0.0 0.00510204081632653 0.0
at 0.0 0.23469387755102042 0.0
las 0.0 0.00510204081632653 0.0
walt 0.0 0.00510204081632653 0.0
en 0.0 0.00510204081632653 0.0
that 0.0 0.40816326530612246 0.0
or 0.0 0.09183673469387756 0.0
to 0.0 0.7806122448979592 0.0
mira 0.0 0.00510204081632653 0.0
who 0.0014792899408284025 0.39285714285714285 0.0005811496196111582
