dream 0.0 0.015306122448979591 0.0
he 0.0007014262333411269 0.34183673469387754 0.00023977325323395665
the 0.00303951367781155 0.9540816326530612 0.0028999441721977545
a 0.000818330605564648 0.8826530612244898 0.0007223020140953271
human 0.0 0.05612244897959184 0.0
they 0.0005845218611176058 0.28061224489795916 0.00016402399164014447
in 0.000818330605564648 0.7346938775510204 0.0006012224857209659
man 0.00046761748889408465 0.12755102040816327 5.964508786914345e-05
learn 0.0 0.02040816326530612 0.0
this 0.0 0.17346938775510204 0.0
as 0.00023380874444704232 0.3469387755102041 8.111731950203509e-05
interact 0.0 0.00510204081632653 0.0
era 0.0 0.01020408163265306 0.0
when 0.0 0.27040816326530615 0.0
mass 0.0 0.01020408163265306 0.0
city 0.0 0.09183673469387756 0.0
al 0.0 0.00510204081632653 0.0
dr 0.0 0.00510204081632653 0.0
name 0.0 0.025510204081632654 0.0
play 0.0 0.00510204081632653 0.0
world 0.0 0.19387755102040816 0.0
on 0.00011690437222352116 0.3520408163265306 4.115511062970898e-05
meet 0.0 0.030612244897959183 0.0
i 0.0 0.00510204081632653 0.0
girl 0.0 0.08673469387755102 0.0
and 0.0009352349777881693 0.8571428571428571 0.0008016299809612879
action 0.0 0.01020408163265306 0.0
be 0.0009352349777881693 0.1377551020408163 0.00012883338979734983
act 0.0 0.00510204081632653 0.0
video 0.0 0.01020408163265306 0.0
exist 0.0 0.01020408163265306 0.0
extreme 0.0 0.00510204081632653 0.0
guy 0.0 0.015306122448979591 0.0
ss 0.0 0.00510204081632653 0.0
de 0.0 0.025510204081632654 0.0
will 0.00011690437222352116 0.1989795918367347 2.3261584268965945e-05
free 0.0 0.025510204081632654 0.0
nc 0.0 0.00510204081632653 0.0
it 0.0 0.2193877551020408 0.0
with 0.00023380874444704232 0.4387755102040816 0.00010258955113492673
ex 0.0 0.00510204081632653 0.0
mel 0.0 0.00510204081632653 0.0
o 0.0 0.00510204081632653 0.0
I 0.0 0.0 0.0
real 0.0 0.030612244897959183 0.0
game 0.0 0.02040816326530612 0.0
true 0.0 0.02040816326530612 0.0
at 0.00035071311667056346 0.23469387755102042 8.231022125941796e-05
nature 0.0 0.01020408163265306 0.0
rue 0.0 0.00510204081632653 0.0
extremely 0.0 0.00510204081632653 0.0
popular 0.0 0.00510204081632653 0.0
npc 0.0 0.00510204081632653 0.0
existence 0.0 0.00510204081632653 0.0
player 0.0 0.01020408163265306 0.0
interaction 0.0 0.0 0.0
massive 0.0 0.00510204081632653 0.0
affect 0.0 0.0 0.0
en 0.0 0.00510204081632653 0.0
or 0.0 0.09183673469387756 0.0
