he 0.0 0.34183673469387754 0.0
the 0.0 0.9540816326530612 0.0
a 0.004273504273504273 0.8826530612244898 0.003772021629164486
day 0.0 0.09183673469387756 0.0
in 0.0 0.7346938775510204 0.0
time 0.0 0.14795918367346939 0.0
officer 0.0 0.04591836734693878 0.0
police 0.0 0.08163265306122448 0.0
on 0.0 0.3520408163265306 0.0
i 0.0 0.00510204081632653 0.0
body 0.0 0.02040816326530612 0.0
and 0.0021367521367521365 0.8571428571428571 0.0018315018315018313
be 0.0 0.1377551020408163 0.0
nc 0.0 0.00510204081632653 0.0
public 0.0 0.01020408163265306 0.0
conference 0.0 0.00510204081632653 0.0
state 0.0 0.015306122448979591 0.0
chief 0.0 0.01020408163265306 0.0
minister 0.0 0.015306122448979591 0.0
bodyguard 0.0 0.00510204081632653 0.0
stick 0.0 0.0 0.0
loop 0.0 0.00510204081632653 0.0
o 0.0 0.00510204081632653 0.0
I 0.0 0.0 0.0
tim 0.0 0.00510204081632653 0.0
office 0.0 0.01020408163265306 0.0
by 0.0 0.33163265306122447 0.0
at 0.0 0.23469387755102042 0.0
pub 0.0 0.00510204081632653 0.0
en 0.0 0.00510204081632653 0.0
