king 0.0 0.030612244897959183 0.0
he 0.0011367942402425162 0.34183673469387754 0.0003885980311033091
the 0.000568397120121258 0.9540816326530612 0.000542297252360588
dsp 0.0 0.00510204081632653 0.0
a 0.0015157256536566881 0.8826530612244898 0.0013378598881765666
in 0.0007578628268283441 0.7346938775510204 0.0005567971788942936
turn 0.0 0.025510204081632654 0.0
she 0.0007578628268283441 0.19387755102040816 0.00014693258887488303
make 0.0 0.061224489795918366 0.0
leave 0.0 0.02040816326530612 0.0
after 0.0 0.1989795918367347 0.0
come 0.0 0.025510204081632654 0.0
discover 0.0 0.025510204081632654 0.0
on 0.00018946570670708602 0.3520408163265306 6.669966205504559e-05
encounter 0.0 0.02040816326530612 0.0
i 0.0 0.00510204081632653 0.0
home 0.0 0.07653061224489796 0.0
blood 0.0 0.015306122448979591 0.0
be 0.00037893141341417203 0.1377551020408163 5.219973552134002e-05
return 0.0 0.030612244897959183 0.0
pick 0.0 0.00510204081632653 0.0
de 0.0 0.025510204081632654 0.0
here 0.0 0.01020408163265306 0.0
free 0.0 0.025510204081632654 0.0
nc 0.0 0.00510204081632653 0.0
it 0.00018946570670708602 0.2193877551020408 4.156645606328928e-05
freedom 0.0 0.015306122448979591 0.0
with 0.0007578628268283441 0.4387755102040816 0.00033253164850631425
peace 0.0 0.015306122448979591 0.0
where 0.0 0.11224489795918367 0.0
from 0.00037893141341417203 0.3520408163265306 0.00013339932411009117
o 0.0 0.00510204081632653 0.0
I 0.0 0.0 0.0
left 0.0 0.04081632653061224 0.0
recover 0.0 0.00510204081632653 0.0
cover 0.0 0.015306122448979591 0.0
at 0.0 0.23469387755102042 0.0
price 0.0 0.01020408163265306 0.0
suicide 0.0 0.00510204081632653 0.0
squad 0.0 0.01020408163265306 0.0
peacemaker 0.0 0.00510204081632653 0.0
bloodsport 0.0 0.00510204081632653 0.0
ring 0.0 0.00510204081632653 0.0
en 0.0 0.00510204081632653 0.0
that 0.0 0.40816326530612246 0.0
or 0.0 0.09183673469387756 0.0
to 0.0007578628268283441 0.7806122448979592 0.0005915970025751869
sport 0.0 0.00510204081632653 0.0
