live 0.0 0.05612244897959184 0.0
life 0.0 0.20408163265306123 0.0
he 0.0 0.34183673469387754 0.0
country 0.0 0.015306122448979591 0.0
the 0.0016722408026755853 0.9540816326530612 0.001595454235205788
dare 0.0 0.0 0.0
go 0.0 0.09183673469387756 0.0
sin 0.0 0.01020408163265306 0.0
lead 0.0 0.02040816326530612 0.0
two 0.0 0.12755102040816327 0.0
a 0.0033444816053511705 0.8826530612244898 0.0029520169271722066
love 0.0 0.09183673469387756 0.0
story 0.0 0.12755102040816327 0.0
end 0.0 0.04591836734693878 0.0
ever 0.0 0.05102040816326531 0.0
in 0.0 0.7346938775510204 0.0
try 0.0 0.01020408163265306 0.0
man 0.0 0.12755102040816327 0.0
one 0.0 0.18877551020408162 0.0
history 0.0 0.03571428571428571 0.0
time 0.0016722408026755853 0.14795918367346939 0.0002474233840693468
as 0.0 0.3469387755102041 0.0
when 0.0 0.27040816326530615 0.0
escape 0.0 0.04591836734693878 0.0
al 0.0 0.00510204081632653 0.0
every 0.0 0.03571428571428571 0.0
single 0.0 0.030612244897959183 0.0
plan 0.0 0.02040816326530612 0.0
young 0.0 0.15816326530612246 0.0
planning 0.0 0.01020408163265306 0.0
on 0.0 0.3520408163265306 0.0
great 0.0 0.03571428571428571 0.0
hold 0.0 0.01020408163265306 0.0
i 0.0 0.00510204081632653 0.0
assemble 0.0 0.00510204081632653 0.0
for 0.0 0.3877551020408163 0.0
ready 0.0 0.01020408163265306 0.0
and 0.0 0.8571428571428571 0.0
greatest 0.0 0.025510204081632654 0.0
trial 0.0 0.01020408163265306 0.0
mankind 0.0 0.030612244897959183 0.0
depend 0.0 0.00510204081632653 0.0
action 0.0 0.01020408163265306 0.0
swear 0.0 0.0 0.0
enemy 0.0 0.025510204081632654 0.0
collapse 0.0 0.00510204081632653 0.0
be 0.0 0.1377551020408163 0.0
captivity 0.0 0.01020408163265306 0.0
lieutenant 0.0 0.01020408163265306 0.0
ivushkin 0.0 0.00510204081632653 0.0
crew 0.0 0.015306122448979591 0.0
challenge 0.0 0.01020408163265306 0.0
german 0.0 0.02040816326530612 0.0
tank 0.0 0.01020408163265306 0.0
ace 0.0 0.0 0.0
jager 0.0 0.00510204081632653 0.0
sake 0.0 0.015306122448979591 0.0
till 0.0 0.00510204081632653 0.0
media 0.0 0.025510204081632654 0.0
entertainment 0.0 0.015306122448979591 0.0
all 0.0 0.17346938775510204 0.0
act 0.0 0.00510204081632653 0.0
age 0.0 0.025510204081632654 0.0
ss 0.0 0.00510204081632653 0.0
lie 0.0 0.00510204081632653 0.0
de 0.0 0.025510204081632654 0.0
will 0.0 0.1989795918367347 0.0
it 0.0 0.2193877551020408 0.0
pt 0.0 0.00510204081632653 0.0
ia 0.0 0.00510204081632653 0.0
hal 0.0 0.00510204081632653 0.0
we 0.0 0.01020408163265306 0.0
enter 0.0 0.02040816326530612 0.0
test 0.0 0.00510204081632653 0.0
o 0.0 0.00510204081632653 0.0
I 0.0 0.0 0.0
j 0.0 0.00510204081632653 0.0
tim 0.0 0.00510204081632653 0.0
by 0.0 0.33163265306122447 0.0
at 0.0 0.23469387755102042 0.0
ann 0.0 0.00510204081632653 0.0
ring 0.0 0.00510204081632653 0.0
pen 0.0 0.00510204081632653 0.0
en 0.0 0.00510204081632653 0.0
eat 0.0 0.00510204081632653 0.0
or 0.0 0.09183673469387756 0.0
to 0.0016722408026755853 0.7806122448979592 0.0013053716469865538
