let 0.0 0.02040816326530612 0.0
he 0.0004420866489832007 0.34183673469387754 0.00015112145654017575
the 0.002652519893899204 0.9540816326530612 0.0025307205110160773
create 0.0 0.02040816326530612 0.0
decide 0.0 0.03571428571428571 0.0
a 0.0004420866489832007 0.8826530612244898 0.00039020913405149856
boy 0.0 0.030612244897959183 0.0
end 0.0 0.04591836734693878 0.0
ever 0.0 0.05102040816326531 0.0
in 0.001326259946949602 0.7346938775510204 0.0009743950630650138
man 0.0004420866489832007 0.12755102040816327 5.6388603186632745e-05
no 0.0 0.07142857142857142 0.0
turn 0.0 0.025510204081632654 0.0
present 0.0 0.015306122448979591 0.0
as 0.0004420866489832007 0.3469387755102041 0.00015337700066764105
era 0.0 0.01020408163265306 0.0
later 0.0004420866489832007 0.061224489795918366 2.7066529529583713e-05
al 0.0 0.00510204081632653 0.0
film 0.0 0.061224489795918366 0.0
new 0.0 0.1377551020408163 0.0
she 0.0 0.19387755102040816 0.0
year 0.0 0.01020408163265306 0.0
make 0.0 0.061224489795918366 0.0
opera 0.0 0.01020408163265306 0.0
late 0.0 0.02040816326530612 0.0
send 0.0 0.0 0.0
friend 0.0 0.0663265306122449 0.0
pie 0.0 0.00510204081632653 0.0
can 0.0 0.08673469387755102 0.0
young 0.0 0.15816326530612246 0.0
strange 0.0 0.03571428571428571 0.0
order 0.0 0.04081632653061224 0.0
on 0.0 0.3520408163265306 0.0
completely 0.0 0.015306122448979591 0.0
different 0.0 0.03571428571428571 0.0
begin 0.0004420866489832007 0.025510204081632654 1.1277720637326548e-05
full 0.0 0.025510204081632654 0.0
art 0.0 0.00510204081632653 0.0
rape 0.0 0.00510204081632653 0.0
i 0.0 0.00510204081632653 0.0
start 0.0 0.01020408163265306 0.0
over 0.0 0.07653061224489796 0.0
for 0.0 0.3877551020408163 0.0
anne 0.0 0.00510204081632653 0.0
woman 0.0 0.07142857142857142 0.0
and 0.0 0.8571428571428571 0.0
be 0.0008841732979664014 0.1377551020408163 0.00012179938288312671
all 0.0 0.17346938775510204 0.0
boyfriend 0.0 0.03571428571428571 0.0
return 0.0 0.030612244897959183 0.0
de 0.0 0.025510204081632654 0.0
canne 0.0 0.0 0.0
festival 0.0 0.01020408163265306 0.0
will 0.0 0.1989795918367347 0.0
form 0.0 0.01020408163265306 0.0
ale 0.0 0.00510204081632653 0.0
justice 0.0 0.01020408163265306 0.0
stranger 0.0 0.015306122448979591 0.0
it 0.0 0.2193877551020408 0.0
with 0.0 0.4387755102040816 0.0
pierre 0.0 0.015306122448979591 0.0
ex 0.0 0.00510204081632653 0.0
offer 0.0 0.0 0.0
star 0.0 0.00510204081632653 0.0
ia 0.0 0.00510204081632653 0.0
we 0.0 0.01020408163265306 0.0
complete 0.0 0.00510204081632653 0.0
o 0.0 0.00510204081632653 0.0
if 0.0 0.03571428571428571 0.0
val 0.0 0.00510204081632653 0.0
j 0.0 0.00510204081632653 0.0
ranger 0.0 0.00510204081632653 0.0
by 0.0 0.33163265306122447 0.0
at 0.0 0.23469387755102042 0.0
ann 0.0 0.00510204081632653 0.0
version 0.0 0.00510204081632653 0.0
ring 0.0 0.00510204081632653 0.0
en 0.0 0.00510204081632653 0.0
eat 0.0 0.00510204081632653 0.0
gas 0.0 0.00510204081632653 0.0
alex 0.0 0.01020408163265306 0.0
tunnel 0.0 0.01020408163265306 0.0
marcus 0.0 0.00510204081632653 0.0
gaspar 0.0 0.00510204081632653 0.0
noé 0.0 0.00510204081632653 0.0
controversy 0.0 0.00510204081632653 0.0
brand 0.0 0.00510204081632653 0.0
cult 0.0 0.00510204081632653 0.0
initially 0.0 0.00510204081632653 0.0
operate 0.0 0.0 0.0
anechronological 0.0 0.00510204081632653 0.0
irreversible 0.0 0.00510204081632653 0.0
inversion 0.0 0.00510204081632653 0.0
filmmaker 0.0 0.00510204081632653 0.0
reading 0.0 0.00510204081632653 0.0
chronological 0.0 0.00510204081632653 0.0
or 0.0 0.09183673469387756 0.0
pa 0.0 0.00510204081632653 0.0
to 0.0 0.7806122448979592 0.0
