life 0.0 0.20408163265306123 0.0
step 0.0 0.00510204081632653 0.0
brother 0.0 0.04081632653061224 0.0
father 0.0 0.11734693877551021 0.0
he 0.0 0.34183673469387754 0.0
the 0.000651890482398957 0.9540816326530612 0.0006219567357581885
go 0.0 0.09183673469387756 0.0
manage 0.0 0.0 0.0
mother 0.0 0.05612244897959184 0.0
take 0.0 0.09183673469387756 0.0
lead 0.0 0.02040816326530612 0.0
a 0.001303780964797914 0.8826530612244898 0.0011507862597450976
love 0.0 0.09183673469387756 0.0
in 0.0 0.7346938775510204 0.0
man 0.0003259452411994785 0.12755102040816327 4.157464811217838e-05
al 0.0 0.00510204081632653 0.0
dr 0.0 0.00510204081632653 0.0
kill 0.0 0.030612244897959183 0.0
apartment 0.0 0.02040816326530612 0.0
she 0.002607561929595828 0.19387755102040816 0.0005055477210440891
year 0.0 0.01020408163265306 0.0
after 0.0 0.1989795918367347 0.0
agent 0.0 0.015306122448979591 0.0
drug 0.0 0.04081632653061224 0.0
can 0.0003259452411994785 0.08673469387755102 2.8270760716281297e-05
teach 0.0 0.00510204081632653 0.0
even 0.0 0.07142857142857142 0.0
part 0.0 0.04081632653061224 0.0
on 0.0 0.3520408163265306 0.0
meet 0.0003259452411994785 0.030612244897959183 9.97791554692281e-06
art 0.0 0.00510204081632653 0.0
old 0.0 0.05612244897959184 0.0
i 0.0 0.00510204081632653 0.0
and 0.001303780964797914 0.8571428571428571 0.0011175265412553548
little 0.0 0.04591836734693878 0.0
be 0.0016297262059973923 0.1377551020408163 0.0002245030998057632
sister 0.0 0.015306122448979591 0.0
age 0.0 0.025510204081632654 0.0
ss 0.0 0.00510204081632653 0.0
de 0.0 0.025510204081632654 0.0
ruin 0.0 0.01020408163265306 0.0
gold 0.0 0.015306122448979591 0.0
ale 0.0 0.00510204081632653 0.0
daughter 0.0 0.05102040816326531 0.0
it 0.0 0.2193877551020408 0.0
pt 0.0 0.00510204081632653 0.0
job 0.0 0.04591836734693878 0.0
deal 0.0 0.015306122448979591 0.0
quest 0.0 0.01020408163265306 0.0
revenge 0.0 0.02040816326530612 0.0
profession 0.0 0.00510204081632653 0.0
professional 0.0 0.015306122448979591 0.0
o 0.0 0.00510204081632653 0.0
hit 0.0 0.015306122448979591 0.0
I 0.0 0.0 0.0
if 0.0 0.03571428571428571 0.0
dealer 0.0 0.01020408163265306 0.0
apart 0.0 0.01020408163265306 0.0
j 0.0 0.00510204081632653 0.0
corrupt 0.0 0.015306122448979591 0.0
roth 0.0 0.00510204081632653 0.0
employer 0.0 0.0 0.0
abject 0.0 0.00510204081632653 0.0
refuge 0.0 0.00510204081632653 0.0
hitman 0.0 0.00510204081632653 0.0
request 0.0 0.01020408163265306 0.0
method 0.0 0.0 0.0
dea 0.0 0.00510204081632653 0.0
beloved 0.0 0.01020408163265306 0.0
golden 0.0 0.00510204081632653 0.0
by 0.000651890482398957 0.33163265306122447 0.00021618817018332755
moth 0.0 0.00510204081632653 0.0
at 0.0 0.23469387755102042 0.0
so 0.0 0.030612244897959183 0.0
en 0.0 0.00510204081632653 0.0
or 0.0 0.09183673469387756 0.0
pa 0.0 0.00510204081632653 0.0
to 0.0009778357235984355 0.7806122448979592 0.0007633105393395951
killing 0.0 0.025510204081632654 0.0
who 0.0009778357235984355 0.39285714285714285 0.00038414974855652826
