live 0.0 0.05612244897959184 0.0
life 0.0 0.20408163265306123 0.0
king 0.0 0.030612244897959183 0.0
he 0.0018315018315018315 0.34183673469387754 0.0006260746056664424
get 0.0 0.0663265306122449 0.0
red 0.0 0.01020408163265306 0.0
the 0.0009157509157509158 0.9540816326530612 0.0008737011288031696
save 0.0 0.030612244897959183 0.0
take 0.0 0.09183673469387756 0.0
a 0.002747252747252747 0.8826530612244898 0.0024248710473200267
human 0.0 0.05612244897959184 0.0
end 0.0 0.04591836734693878 0.0
in 0.0009157509157509158 0.7346938775510204 0.0006727965911639381
moscow 0.0 0.05102040816326531 0.0
man 0.0 0.12755102040816327 0.0
one 0.0 0.18877551020408162 0.0
russian 0.0 0.04081632653061224 0.0
as 0.0 0.3469387755102041 0.0
al 0.0 0.00510204081632653 0.0
dr 0.0 0.00510204081632653 0.0
she 0.0 0.19387755102040816 0.0
accident 0.0 0.025510204081632654 0.0
arm 0.0 0.00510204081632653 0.0
ship 0.0 0.02040816326530612 0.0
late 0.0 0.02040816326530612 0.0
fight 0.0 0.03571428571428571 0.0
follow 0.0 0.015306122448979591 0.0
hundred 0.0 0.00510204081632653 0.0
on 0.0009157509157509158 0.3520408163265306 0.00032238169993272035
art 0.0 0.00510204081632653 0.0
land 0.0009157509157509158 0.030612244897959183 2.803319129849742e-05
rus 0.0 0.00510204081632653 0.0
i 0.0 0.00510204081632653 0.0
win 0.0 0.015306122448979591 0.0
girl 0.0 0.08673469387755102 0.0
and 0.0 0.8571428571428571 0.0
be 0.0 0.1377551020408163 0.0
ace 0.0 0.0 0.0
russia 0.0 0.02040816326530612 0.0
harm 0.0 0.01020408163265306 0.0
age 0.0 0.025510204081632654 0.0
ss 0.0 0.00510204081632653 0.0
lie 0.0 0.00510204081632653 0.0
de 0.0 0.025510204081632654 0.0
here 0.0 0.01020408163265306 0.0
it 0.0 0.2193877551020408 0.0
together 0.0 0.05612244897959184 0.0
school 0.0 0.05102040816326531 0.0
deal 0.0 0.015306122448979591 0.0
with 0.0 0.4387755102040816 0.0
damage 0.0 0.0 0.0
must 0.0 0.07653061224489796 0.0
space 0.0 0.02040816326530612 0.0
ia 0.0 0.00510204081632653 0.0
we 0.0 0.01020408163265306 0.0
area 0.0 0.025510204081632654 0.0
enter 0.0 0.02040816326530612 0.0
earth 0.0 0.05102040816326531 0.0
o 0.0 0.00510204081632653 0.0
if 0.0 0.03571428571428571 0.0
atmosphere 0.0 0.015306122448979591 0.0
j 0.0 0.00510204081632653 0.0
dea 0.0 0.00510204081632653 0.0
by 0.0009157509157509158 0.33163265306122447 0.00030369290573372206
at 0.0 0.23469387755102042 0.0
alien 0.0 0.015306122448979591 0.0
en 0.0 0.00510204081632653 0.0
pa 0.0 0.00510204081632653 0.0
spaceship 0.0 0.00510204081632653 0.0
fighter 0.0 0.00510204081632653 0.0
jet 0.0 0.0 0.0
crash 0.0 0.01020408163265306 0.0
populate 0.0 0.0 0.0
intend 0.0 0.00510204081632653 0.0
to 0.0 0.7806122448979592 0.0
low 0.0 0.00510204081632653 0.0
mus 0.0 0.00510204081632653 0.0
who 0.0 0.39285714285714285 0.0
