small 0.0 0.07653061224489796 0.0
he 0.000663129973474801 0.34183673469387754 0.0002266821848102636
the 0.001989389920424403 0.9540816326530612 0.001898040383262058
go 0.0 0.09183673469387756 0.0
team 0.0 0.04081632653061224 0.0
find 0.0 0.08163265306122448 0.0
hand 0.0 0.0 0.0
a 0.0 0.8826530612244898 0.0
story 0.0 0.12755102040816327 0.0
human 0.0 0.05612244897959184 0.0
they 0.0 0.28061224489795916 0.0
in 0.0 0.7346938775510204 0.0
man 0.0 0.12755102040816327 0.0
turn 0.0 0.025510204081632654 0.0
history 0.0 0.03571428571428571 0.0
as 0.0 0.3469387755102041 0.0
al 0.0 0.00510204081632653 0.0
hiding 0.0 0.025510204081632654 0.0
research 0.0 0.015306122448979591 0.0
secret 0.0 0.061224489795918366 0.0
deep 0.0 0.015306122448979591 0.0
world 0.0 0.19387755102040816 0.0
great 0.0 0.03571428571428571 0.0
face 0.0 0.025510204081632654 0.0
what 0.0 0.1377551020408163 0.0
i 0.0 0.00510204081632653 0.0
sea 0.0 0.015306122448979591 0.0
and 0.000663129973474801 0.8571428571428571 0.000568397120121258
greatest 0.0 0.025510204081632654 0.0
be 0.0 0.1377551020408163 0.0
all 0.0 0.17346938775510204 0.0
de 0.0 0.025510204081632654 0.0
search 0.0 0.030612244897959183 0.0
will 0.0 0.1989795918367347 0.0
hide 0.0 0.00510204081632653 0.0
it 0.0 0.2193877551020408 0.0
future 0.0 0.030612244897959183 0.0
out 0.0 0.18877551020408162 0.0
heir 0.0 0.00510204081632653 0.0
we 0.0 0.01020408163265306 0.0
test 0.0 0.00510204081632653 0.0
threat 0.0 0.015306122448979591 0.0
o 0.0 0.00510204081632653 0.0
humanity 0.0 0.015306122448979591 0.0
at 0.000663129973474801 0.23469387755102042 0.00015563254479510638
surface 0.0 0.01020408163265306 0.0
en 0.0 0.00510204081632653 0.0
eat 0.0 0.00510204081632653 0.0
or 0.0 0.09183673469387756 0.0
to 0.001326259946949602 0.7806122448979592 0.0010352947545065772
deepest 0.0 0.00510204081632653 0.0
borehole 0.0 0.00510204081632653 0.0
low 0.0 0.00510204081632653 0.0
