he 0.0009380863039399625 0.34183673469387754 0.00032067235899988514
the 0.001876172607879925 0.9540816326530612 0.0017900218248650304
sin 0.0 0.01020408163265306 0.0
a 0.0009380863039399625 0.8826530612244898 0.0008280047478653751
they 0.001876172607879925 0.28061224489795916 0.0005264770073132442
in 0.00046904315196998124 0.7346938775510204 0.0003446031320595781
one 0.0 0.18877551020408162 0.0
as 0.0 0.3469387755102041 0.0
india 0.0 0.04081632653061224 0.0
on 0.0 0.3520408163265306 0.0
i 0.0 0.00510204081632653 0.0
and 0.0009380863039399625 0.8571428571428571 0.0008040739748056821
ss 0.0 0.00510204081632653 0.0
de 0.0 0.025510204081632654 0.0
money 0.0 0.030612244897959183 0.0
it 0.0 0.2193877551020408 0.0
del 0.0 0.00510204081632653 0.0
idea 0.0 0.015306122448979591 0.0
model 0.0 0.01020408163265306 0.0
heir 0.0 0.00510204081632653 0.0
ia 0.0 0.00510204081632653 0.0
we 0.0 0.01020408163265306 0.0
business 0.0 0.025510204081632654 0.0
from 0.0 0.3520408163265306 0.0
o 0.0 0.00510204081632653 0.0
dea 0.0 0.00510204081632653 0.0
aspire 0.0 0.0 0.0
ring 0.0 0.00510204081632653 0.0
en 0.0 0.00510204081632653 0.0
or 0.0 0.09183673469387756 0.0
pa 0.0 0.00510204081632653 0.0
to 0.0009380863039399625 0.7806122448979592 0.0007322816556266033
entrepreneur 0.0 0.0 0.0
pitch 0.0 0.00510204081632653 0.0
panel 0.0 0.00510204081632653 0.0
investor 0.0 0.0 0.0
persuade 0.0 0.00510204081632653 0.0
invest 0.0 0.00510204081632653 0.0
