life 0.0 0.20408163265306123 0.0
he 0.0009049773755656109 0.34183673469387754 0.0003093545110351833
the 0.002262443438914027 0.9540816326530612 0.0021585557299843012
change 0.0 0.02040816326530612 0.0
a 0.0013574660633484162 0.8826530612244898 0.001198171576322837
in 0.0 0.7346938775510204 0.0
man 0.0 0.12755102040816327 0.0
no 0.0 0.07142857142857142 0.0
later 0.0 0.061224489795918366 0.0
al 0.0 0.00510204081632653 0.0
new 0.0 0.1377551020408163 0.0
year 0.0 0.01020408163265306 0.0
ship 0.0 0.02040816326530612 0.0
late 0.0 0.02040816326530612 0.0
three 0.0 0.030612244897959183 0.0
encounter 0.0 0.02040816326530612 0.0
i 0.0 0.00510204081632653 0.0
experience 0.0 0.02040816326530612 0.0
mankind 0.0 0.030612244897959183 0.0
be 0.00045248868778280545 0.1377551020408163 6.233262535783543e-05
all 0.0 0.17346938775510204 0.0
lie 0.0 0.00510204081632653 0.0
nc 0.0 0.00510204081632653 0.0
it 0.00045248868778280545 0.2193877551020408 9.927047742173793e-05
fall 0.0 0.01020408163265306 0.0
with 0.0 0.4387755102040816 0.0
ex 0.0 0.00510204081632653 0.0
out 0.0 0.18877551020408162 0.0
ia 0.0 0.00510204081632653 0.0
o 0.0 0.00510204081632653 0.0
if 0.0 0.03571428571428571 0.0
j 0.0 0.00510204081632653 0.0
hang 0.0 0.00510204081632653 0.0
now 0.0 0.07653061224489796 0.0
at 0.0 0.23469387755102042 0.0
alien 0.0 0.015306122448979591 0.0
en 0.0 0.00510204081632653 0.0
to 0.00045248868778280545 0.7806122448979592 0.0003532182103610675
julia 0.0 0.00510204081632653 0.0
