work 0.0 0.04591836734693878 0.0
dream 0.0 0.015306122448979591 0.0
life 0.0 0.20408163265306123 0.0
king 0.0 0.030612244897959183 0.0
but 0.0 0.3112244897959184 0.0
illegitimate 0.0 0.01020408163265306 0.0
he 0.0013416815742397137 0.34183673469387754 0.000458636048337045
get 0.0 0.0663265306122449 0.0
the 0.0013416815742397137 0.9540816326530612 0.0012800737468511554
go 0.0 0.09183673469387756 0.0
eye 0.0 0.02040816326530612 0.0
become 0.0 0.05612244897959184 0.0
side 0.0 0.015306122448979591 0.0
decide 0.0 0.03571428571428571 0.0
much 0.0 0.03571428571428571 0.0
war 0.0 0.05612244897959184 0.0
a 0.0026833631484794273 0.8826530612244898 0.0023684786973823518
love 0.0 0.09183673469387756 0.0
boy 0.0 0.030612244897959183 0.0
among 0.0 0.02040816326530612 0.0
they 0.0 0.28061224489795916 0.0
end 0.0 0.04591836734693878 0.0
ever 0.0 0.05102040816326531 0.0
in 0.0 0.7346938775510204 0.0
man 0.0 0.12755102040816327 0.0
no 0.0 0.07142857142857142 0.0
one 0.0 0.18877551020408162 0.0
seem 0.0 0.01020408163265306 0.0
able 0.0 0.030612244897959183 0.0
see 0.0 0.04081632653061224 0.0
present 0.0 0.015306122448979591 0.0
as 0.0 0.3469387755102041 0.0
catch 0.0 0.0 0.0
join 0.0 0.02040816326530612 0.0
arrive 0.0 0.02040816326530612 0.0
help 0.0 0.10204081632653061 0.0
al 0.0 0.00510204081632653 0.0
dr 0.0 0.00510204081632653 0.0
also 0.0 0.09183673469387756 0.0
hiding 0.0 0.025510204081632654 0.0
director 0.0 0.015306122448979591 0.0
want 0.0 0.01020408163265306 0.0
she 0.0 0.19387755102040816 0.0
make 0.0 0.061224489795918366 0.0
name 0.0 0.025510204081632654 0.0
after 0.0 0.1989795918367347 0.0
leg 0.0 0.00510204081632653 0.0
like 0.0 0.03571428571428571 0.0
feel 0.0 0.00510204081632653 0.0
hear 0.0 0.00510204081632653 0.0
send 0.0 0.0 0.0
world 0.0 0.19387755102040816 0.0
opportunity 0.0 0.01020408163265306 0.0
family 0.0 0.22448979591836735 0.0
friend 0.0 0.0663265306122449 0.0
while 0.0 0.12244897959183673 0.0
can 0.0 0.08673469387755102 0.0
good 0.0 0.025510204081632654 0.0
come 0.0 0.025510204081632654 0.0
tale 0.0 0.00510204081632653 0.0
put 0.0 0.03571428571428571 0.0
strange 0.0 0.03571428571428571 0.0
appear 0.0 0.0 0.0
first 0.0 0.08163265306122448 0.0
large 0.0 0.015306122448979591 0.0
part 0.0 0.04081632653061224 0.0
discover 0.0 0.025510204081632654 0.0
on 0.0 0.3520408163265306 0.0
path 0.0004472271914132379 0.025510204081632654 1.140885692380709e-05
far 0.0 0.030612244897959183 0.0
face 0.0 0.025510204081632654 0.0
art 0.0 0.00510204081632653 0.0
what 0.0 0.1377551020408163 0.0
would 0.0 0.030612244897959183 0.0
i 0.0 0.00510204081632653 0.0
big 0.0 0.02040816326530612 0.0
consider 0.0 0.00510204081632653 0.0
feeling 0.0 0.00510204081632653 0.0
way 0.0 0.03571428571428571 0.0
for 0.0 0.3877551020408163 0.0
and 0.0017889087656529517 0.8571428571428571 0.0015333503705596727
be 0.0008944543828264759 0.1377551020408163 0.00012321565477711657
entertainment 0.0 0.015306122448979591 0.0
special 0.0 0.025510204081632654 0.0
all 0.0 0.17346938775510204 0.0
act 0.0 0.00510204081632653 0.0
boyfriend 0.0 0.03571428571428571 0.0
less 0.0 0.00510204081632653 0.0
choose 0.0 0.0 0.0
beautiful 0.0 0.015306122448979591 0.0
unit 0.0 0.00510204081632653 0.0
lone 0.0 0.00510204081632653 0.0
ss 0.0 0.00510204081632653 0.0
de 0.0 0.025510204081632654 0.0
struggle 0.0 0.015306122448979591 0.0
rich 0.0 0.01020408163265306 0.0
will 0.0004472271914132379 0.1989795918367347 8.89890840056953e-05
nc 0.0 0.00510204081632653 0.0
hide 0.0 0.00510204081632653 0.0
ale 0.0 0.00510204081632653 0.0
behind 0.0 0.05612244897959184 0.0
stranger 0.0 0.015306122448979591 0.0
alone 0.0 0.015306122448979591 0.0
it 0.0004472271914132379 0.2193877551020408 9.811616954474097e-05
app 0.0 0.00510204081632653 0.0
fall 0.0 0.01020408163265306 0.0
job 0.0 0.04591836734693878 0.0
omi 0.0 0.00510204081632653 0.0
past 0.0 0.04591836734693878 0.0
rough 0.0 0.00510204081632653 0.0
attracted 0.0 0.015306122448979591 0.0
molly 0.0 0.01020408163265306 0.0
approach 0.0 0.0 0.0
talent 0.0 0.01020408163265306 0.0
pursue 0.0 0.00510204081632653 0.0
club 0.0 0.01020408163265306 0.0
not 0.0 0.14795918367346939 0.0
heart 0.0 0.030612244897959183 0.0
contact 0.0 0.015306122448979591 0.0
achieve 0.0 0.015306122448979591 0.0
out 0.0 0.18877551020408162 0.0
line 0.0 0.01020408163265306 0.0
heir 0.0004472271914132379 0.00510204081632653 2.2817713847614177e-06
star 0.0 0.00510204081632653 0.0
ia 0.0 0.00510204081632653 0.0
we 0.0 0.01020408163265306 0.0
more 0.0 0.08163265306122448 0.0
enter 0.0 0.02040816326530612 0.0
raw 0.0 0.01020408163265306 0.0
o 0.0 0.00510204081632653 0.0
these 0.0 0.05102040816326531 0.0
I 0.0 0.0 0.0
if 0.0 0.03571428571428571 0.0
head 0.0 0.015306122448979591 0.0
strip 0.0 0.00510204081632653 0.0
dancer 0.0 0.01020408163265306 0.0
dance 0.0 0.00510204081632653 0.0
top 0.0 0.00510204081632653 0.0
j 0.0 0.00510204081632653 0.0
cover 0.0 0.015306122448979591 0.0
tim 0.0 0.00510204081632653 0.0
trip 0.0 0.02040816326530612 0.0
attract 0.0 0.0 0.0
direct 0.0 0.00510204081632653 0.0
care 0.0 0.01020408163265306 0.0
rip 0.0 0.01020408163265306 0.0
determine 0.0 0.00510204081632653 0.0
ram 0.0 0.00510204081632653 0.0
ranger 0.0 0.00510204081632653 0.0
connection 0.0 0.00510204081632653 0.0
true 0.0 0.02040816326530612 0.0
carey 0.0 0.01020408163265306 0.0
malone 0.0 0.01020408163265306 0.0
cat 0.0 0.01020408163265306 0.0
at 0.0008944543828264759 0.23469387755102042 0.00020992296739805047
purely 0.0 0.01020408163265306 0.0
street 0.0 0.01020408163265306 0.0
goddess 0.0 0.01020408163265306 0.0
god 0.0 0.01020408163265306 0.0
rue 0.0 0.00510204081632653 0.0
toward 0.0 0.01020408163265306 0.0
so 0.0 0.030612244897959183 0.0
nomi 0.0 0.00510204081632653 0.0
las 0.0 0.00510204081632653 0.0
vegas 0.0 0.00510204081632653 0.0
unspoken 0.0 0.00510204081632653 0.0
tough 0.0 0.00510204081632653 0.0
streetwise 0.0 0.00510204081632653 0.0
veneer 0.0 0.00510204081632653 0.0
infallible 0.0 0.00510204081632653 0.0
vega 0.0 0.0 0.0
cautious 0.0 0.00510204081632653 0.0
willing 0.0 0.00510204081632653 0.0
goodness 0.0 0.00510204081632653 0.0
combination 0.0 0.00510204081632653 0.0
cheetah 0.0 0.00510204081632653 0.0
joint 0.0 0.00510204081632653 0.0
abrams 0.0 0.00510204081632653 0.0
costumer 0.0 0.00510204081632653 0.0
topless 0.0 0.00510204081632653 0.0
production 0.0 0.00510204081632653 0.0
stardust 0.0 0.00510204081632653 0.0
headliner 0.0 0.00510204081632653 0.0
cristal 0.0 0.00510204081632653 0.0
connor 0.0 0.0 0.0
nomus 0.0 0.0 0.0
zack 0.0 0.00510204081632653 0.0
through 0.0 0.08163265306122448 0.0
jame 0.0 0.0 0.0
smith 0.0 0.00510204081632653 0.0
whatever 0.0 0.00510204081632653 0.0
odd 0.0 0.01020408163265306 0.0
largely 0.0 0.00510204081632653 0.0
natural 0.0 0.00510204081632653 0.0
albeit 0.0 0.00510204081632653 0.0
surface 0.0 0.01020408163265306 0.0
bad 0.0 0.00510204081632653 0.0
especially 0.0 0.00510204081632653 0.0
car 0.0 0.00510204081632653 0.0
determined 0.0 0.01020408163265306 0.0
dire 0.0 0.00510204081632653 0.0
en 0.0 0.00510204081632653 0.0
gas 0.0 0.00510204081632653 0.0
that 0.0004472271914132379 0.40816326530612246 0.00018254171078091344
or 0.0 0.09183673469387756 0.0
pa 0.0 0.00510204081632653 0.0
to 0.0008944543828264759 0.7806122448979592 0.0006982220437369939
ural 0.0 0.00510204081632653 0.0
nation 0.0 0.01020408163265306 0.0
how 0.0 0.09183673469387756 0.0
who 0.0004472271914132379 0.39285714285714285 0.00017569639662662917
