king 0.0 0.030612244897959183 0.0
but 0.0 0.3112244897959184 0.0
he 0.00046904315196998124 0.34183673469387754 0.00016033617949994257
the 0.003283302063789869 0.9540816326530612 0.0031325381935138033
a 0.0009380863039399625 0.8826530612244898 0.0008280047478653751
story 0.0 0.12755102040816327 0.0
they 0.00046904315196998124 0.28061224489795916 0.00013161925182831105
day 0.0 0.09183673469387756 0.0
in 0.00046904315196998124 0.7346938775510204 0.0003446031320595781
actually 0.0 0.02040816326530612 0.0
no 0.0 0.07142857142857142 0.0
one 0.0 0.18877551020408162 0.0
able 0.0 0.030612244897959183 0.0
this 0.0 0.17346938775510204 0.0
turn 0.0 0.025510204081632654 0.0
as 0.00046904315196998124 0.3469387755102041 0.00016272925680591187
when 0.00046904315196998124 0.27040816326530615 0.00012683309721637248
rest 0.0 0.025510204081632654 0.0
al 0.0 0.00510204081632653 0.0
dr 0.0 0.00510204081632653 0.0
new 0.0 0.1377551020408163 0.0
she 0.0 0.19387755102040816 0.0
mercenary 0.0 0.015306122448979591 0.0
realize 0.0 0.01020408163265306 0.0
simple 0.0 0.025510204081632654 0.0
evil 0.0 0.03571428571428571 0.0
protect 0.0 0.02040816326530612 0.0
hero 0.0 0.025510204081632654 0.0
on 0.0 0.3520408163265306 0.0
row 0.0 0.00510204081632653 0.0
begin 0.0 0.025510204081632654 0.0
china 0.0 0.00510204081632653 0.0
what 0.0 0.1377551020408163 0.0
i 0.0 0.00510204081632653 0.0
west 0.0 0.02040816326530612 0.0
for 0.0014071294559099437 0.3877551020408163 0.0005456216257609986
capable 0.0 0.015306122448979591 0.0
and 0.001876172607879925 0.8571428571428571 0.0016081479496113642
be 0.0 0.1377551020408163 0.0
crew 0.0 0.015306122448979591 0.0
all 0.00046904315196998124 0.17346938775510204 8.136462840295593e-05
act 0.0 0.00510204081632653 0.0
rowdy 0.0 0.00510204081632653 0.0
ragtag 0.0 0.00510204081632653 0.0
misfit 0.0 0.00510204081632653 0.0
hire 0.0 0.00510204081632653 0.0
vox 0.0 0.00510204081632653 0.0
machina 0.0 0.00510204081632653 0.0
interested 0.0 0.015306122448979591 0.0
easy 0.0 0.00510204081632653 0.0
money 0.00046904315196998124 0.030612244897959183 1.4358463835815751e-05
cheap 0.0 0.00510204081632653 0.0
ale 0.0 0.00510204081632653 0.0
realm 0.0 0.00510204081632653 0.0
kingdom 0.0 0.01020408163265306 0.0
threaten 0.0 0.01020408163265306 0.0
boisterous 0.0 0.00510204081632653 0.0
restore 0.0 0.0 0.0
justice 0.0 0.01020408163265306 0.0
payday 0.0 0.00510204081632653 0.0
origin 0.0 0.00510204081632653 0.0
behind 0.0 0.05612244897959184 0.0
exandria 0.0 0.00510204081632653 0.0
newest 0.0 0.00510204081632653 0.0
it 0.0 0.2193877551020408 0.0
actual 0.0 0.00510204081632653 0.0
ex 0.0 0.00510204081632653 0.0
ia 0.0 0.00510204081632653 0.0
we 0.0 0.01020408163265306 0.0
more 0.0 0.08163265306122448 0.0
threat 0.0 0.015306122448979591 0.0
o 0.0 0.00510204081632653 0.0
I 0.0 0.0 0.0
real 0.0 0.030612244897959183 0.0
j 0.0 0.00510204081632653 0.0
by 0.0 0.33163265306122447 0.0
interest 0.0 0.01020408163265306 0.0
now 0.0 0.07653061224489796 0.0
at 0.0 0.23469387755102042 0.0
fit 0.0 0.00510204081632653 0.0
ring 0.0 0.00510204081632653 0.0
en 0.0 0.00510204081632653 0.0
eat 0.0 0.00510204081632653 0.0
that 0.0 0.40816326530612246 0.0
or 0.0 0.09183673469387756 0.0
pa 0.0 0.00510204081632653 0.0
to 0.00046904315196998124 0.7806122448979592 0.00036614082781330167
