he 0.0 0.34183673469387754 0.0
get 0.0 0.0663265306122449 0.0
the 0.002747252747252747 0.9540816326530612 0.0026211033864095086
take 0.0006868131868131868 0.09183673469387756 6.30746804216192e-05
a 0.0006868131868131868 0.8826530612244898 0.0006062177618300067
in 0.0006868131868131868 0.7346938775510204 0.0005045974433729536
no 0.0 0.07142857142857142 0.0
this 0.0 0.17346938775510204 0.0
russian 0.0 0.04081632653061224 0.0
arrive 0.0 0.02040816326530612 0.0
leave 0.0 0.02040816326530612 0.0
arm 0.0 0.00510204081632653 0.0
murder 0.0 0.030612244897959183 0.0
under 0.0 0.0663265306122449 0.0
protect 0.0 0.02040816326530612 0.0
keep 0.0 0.015306122448979591 0.0
old 0.0 0.05612244897959184 0.0
nato 0.0 0.00510204081632653 0.0
bomb 0.0 0.0 0.0
belgrad 0.0 0.00510204081632653 0.0
march 0.0 0.01020408163265306 0.0
serb 0.0 0.00510204081632653 0.0
army 0.0 0.025510204081632654 0.0
pull 0.0 0.0 0.0
kosovo 0.0 0.00510204081632653 0.0
june 0.0 0.01020408163265306 0.0
serbian 0.0 0.00510204081632653 0.0
minority 0.0 0.00510204081632653 0.0
unprotected 0.0 0.00510204081632653 0.0
plunder 0.0 0.0 0.0
rape 0.0 0.00510204081632653 0.0
bandit 0.0 0.0 0.0
target 0.0 0.00510204081632653 0.0
airport 0.0 0.00510204081632653 0.0
hold 0.0 0.01020408163265306 0.0
peacekeeper 0.0 0.0 0.0
filtenborg 0.0 0.00510204081632653 0.0
rus 0.0 0.00510204081632653 0.0
i 0.0 0.00510204081632653 0.0
band 0.0 0.02040816326530612 0.0
and 0.0006868131868131868 0.8571428571428571 0.0005886970172684458
be 0.0 0.1377551020408163 0.0
air 0.0 0.01020408163265306 0.0
russia 0.0 0.02040816326530612 0.0
ss 0.0 0.00510204081632653 0.0
de 0.0 0.025510204081632654 0.0
it 0.0 0.2193877551020408 0.0
such 0.0 0.025510204081632654 0.0
peace 0.0 0.015306122448979591 0.0
out 0.0 0.18877551020408162 0.0
ia 0.0 0.00510204081632653 0.0
we 0.0 0.01020408163265306 0.0
leaf 0.0 0.0 0.0
from 0.0 0.3520408163265306 0.0
o 0.0 0.00510204081632653 0.0
scott 0.0 0.01020408163265306 0.0
j 0.0 0.00510204081632653 0.0
grad 0.0 0.00510204081632653 0.0
at 0.0006868131868131868 0.23469387755102042 0.00016119084996636017
so 0.0 0.030612244897959183 0.0
ring 0.0 0.00510204081632653 0.0
en 0.0 0.00510204081632653 0.0
or 0.0 0.09183673469387756 0.0
to 0.0 0.7806122448979592 0.0
