king 0.0 0.030612244897959183 0.0
but 0.0 0.3112244897959184 0.0
he 0.0 0.34183673469387754 0.0
get 0.0 0.0663265306122449 0.0
country 0.0 0.015306122448979591 0.0
the 0.002652519893899204 0.9540816326530612 0.0025307205110160773
known 0.0 0.05612244897959184 0.0
know 0.0 0.07142857142857142 0.0
ask 0.0 0.00510204081632653 0.0
a 0.003978779840848807 0.8826530612244898 0.0035118822064634883
end 0.0 0.04591836734693878 0.0
in 0.0 0.7346938775510204 0.0
try 0.0 0.01020408163265306 0.0
man 0.0 0.12755102040816327 0.0
no 0.0 0.07142857142857142 0.0
one 0.0 0.18877551020408162 0.0
time 0.0 0.14795918367346939 0.0
as 0.0 0.3469387755102041 0.0
when 0.000663129973474801 0.27040816326530615 0.00017931575813349214
many 0.0 0.02040816326530612 0.0
die 0.0 0.01020408163265306 0.0
rest 0.0 0.025510204081632654 0.0
al 0.0 0.00510204081632653 0.0
she 0.0 0.19387755102040816 0.0
year 0.0 0.01020408163265306 0.0
replace 0.0 0.00510204081632653 0.0
paris 0.0 0.04591836734693878 0.0
france 0.000663129973474801 0.030612244897959183 2.0299897147187787e-05
son 0.0 0.08163265306122448 0.0
best 0.0 0.03571428571428571 0.0
place 0.0 0.05612244897959184 0.0
friend 0.0 0.0663265306122449 0.0
plan 0.000663129973474801 0.02040816326530612 1.3533264764791857e-05
prison 0.0 0.015306122448979591 0.0
young 0.000663129973474801 0.15816326530612246 0.00010488280192713691
long 0.0 0.05612244897959184 0.0
on 0.000663129973474801 0.3520408163265306 0.00023344881719265955
art 0.0 0.00510204081632653 0.0
what 0.0 0.1377551020408163 0.0
old 0.0 0.05612244897959184 0.0
i 0.0 0.00510204081632653 0.0
win 0.0 0.015306122448979591 0.0
there 0.0 0.08163265306122448 0.0
band 0.0 0.02040816326530612 0.0
for 0.0 0.3877551020408163 0.0
woman 0.0 0.07142857142857142 0.0
and 0.001989389920424403 0.8571428571428571 0.001705191360363774
be 0.0 0.1377551020408163 0.0
sake 0.0 0.015306122448979591 0.0
soldier 0.0 0.01020408163265306 0.0
all 0.0 0.17346938775510204 0.0
de 0.0 0.025510204081632654 0.0
remain 0.0 0.0 0.0
here 0.0 0.01020408163265306 0.0
birth 0.0 0.025510204081632654 0.0
will 0.0 0.1989795918367347 0.0
nc 0.0 0.00510204081632653 0.0
hide 0.0 0.00510204081632653 0.0
interested 0.0 0.015306122448979591 0.0
money 0.0 0.030612244897959183 0.0
behind 0.0 0.05612244897959184 0.0
rio 0.0 0.025510204081632654 0.0
it 0.0 0.2193877551020408 0.0
together 0.0 0.05612244897959184 0.0
with 0.0 0.4387755102040816 0.0
stan 0.0 0.00510204081632653 0.0
hag 0.0 0.00510204081632653 0.0
gain 0.0 0.00510204081632653 0.0
then 0.0 0.05612244897959184 0.0
star 0.0 0.00510204081632653 0.0
more 0.0 0.08163265306122448 0.0
sell 0.0 0.0 0.0
main 0.0 0.02040816326530612 0.0
hidden 0.0 0.030612244897959183 0.0
o 0.0 0.00510204081632653 0.0
I 0.0 0.0 0.0
unknown 0.0 0.02040816326530612 0.0
stand 0.0 0.02040816326530612 0.0
tim 0.0 0.00510204081632653 0.0
leonardo 0.0 0.00510204081632653 0.0
dicaprio 0.0 0.01020408163265306 0.0
ram 0.0 0.00510204081632653 0.0
starve 0.0 0.0 0.0
bedding 0.0 0.00510204081632653 0.0
shag 0.0 0.00510204081632653 0.0
aramis 0.0 0.00510204081632653 0.0
athos 0.0 0.00510204081632653 0.0
porthos 0.0 0.00510204081632653 0.0
twin 0.0 0.00510204081632653 0.0
imprison 0.0 0.0 0.0
iron 0.0 0.00510204081632653 0.0
mask 0.0 0.01020408163265306 0.0
remains 0.0 0.015306122448979591 0.0
interest 0.0 0.01020408163265306 0.0
now 0.0 0.07653061224489796 0.0
at 0.000663129973474801 0.23469387755102042 0.00015563254479510638
so 0.0 0.030612244897959183 0.0
en 0.0 0.00510204081632653 0.0
that 0.000663129973474801 0.40816326530612246 0.00027066529529583716
or 0.0 0.09183673469387756 0.0
pa 0.0 0.00510204081632653 0.0
to 0.001326259946949602 0.7806122448979592 0.0010352947545065772
sk 0.0 0.00510204081632653 0.0
