live 0.0 0.05612244897959184 0.0
life 0.0 0.20408163265306123 0.0
he 0.0 0.34183673469387754 0.0
country 0.0 0.015306122448979591 0.0
the 0.0004180602006688963 0.9540816326530612 0.000398863558801447
become 0.0 0.05612244897959184 0.0
know 0.0 0.07142857142857142 0.0
a 0.0020903010033444815 0.8826530612244898 0.0018450105794826292
love 0.0 0.09183673469387756 0.0
boy 0.0 0.030612244897959183 0.0
in 0.0008361204013377926 0.7346938775510204 0.0006142925397583783
try 0.0 0.01020408163265306 0.0
no 0.0 0.07142857142857142 0.0
see 0.0 0.04081632653061224 0.0
as 0.0004180602006688963 0.3469387755102041 0.00014504129410961708
travel 0.0 0.015306122448979591 0.0
house 0.0 0.061224489795918366 0.0
join 0.0 0.02040816326530612 0.0
help 0.0 0.10204081632653061 0.0
police 0.0 0.08163265306122448 0.0
al 0.0 0.00510204081632653 0.0
want 0.0 0.01020408163265306 0.0
although 0.0 0.02040816326530612 0.0
around 0.0 0.08673469387755102 0.0
world 0.0 0.19387755102040816 0.0
while 0.0 0.12244897959183673 0.0
thou 0.0 0.01020408163265306 0.0
come 0.0 0.025510204081632654 0.0
young 0.0 0.15816326530612246 0.0
accompany 0.0 0.0 0.0
on 0.0 0.3520408163265306 0.0
i 0.0 0.00510204081632653 0.0
win 0.0 0.015306122448979591 0.0
run 0.0 0.015306122448979591 0.0
show 0.0 0.030612244897959183 0.0
attraction 0.0 0.015306122448979591 0.0
living 0.0 0.05612244897959184 0.0
way 0.0 0.03571428571428571 0.0
for 0.0 0.3877551020408163 0.0
and 0.0004180602006688963 0.8571428571428571 0.00035833731485905394
action 0.0 0.01020408163265306 0.0
be 0.0 0.1377551020408163 0.0
act 0.0 0.00510204081632653 0.0
use 0.0 0.02040816326530612 0.0
will 0.0 0.1989795918367347 0.0
it 0.0 0.2193877551020408 0.0
with 0.0 0.4387755102040816 0.0
away 0.0 0.04081632653061224 0.0
not 0.0 0.14795918367346939 0.0
out 0.0 0.18877551020408162 0.0
we 0.0 0.01020408163265306 0.0
suspect 0.0 0.00510204081632653 0.0
sell 0.0 0.0 0.0
main 0.0 0.02040816326530612 0.0
from 0.0 0.3520408163265306 0.0
o 0.0 0.00510204081632653 0.0
I 0.0 0.0 0.0
if 0.0 0.03571428571428571 0.0
j 0.0 0.00510204081632653 0.0
rob 0.0 0.00510204081632653 0.0
by 0.0 0.33163265306122447 0.0
cat 0.0 0.01020408163265306 0.0
now 0.0 0.07653061224489796 0.0
at 0.0008361204013377926 0.23469387755102042 0.00019623233908948196
en 0.0004180602006688963 0.00510204081632653 2.1329602074943686e-06
eat 0.0004180602006688963 0.00510204081632653 2.1329602074943686e-06
bell 0.0 0.00510204081632653 0.0
or 0.0 0.09183673469387756 0.0
pa 0.0 0.00510204081632653 0.0
to 0.0004180602006688963 0.7806122448979592 0.00032634291174663845
though 0.0 0.00510204081632653 0.0
pinocchio 0.0 0.00510204081632653 0.0
genius 0.0 0.00510204081632653 0.0
creator 0.0 0.00510204081632653 0.0
jepetto 0.0 0.00510204081632653 0.0
horse 0.0 0.00510204081632653 0.0
tibalt 0.0 0.00510204081632653 0.0
circus 0.0 0.00510204081632653 0.0
hustler 0.0 0.00510204081632653 0.0
modjafocco 0.0 0.00510204081632653 0.0
selling 0.0 0.01020408163265306 0.0
fox 0.0 0.00510204081632653 0.0
spectator 0.0 0.0 0.0
robbery 0.0 0.0 0.0
bella 0.0 0.00510204081632653 0.0
lucilda 0.0 0.00510204081632653 0.0
how 0.0 0.09183673469387756 0.0
