live 0.0 0.05612244897959184 0.0
life 0.0006898930665746809 0.20408163265306123 0.00014079450338258794
he 0.0006898930665746809 0.34183673469387754 0.0002358307931658348
the 0.0010348395998620215 0.9540816326530612 0.000987321454970398
go 0.0 0.09183673469387756 0.0
thing 0.0 0.00510204081632653 0.0
a 0.002069679199724043 0.8826530612244898 0.0018268086813890787
they 0.0 0.28061224489795916 0.0
ago 0.0 0.025510204081632654 0.0
in 0.0 0.7346938775510204 0.0
one 0.0 0.18877551020408162 0.0
except 0.0 0.03571428571428571 0.0
as 0.0006898930665746809 0.3469387755102041 0.0002393506557503995
when 0.0 0.27040816326530615 0.0
al 0.0 0.00510204081632653 0.0
dr 0.0 0.00510204081632653 0.0
also 0.0 0.09183673469387756 0.0
under 0.0 0.0663265306122449 0.0
family 0.0 0.22448979591836735 0.0
drug 0.0 0.04081632653061224 0.0
second 0.0 0.02040816326530612 0.0
teenage 0.0 0.025510204081632654 0.0
ordinary 0.0 0.03571428571428571 0.0
lake 0.0 0.015306122448979591 0.0
large 0.0 0.015306122448979591 0.0
on 0.00017247326664367022 0.3520408163265306 6.071762958374105e-05
lot 0.0 0.00510204081632653 0.0
art 0.0 0.00510204081632653 0.0
rape 0.0 0.00510204081632653 0.0
i 0.0 0.00510204081632653 0.0
for 0.00017247326664367022 0.3877551020408163 6.687738910672926e-05
and 0.0013797861331493618 0.8571428571428571 0.0011826738284137386
be 0.0005174197999310107 0.1377551020408163 7.127721733743515e-05
all 0.0 0.17346938775510204 0.0
locate 0.0 0.00510204081632653 0.0
age 0.0 0.025510204081632654 0.0
ss 0.0 0.00510204081632653 0.0
de 0.0 0.025510204081632654 0.0
nc 0.0 0.00510204081632653 0.0
money 0.0 0.030612244897959183 0.0
it 0.00017247326664367022 0.2193877551020408 3.783852278407051e-05
pt 0.0 0.00510204081632653 0.0
kid 0.0 0.00510204081632653 0.0
job 0.0 0.04591836734693878 0.0
with 0.0006898930665746809 0.4387755102040816 0.00030270818227256407
intent 0.0 0.00510204081632653 0.0
ex 0.00017247326664367022 0.00510204081632653 8.799656461411745e-07
must 0.00017247326664367022 0.07653061224489796 1.319948469211762e-05
heir 0.0 0.00510204081632653 0.0
ia 0.0 0.00510204081632653 0.0
we 0.0 0.01020408163265306 0.0
largest 0.0 0.01020408163265306 0.0
from 0.0 0.3520408163265306 0.0
o 0.0 0.00510204081632653 0.0
I 0.0 0.0 0.0
byrde 0.0 0.0 0.0
charlotte 0.0 0.02040816326530612 0.0
jonah 0.0 0.01020408163265306 0.0
purpose 0.0 0.01020408163265306 0.0
marty 0.0 0.00510204081632653 0.0
chicago 0.0 0.00510204081632653 0.0
financial 0.0 0.01020408163265306 0.0
advisor 0.0 0.00510204081632653 0.0
serve 0.0 0.00510204081632653 0.0
top 0.0 0.00510204081632653 0.0
launderer 0.0 0.00510204081632653 0.0
cartel 0.0 0.00510204081632653 0.0
mexico 0.0 0.015306122448979591 0.0
awry 0.0 0.01020408163265306 0.0
uproot 0.0 0.00510204081632653 0.0
skyscraper 0.0 0.0 0.0
relocate 0.0 0.00510204081632653 0.0
lazy 0.0 0.00510204081632653 0.0
region 0.0 0.01020408163265306 0.0
missouri 0.0 0.00510204081632653 0.0
ozark 0.0 0.0 0.0
j 0.0 0.00510204081632653 0.0
cate 0.0 0.00510204081632653 0.0
by 0.00017247326664367022 0.33163265306122447 5.7197766999176345e-05
cat 0.0 0.01020408163265306 0.0
at 0.0 0.23469387755102042 0.0
so 0.0 0.030612244897959183 0.0
car 0.0 0.00510204081632653 0.0
en 0.0 0.00510204081632653 0.0
or 0.0 0.09183673469387756 0.0
to 0.0013797861331493618 0.7806122448979592 0.0010770779508767977
tent 0.0 0.00510204081632653 0.0
sk 0.0 0.00510204081632653 0.0
mus 0.0 0.00510204081632653 0.0
who 0.00034494653328734045 0.39285714285714285 0.00013551470950574088
