he 0.0 0.34183673469387754 0.0
the 0.0035285815102328866 0.9540816326530612 0.0033665548082323967
relationship 0.0 0.05612244897959184 0.0
take 0.0 0.09183673469387756 0.0
a 0.001058574453069866 0.8826530612244898 0.0009343539815361572
human 0.00035285815102328866 0.05612244897959184 1.980326357783763e-05
in 0.00035285815102328866 0.7346938775510204 0.0002592427232007835
modern 0.00035285815102328866 0.015306122448979591 5.400890066682989e-06
man 0.0 0.12755102040816327 0.0
journey 0.0 0.08163265306122448 0.0
ship 0.0 0.02040816326530612 0.0
deep 0.0 0.015306122448979591 0.0
on 0.0 0.3520408163265306 0.0
i 0.0 0.00510204081632653 0.0
de 0.0 0.025510204081632654 0.0
relation 0.0 0.0 0.0
ip 0.0 0.0 0.0
o 0.0 0.00510204081632653 0.0
root 0.0 0.0 0.0
intricacy 0.0 0.0 0.0
j 0.0 0.00510204081632653 0.0
at 0.0 0.23469387755102042 0.0
to 0.001058574453069866 0.7806122448979592 0.0008263361802024975
