live 0.0 0.05612244897959184 0.0
life 0.0 0.20408163265306123 0.0
he 0.0 0.34183673469387754 0.0
the 0.0016483516483516484 0.9540816326530612 0.0015726620318457054
go 0.0 0.09183673469387756 0.0
side 0.0 0.015306122448979591 0.0
a 0.001098901098901099 0.8826530612244898 0.0009699484189280108
story 0.0 0.12755102040816327 0.0
they 0.0005494505494505495 0.28061224489795916 0.0001541825521417358
end 0.0 0.04591836734693878 0.0
night 0.0 0.025510204081632654 0.0
in 0.001098901098901099 0.7346938775510204 0.0008073559093967257
no 0.0 0.07142857142857142 0.0
one 0.0005494505494505495 0.18877551020408162 0.00010372280780444045
turn 0.0 0.025510204081632654 0.0
as 0.0 0.3469387755102041 0.0
base 0.0 0.0 0.0
when 0.0005494505494505495 0.27040816326530615 0.00014857591388203634
arrive 0.0 0.02040816326530612 0.0
al 0.0 0.00510204081632653 0.0
best 0.0 0.03571428571428571 0.0
wood 0.0 0.0 0.0
friend 0.0 0.0663265306122449 0.0
young 0.0 0.15816326530612246 0.0
on 0.0005494505494505495 0.3520408163265306 0.0001934290199596322
land 0.0 0.030612244897959183 0.0
i 0.0 0.00510204081632653 0.0
england 0.0 0.015306122448979591 0.0
and 0.001098901098901099 0.8571428571428571 0.0009419152276295133
be 0.0 0.1377551020408163 0.0
five 0.0 0.030612244897959183 0.0
bet 0.0 0.00510204081632653 0.0
sister 0.0 0.015306122448979591 0.0
lone 0.0 0.00510204081632653 0.0
de 0.0 0.025510204081632654 0.0
will 0.0 0.1989795918367347 0.0
wealthy 0.0005494505494505495 0.025510204081632654 1.4016595649248711e-05
alone 0.0 0.015306122448979591 0.0
it 0.0 0.2193877551020408 0.0
upside 0.0 0.015306122448979591 0.0
matt 0.0 0.00510204081632653 0.0
out 0.0 0.18877551020408162 0.0
heir 0.0 0.00510204081632653 0.0
ia 0.0 0.00510204081632653 0.0
we 0.0 0.01020408163265306 0.0
sam 0.0 0.00510204081632653 0.0
o 0.0 0.00510204081632653 0.0
I 0.0 0.0 0.0
j 0.0 0.00510204081632653 0.0
care 0.0 0.01020408163265306 0.0
jane 0.0 0.00510204081632653 0.0
austen 0.0 0.00510204081632653 0.0
novel 0.0 0.00510204081632653 0.0
rosamund 0.0 0.00510204081632653 0.0
pike 0.0 0.00510204081632653 0.0
elizabeth 0.0 0.00510204081632653 0.0
keira 0.0 0.00510204081632653 0.0
knightley 0.0 0.00510204081632653 0.0
mary 0.0 0.00510204081632653 0.0
talulah 0.0 0.00510204081632653 0.0
riley 0.0 0.00510204081632653 0.0
kitty 0.0 0.00510204081632653 0.0
carey 0.0 0.01020408163265306 0.0
mulligan 0.0 0.00510204081632653 0.0
lydia 0.0 0.00510204081632653 0.0
bennet 0.0 0.00510204081632653 0.0
jena 0.0 0.00510204081632653 0.0
malone 0.0 0.01020408163265306 0.0
georgian 0.0 0.00510204081632653 0.0
bingley 0.0 0.00510204081632653 0.0
simon 0.0 0.00510204081632653 0.0
darcy 0.0 0.00510204081632653 0.0
matthew 0.0 0.00510204081632653 0.0
macfadyen 0.0 0.00510204081632653 0.0
neighborhood 0.0 0.00510204081632653 0.0
gomez 0.0 0.00510204081632653 0.0
at 0.0 0.23469387755102042 0.0
car 0.0 0.00510204081632653 0.0
georgium 0.0 0.0 0.0
en 0.0 0.00510204081632653 0.0
georgia 0.0 0.01020408163265306 0.0
neighbor 0.0 0.00510204081632653 0.0
or 0.0 0.09183673469387756 0.0
to 0.0005494505494505495 0.7806122448979592 0.00042890782686701054
