live 0.0 0.05612244897959184 0.0
he 0.0019723865877712033 0.34183673469387754 0.0006742341907177073
get 0.0 0.0663265306122449 0.0
the 0.0009861932938856016 0.9540816326530612 0.0009409089079418751
become 0.0 0.05612244897959184 0.0
know 0.0 0.07142857142857142 0.0
find 0.0 0.08163265306122448 0.0
take 0.0 0.09183673469387756 0.0
thing 0.0 0.00510204081632653 0.0
lead 0.0 0.02040816326530612 0.0
a 0.002958579881656805 0.8826530612244898 0.002611399589421568
in 0.0 0.7346938775510204 0.0
try 0.0 0.01020408163265306 0.0
no 0.0 0.07142857142857142 0.0
one 0.0 0.18877551020408162 0.0
this 0.0 0.17346938775510204 0.0
people 0.0 0.11734693877551021 0.0
when 0.0 0.27040816326530615 0.0
help 0.0 0.10204081632653061 0.0
al 0.0 0.00510204081632653 0.0
she 0.0 0.19387755102040816 0.0
after 0.0 0.1989795918367347 0.0
group 0.0 0.05102040816326531 0.0
leader 0.0 0.01020408163265306 0.0
place 0.0 0.05612244897959184 0.0
family 0.0009861932938856016 0.22448979591836735 0.00022139033128044117
come 0.0 0.025510204081632654 0.0
set 0.0 0.05102040816326531 0.0
put 0.0 0.03571428571428571 0.0
on 0.0009861932938856016 0.3520408163265306 0.0003471802922352373
what 0.0 0.1377551020408163 0.0
i 0.0 0.00510204081632653 0.0
win 0.0 0.015306122448979591 0.0
show 0.0 0.030612244897959183 0.0
and 0.0009861932938856016 0.8571428571428571 0.0008453085376162299
be 0.0 0.1377551020408163 0.0
all 0.0 0.17346938775510204 0.0
shoot 0.0 0.00510204081632653 0.0
shot 0.0 0.01020408163265306 0.0
charge 0.0 0.01020408163265306 0.0
de 0.0 0.025510204081632654 0.0
will 0.0 0.1989795918367347 0.0
don 0.0 0.015306122448979591 0.0
fall 0.0 0.01020408163265306 0.0
sheriff 0.0 0.01020408163265306 0.0
deputy 0.0 0.00510204081632653 0.0
rick 0.0 0.00510204081632653 0.0
grimes 0.0 0.00510204081632653 0.0
coma 0.0 0.01020408163265306 0.0
awake 0.0 0.0 0.0
zombie 0.0 0.00510204081632653 0.0
apocalypse 0.0 0.00510204081632653 0.0
not 0.0 0.14795918367346939 0.0
do 0.0 0.10204081632653061 0.0
connected 0.0 0.00510204081632653 0.0
survive 0.0 0.02040816326530612 0.0
food 0.0 0.015306122448979591 0.0
survival 0.0 0.015306122448979591 0.0
risk 0.0 0.0 0.0
out 0.0 0.18877551020408162 0.0
o 0.0 0.00510204081632653 0.0
hot 0.0 0.00510204081632653 0.0
I 0.0 0.0 0.0
if 0.0 0.03571428571428571 0.0
val 0.0 0.00510204081632653 0.0
j 0.0 0.00510204081632653 0.0
now 0.0 0.07653061224489796 0.0
at 0.0 0.23469387755102042 0.0
en 0.0 0.00510204081632653 0.0
that 0.0 0.40816326530612246 0.0
to 0.0009861932938856016 0.7806122448979592 0.0007698345610433523
sk 0.0 0.00510204081632653 0.0
how 0.0 0.09183673469387756 0.0
