live 0.00030525030525030525 0.05612244897959184 1.713139468241509e-05
life 0.0 0.20408163265306123 0.0
he 0.0 0.34183673469387754 0.0
red 0.0 0.01020408163265306 0.0
the 0.0021367521367521365 0.9540816326530612 0.002038635967207396
often 0.0 0.015306122448979591 0.0
a 0.0015262515262515263 0.8826530612244898 0.0013471505818444594
highlight 0.0 0.00510204081632653 0.0
light 0.0 0.02040816326530612 0.0
in 0.0006105006105006105 0.7346938775510204 0.00044853106077595876
no 0.0 0.07142857142857142 0.0
time 0.0 0.14795918367346939 0.0
as 0.0 0.3469387755102041 0.0
people 0.0 0.11734693877551021 0.0
al 0.0 0.00510204081632653 0.0
dr 0.0 0.00510204081632653 0.0
film 0.0 0.061224489795918366 0.0
new 0.00030525030525030525 0.1377551020408163 4.204978694774613e-05
process 0.0 0.015306122448979591 0.0
leg 0.0 0.00510204081632653 0.0
drama 0.0 0.05102040816326531 0.0
plot 0.0 0.025510204081632654 0.0
son 0.0 0.08163265306122448 0.0
late 0.0 0.02040816326530612 0.0
case 0.0 0.030612244897959183 0.0
while 0.0 0.12244897959183673 0.0
can 0.0 0.08673469387755102 0.0
on 0.0 0.3520408163265306 0.0
lot 0.0 0.00510204081632653 0.0
meet 0.0 0.030612244897959183 0.0
i 0.0 0.00510204081632653 0.0
show 0.0 0.030612244897959183 0.0
personal 0.0 0.03571428571428571 0.0
latest 0.0 0.02040816326530612 0.0
person 0.0 0.030612244897959183 0.0
ss 0.0 0.00510204081632653 0.0
de 0.0 0.025510204081632654 0.0
nc 0.0 0.00510204081632653 0.0
ex 0.0 0.00510204081632653 0.0
line 0.0 0.01020408163265306 0.0
test 0.0 0.00510204081632653 0.0
o 0.0 0.00510204081632653 0.0
I 0.0 0.0 0.0
inspire 0.0 0.0 0.0
head 0.0 0.015306122448979591 0.0
tim 0.0 0.00510204081632653 0.0
high 0.0 0.015306122448979591 0.0
emma 0.0 0.00510204081632653 0.0
location 0.0 0.00510204081632653 0.0
york 0.0 0.015306122448979591 0.0
showcase 0.0 0.0 0.0
determine 0.0 0.00510204081632653 0.0
guilt 0.0 0.01020408163265306 0.0
innocence 0.0 0.00510204081632653 0.0
hang 0.0 0.00510204081632653 0.0
balance 0.0 0.00510204081632653 0.0
headline 0.0 0.0 0.0
legal 0.0 0.00510204081632653 0.0
ethical 0.0 0.00510204081632653 0.0
dilemma 0.0 0.0 0.0
relate 0.0 0.00510204081632653 0.0
ram 0.0 0.00510204081632653 0.0
by 0.001221001221001221 0.33163265306122447 0.0004049238743116294
cat 0.0 0.01020408163265306 0.0
at 0.0 0.23469387755102042 0.0
so 0.0 0.030612244897959183 0.0
en 0.0 0.00510204081632653 0.0
or 0.0 0.09183673469387756 0.0
sometimes 0.0 0.01020408163265306 0.0
to 0.0 0.7806122448979592 0.0
how 0.0 0.09183673469387756 0.0
