labor 0.0 0.01020408163265306 0.0
king 0.0 0.030612244897959183 0.0
but 0.0002113271344040575 0.3112244897959184 6.577017958493627e-05
child 0.0 0.04081632653061224 0.0
he 0.0 0.34183673469387754 0.0
the 0.002958579881656805 0.9540816326530612 0.002822726723825625
side 0.0 0.015306122448979591 0.0
call 0.0 0.01020408163265306 0.0
sin 0.0 0.01020408163265306 0.0
lead 0.0 0.02040816326530612 0.0
a 0.00084530853761623 0.8826530612244898 0.0007461141684061623
in 0.0006339814032121725 0.7346938775510204 0.000465782255421188
moscow 0.0 0.05102040816326531 0.0
try 0.0 0.01020408163265306 0.0
man 0.0 0.12755102040816327 0.0
as 0.0 0.3469387755102041 0.0
escape 0.0 0.04591836734693878 0.0
al 0.0 0.00510204081632653 0.0
miss 0.0 0.0 0.0
kill 0.0 0.030612244897959183 0.0
she 0.00084530853761623 0.19387755102040816 0.00016388634912967723
claim 0.0 0.00510204081632653 0.0
wake 0.0 0.00510204081632653 0.0
inside 0.0 0.02040816326530612 0.0
laboratory 0.0 0.01020408163265306 0.0
airship 0.0 0.00510204081632653 0.0
recall 0.0 0.0 0.0
bully 0.0 0.0 0.0
childhood 0.0 0.030612244897959183 0.0
scientist 0.0 0.01020408163265306 0.0
estelle 0.0 0.00510204081632653 0.0
greet 0.0 0.0 0.0
tell 0.0 0.015306122448979591 0.0
name 0.0 0.025510204081632654 0.0
henry 0.0 0.01020408163265306 0.0
wife 0.0 0.05612244897959184 0.0
revive 0.0 0.0 0.0
accident 0.0 0.025510204081632654 0.0
leave 0.0 0.02040816326530612 0.0
amnesiac 0.0002113271344040575 0.01020408163265306 2.156399330653648e-06
mute 0.0 0.00510204081632653 0.0
after 0.0002113271344040575 0.1989795918367347 4.2049786947746134e-05
replace 0.0 0.00510204081632653 0.0
missing 0.0 0.02040816326530612 0.0
arm 0.0 0.00510204081632653 0.0
leg 0.0 0.00510204081632653 0.0
cybernetic 0.0 0.00510204081632653 0.0
prosthesis 0.0 0.0 0.0
mercenary 0.0 0.015306122448979591 0.0
psychokinetic 0.0 0.00510204081632653 0.0
akan 0.0 0.00510204081632653 0.0
raid 0.0 0.00510204081632653 0.0
ship 0.0 0.02040816326530612 0.0
research 0.0 0.015306122448979591 0.0
corporate 0.0 0.00510204081632653 0.0
property 0.0 0.01020408163265306 0.0
attempt 0.0 0.00510204081632653 0.0
murder 0.0 0.030612244897959183 0.0
flee 0.0 0.015306122448979591 0.0
pod 0.0 0.00510204081632653 0.0
landing 0.0 0.00510204081632653 0.0
abduct 0.0 0.00510204081632653 0.0
place 0.0 0.05612244897959184 0.0
proper 0.0 0.00510204081632653 0.0
on 0.0002113271344040575 0.3520408163265306 7.439577690755085e-05
land 0.0 0.030612244897959183 0.0
i 0.0 0.00510204081632653 0.0
sea 0.0 0.015306122448979591 0.0
for 0.000422654268808115 0.3877551020408163 0.00016388634912967723
and 0.0014792899408284025 0.8571428571428571 0.001267962806424345
be 0.0002113271344040575 0.1377551020408163 2.9111390963824245e-05
ace 0.0 0.0 0.0
all 0.0002113271344040575 0.17346938775510204 3.665878862111202e-05
air 0.0 0.01020408163265306 0.0
ss 0.0 0.00510204081632653 0.0
lie 0.0002113271344040575 0.00510204081632653 1.078199665326824e-06
de 0.0 0.025510204081632654 0.0
search 0.0 0.030612244897959183 0.0
it 0.0 0.2193877551020408 0.0
pt 0.0 0.00510204081632653 0.0
with 0.0006339814032121725 0.4387755102040816 0.00027817551365432055
lee 0.0 0.00510204081632653 0.0
ia 0.0 0.00510204081632653 0.0
aka 0.0 0.00510204081632653 0.0
from 0.0 0.3520408163265306 0.0
o 0.0 0.00510204081632653 0.0
these 0.0 0.05102040816326531 0.0
I 0.0 0.0 0.0
left 0.0 0.04081632653061224 0.0
if 0.0 0.03571428571428571 0.0
fore 0.0 0.00510204081632653 0.0
by 0.0002113271344040575 0.33163265306122447 7.008297824624356e-05
at 0.0 0.23469387755102042 0.0
rai 0.0 0.00510204081632653 0.0
en 0.0 0.00510204081632653 0.0
that 0.0002113271344040575 0.40816326530612246 8.625597322614592e-05
or 0.0 0.09183673469387756 0.0
to 0.0006339814032121725 0.7806122448979592 0.0004948936463850122
bull 0.0 0.00510204081632653 0.0
who 0.0 0.39285714285714285 0.0
