but 0.0007849293563579277 0.3112244897959184 0.00024428923845833464
he 0.0 0.34183673469387754 0.0
the 0.002354788069073783 0.9540816326530612 0.0022466600454938645
go 0.0 0.09183673469387756 0.0
side 0.0 0.015306122448979591 0.0
a 0.003139717425431711 0.8826530612244898 0.0027712811969371736
they 0.0 0.28061224489795916 0.0
force 0.0 0.025510204081632654 0.0
in 0.0007849293563579277 0.7346938775510204 0.0005766827924262326
learn 0.0 0.02040816326530612 0.0
as 0.0 0.3469387755102041 0.0
base 0.0 0.0 0.0
al 0.0 0.00510204081632653 0.0
property 0.0 0.01020408163265306 0.0
pie 0.0 0.00510204081632653 0.0
large 0.0 0.015306122448979591 0.0
proper 0.0 0.00510204081632653 0.0
on 0.0015698587127158554 0.3520408163265306 0.0005526543427418063
full 0.0 0.025510204081632654 0.0
land 0.0 0.030612244897959183 0.0
i 0.0 0.00510204081632653 0.0
fully 0.0 0.00510204081632653 0.0
for 0.0 0.3877551020408163 0.0
and 0.0 0.8571428571428571 0.0
be 0.0015698587127158554 0.1377551020408163 0.00021625604715983722
forcefully 0.0 0.015306122448979591 0.0
de 0.0 0.025510204081632654 0.0
mafia 0.0 0.02040816326530612 0.0
it 0.0 0.2193877551020408 0.0
tycoon 0.0 0.01020408163265306 0.0
state 0.0 0.015306122448979591 0.0
heir 0.0 0.00510204081632653 0.0
ia 0.0 0.00510204081632653 0.0
buy 0.0 0.0 0.0
from 0.0 0.3520408163265306 0.0
resident 0.0 0.0 0.0
o 0.0 0.00510204081632653 0.0
hit 0.0 0.015306122448979591 0.0
val 0.0 0.00510204081632653 0.0
purpose 0.0 0.01020408163265306 0.0
real 0.0 0.030612244897959183 0.0
arrival 0.0 0.01020408163265306 0.0
by 0.0 0.33163265306122447 0.0
at 0.0 0.23469387755102042 0.0
tie 0.0 0.0 0.0
estate 0.0 0.01020408163265306 0.0
en 0.0 0.00510204081632653 0.0
that 0.0 0.40816326530612246 0.0
or 0.0 0.09183673469387756 0.0
pa 0.0 0.00510204081632653 0.0
gopan 0.0 0.00510204081632653 0.0
piece 0.0 0.00510204081632653 0.0
chittur 0.0 0.00510204081632653 0.0
construction 0.0 0.00510204081632653 0.0
evict 0.0 0.0 0.0
