he 0.0 0.34183673469387754 0.0
the 0.005305039787798408 0.9540816326530612 0.005061441022032155
side 0.0 0.015306122448979591 0.0
decide 0.001326259946949602 0.03571428571428571 4.73664266767715e-05
relationship 0.0 0.05612244897959184 0.0
find 0.0 0.08163265306122448 0.0
sin 0.0 0.01020408163265306 0.0
war 0.0 0.05612244897959184 0.0
a 0.001326259946949602 0.8826530612244898 0.0011706274021544957
love 0.0 0.09183673469387756 0.0
couple 0.0 0.03571428571428571 0.0
they 0.001326259946949602 0.28061224489795916 0.00037216478103177606
end 0.0 0.04591836734693878 0.0
ever 0.0 0.05102040816326531 0.0
day 0.0 0.09183673469387756 0.0
in 0.001326259946949602 0.7346938775510204 0.0009743950630650138
no 0.0 0.07142857142857142 0.0
one 0.0 0.18877551020408162 0.0
turn 0.0 0.025510204081632654 0.0
as 0.0 0.3469387755102041 0.0
journey 0.0 0.08163265306122448 0.0
al 0.0 0.00510204081632653 0.0
she 0.0 0.19387755102040816 0.0
raid 0.0 0.00510204081632653 0.0
ship 0.0 0.02040816326530612 0.0
feel 0.0 0.00510204081632653 0.0
single 0.0 0.030612244897959183 0.0
world 0.0 0.19387755102040816 0.0
young 0.0 0.15816326530612246 0.0
never 0.0 0.03571428571428571 0.0
on 0.001326259946949602 0.3520408163265306 0.0004668976343853191
web 0.0 0.00510204081632653 0.0
full 0.0 0.025510204081632654 0.0
i 0.0 0.00510204081632653 0.0
show 0.0 0.030612244897959183 0.0
series 0.0 0.07142857142857142 0.0
depict 0.0 0.0 0.0
sexual 0.0 0.01020408163265306 0.0
attraction 0.0 0.015306122448979591 0.0
whole 0.0 0.03571428571428571 0.0
webcam 0.0 0.00510204081632653 0.0
outsider 0.0 0.01020408163265306 0.0
afraid 0.0 0.00510204081632653 0.0
feeling 0.0 0.00510204081632653 0.0
addict 0.0 0.00510204081632653 0.0
porn 0.0 0.00510204081632653 0.0
suffer 0.0 0.0 0.0
social 0.0 0.04081632653061224 0.0
phobia 0.0 0.00510204081632653 0.0
prone 0.0 0.00510204081632653 0.0
spending 0.0 0.00510204081632653 0.0
home 0.0 0.07653061224489796 0.0
anxious 0.0 0.00510204081632653 0.0
fully 0.0 0.00510204081632653 0.0
aware 0.0 0.01020408163265306 0.0
body 0.0 0.02040816326530612 0.0
experience 0.0 0.02040816326530612 0.0
orgasm 0.0 0.00510204081632653 0.0
for 0.0 0.3877551020408163 0.0
and 0.001326259946949602 0.8571428571428571 0.001136794240242516
sex 0.0 0.03571428571428571 0.0
action 0.0 0.01020408163265306 0.0
be 0.0 0.1377551020408163 0.0
act 0.0 0.00510204081632653 0.0
de 0.0 0.025510204081632654 0.0
will 0.0 0.1989795918367347 0.0
nc 0.0 0.00510204081632653 0.0
spend 0.0 0.00510204081632653 0.0
add 0.0 0.00510204081632653 0.0
rough 0.0 0.00510204081632653 0.0
not 0.0 0.14795918367346939 0.0
ex 0.0 0.00510204081632653 0.0
relation 0.0 0.0 0.0
out 0.0 0.18877551020408162 0.0
heir 0.0 0.00510204081632653 0.0
ia 0.0 0.00510204081632653 0.0
we 0.0 0.01020408163265306 0.0
from 0.0 0.3520408163265306 0.0
o 0.0 0.00510204081632653 0.0
I 0.0 0.0 0.0
j 0.0 0.00510204081632653 0.0
at 0.0 0.23469387755102042 0.0
so 0.0 0.030612244897959183 0.0
outside 0.0 0.02040816326530612 0.0
rai 0.0 0.00510204081632653 0.0
through 0.0 0.08163265306122448 0.0
epic 0.0 0.01020408163265306 0.0
pen 0.0 0.00510204081632653 0.0
en 0.0 0.00510204081632653 0.0
gas 0.0 0.00510204081632653 0.0
or 0.0 0.09183673469387756 0.0
to 0.001326259946949602 0.7806122448979592 0.0010352947545065772
how 0.0 0.09183673469387756 0.0
who 0.0 0.39285714285714285 0.0
