live 0.0 0.05612244897959184 0.0
life 0.0 0.20408163265306123 0.0
he 0.0 0.34183673469387754 0.0
the 0.001998001998001998 0.9540816326530612 0.0019062570082978246
save 0.0 0.030612244897959183 0.0
know 0.000999000999000999 0.07142857142857142 7.135721421435707e-05
a 0.001998001998001998 0.8826530612244898 0.0017635425798691105
husband 0.0 0.03571428571428571 0.0
they 0.0 0.28061224489795916 0.0
end 0.0 0.04591836734693878 0.0
in 0.0 0.7346938775510204 0.0
no 0.0 0.07142857142857142 0.0
learn 0.0 0.02040816326530612 0.0
as 0.0 0.3469387755102041 0.0
view 0.0 0.0 0.0
when 0.0 0.27040816326530615 0.0
al 0.0 0.00510204081632653 0.0
dr 0.0 0.00510204081632653 0.0
want 0.0 0.01020408163265306 0.0
she 0.0 0.19387755102040816 0.0
process 0.0 0.015306122448979591 0.0
around 0.0 0.08673469387755102 0.0
realize 0.0 0.01020408163265306 0.0
mountain 0.0 0.01020408163265306 0.0
part 0.0 0.04081632653061224 0.0
on 0.0 0.3520408163265306 0.0
row 0.0 0.00510204081632653 0.0
confront 0.0 0.015306122448979591 0.0
art 0.0 0.00510204081632653 0.0
what 0.0004995004995004995 0.1377551020408163 6.880874227813003e-05
old 0.0 0.05612244897959184 0.0
hold 0.0 0.01020408163265306 0.0
i 0.0 0.00510204081632653 0.0
mighty 0.0 0.01020408163265306 0.0
dev 0.0 0.00510204081632653 0.0
back 0.0 0.08673469387755102 0.0
spirit 0.0 0.01020408163265306 0.0
whole 0.0 0.03571428571428571 0.0
fan 0.0 0.00510204081632653 0.0
band 0.0 0.02040816326530612 0.0
living 0.0 0.05612244897959184 0.0
for 0.0 0.3877551020408163 0.0
and 0.000999000999000999 0.8571428571428571 0.0008562865705722848
little 0.0 0.04591836734693878 0.0
grow 0.0 0.0 0.0
be 0.000999000999000999 0.1377551020408163 0.00013761748455626006
anti 0.0 0.00510204081632653 0.0
all 0.0 0.17346938775510204 0.0
front 0.0 0.00510204081632653 0.0
ss 0.0 0.00510204081632653 0.0
de 0.0 0.025510204081632654 0.0
free 0.0 0.025510204081632654 0.0
nc 0.0 0.00510204081632653 0.0
might 0.0 0.00510204081632653 0.0
explore 0.0 0.015306122448979591 0.0
it 0.0004995004995004995 0.2193877551020408 0.00010958429325776264
kid 0.0 0.00510204081632653 0.0
ex 0.0 0.00510204081632653 0.0
future 0.0 0.030612244897959183 0.0
then 0.0 0.05612244897959184 0.0
hal 0.0 0.00510204081632653 0.0
we 0.0 0.01020408163265306 0.0
lala 0.0 0.00510204081632653 0.0
o 0.0 0.00510204081632653 0.0
hot 0.0 0.00510204081632653 0.0
math 0.0 0.00510204081632653 0.0
if 0.0 0.03571428571428571 0.0
root 0.0 0.0 0.0
purpose 0.0 0.01020408163265306 0.0
real 0.0 0.030612244897959183 0.0
mount 0.0 0.00510204081632653 0.0
now 0.0 0.07653061224489796 0.0
at 0.0004995004995004995 0.23469387755102042 0.00011722970906644377
en 0.0 0.00510204081632653 0.0
or 0.0 0.09183673469387756 0.0
pa 0.0 0.00510204081632653 0.0
sanga 0.0 0.00510204081632653 0.0
tribe 0.0 0.00510204081632653 0.0
province 0.0 0.01020408163265306 0.0
mahismathus 0.0 0.0 0.0
drown 0.0 0.0 0.0
infant 0.0 0.00510204081632653 0.0
background 0.0 0.00510204081632653 0.0
shivudu 0.0 0.00510204081632653 0.0
bhallala 0.0 0.00510204081632653 0.0
deva 0.0 0.00510204081632653 0.0
to 0.0014985014985014985 0.7806122448979592 0.0011697486187282106
kg 0.0 0.00510204081632653 0.0
tv 0.0 0.00510204081632653 0.0
who 0.0004995004995004995 0.39285714285714285 0.00019623233908948193
