he 0.0 0.34183673469387754 0.0
get 0.0 0.0663265306122449 0.0
the 0.0 0.9540816326530612 0.0
go 0.0 0.09183673469387756 0.0
lead 0.0 0.02040816326530612 0.0
a 0.003663003663003663 0.8826530612244898 0.0032331613964267027
in 0.0018315018315018315 0.7346938775510204 0.0013455931823278763
man 0.0 0.12755102040816327 0.0
turn 0.0 0.025510204081632654 0.0
era 0.0 0.01020408163265306 0.0
help 0.0 0.10204081632653061 0.0
al 0.0 0.00510204081632653 0.0
make 0.0 0.061224489795918366 0.0
secret 0.0 0.061224489795918366 0.0
could 0.0 0.030612244897959183 0.0
bring 0.0 0.00510204081632653 0.0
world 0.0 0.19387755102040816 0.0
strange 0.0 0.03571428571428571 0.0
on 0.0018315018315018315 0.3520408163265306 0.0006447633998654407
pete 0.0 0.01020408163265306 0.0
peter 0.0 0.02040816326530612 0.0
i 0.0 0.00510204081632653 0.0
wrong 0.0 0.015306122448979591 0.0
for 0.0018315018315018315 0.3877551020408163 0.0007101741795619346
and 0.0018315018315018315 0.8571428571428571 0.0015698587127158554
be 0.0 0.1377551020408163 0.0
de 0.0 0.025510204081632654 0.0
will 0.0 0.1989795918367347 0.0
ale 0.0 0.00510204081632653 0.0
it 0.0 0.2193877551020408 0.0
parker 0.0 0.01020408163265306 0.0
identity 0.0 0.00510204081632653 0.0
reveal 0.0 0.00510204081632653 0.0
entire 0.0 0.01020408163265306 0.0
desperate 0.0 0.01020408163265306 0.0
doctor 0.0 0.01020408163265306 0.0
forget 0.0 0.00510204081632653 0.0
spell 0.0 0.00510204081632653 0.0
horribly 0.0 0.00510204081632653 0.0
shatter 0.0 0.0 0.0
multiverse 0.0 0.00510204081632653 0.0
monstrous 0.0 0.00510204081632653 0.0
villain 0.0 0.00510204081632653 0.0
destroy 0.0 0.01020408163265306 0.0
we 0.0 0.01020408163265306 0.0
park 0.0 0.00510204081632653 0.0
o 0.0 0.00510204081632653 0.0
at 0.0 0.23469387755102042 0.0
roy 0.0 0.00510204081632653 0.0
entity 0.0 0.01020408163265306 0.0
ring 0.0 0.00510204081632653 0.0
en 0.0 0.00510204081632653 0.0
that 0.0 0.40816326530612246 0.0
or 0.0 0.09183673469387756 0.0
pa 0.0 0.00510204081632653 0.0
to 0.0 0.7806122448979592 0.0
