child 0.0 0.04081632653061224 0.0
he 0.0 0.34183673469387754 0.0
red 0.0 0.01020408163265306 0.0
a 0.0015384615384615385 0.8826530612244898 0.001357927786499215
end 0.0 0.04591836734693878 0.0
in 0.0007692307692307692 0.7346938775510204 0.000565149136577708
quickly 0.0 0.02040816326530612 0.0
as 0.0007692307692307692 0.3469387755102041 0.0002668759811616954
without 0.0 0.04081632653061224 0.0
when 0.0 0.27040816326530615 0.0
al 0.0 0.00510204081632653 0.0
also 0.0 0.09183673469387756 0.0
she 0.0 0.19387755102040816 0.0
year 0.0 0.01020408163265306 0.0
childhood 0.0 0.030612244897959183 0.0
leave 0.0 0.02040816326530612 0.0
after 0.0 0.1989795918367347 0.0
abduct 0.0 0.00510204081632653 0.0
friend 0.0 0.0663265306122449 0.0
thou 0.0 0.01020408163265306 0.0
torture 0.0 0.01020408163265306 0.0
long 0.0 0.05612244897959184 0.0
even 0.0 0.07142857142857142 0.0
descend 0.0 0.00510204081632653 0.0
on 0.0007692307692307692 0.3520408163265306 0.0002708006279434851
begin 0.0 0.025510204081632654 0.0
what 0.0 0.1377551020408163 0.0
old 0.0 0.05612244897959184 0.0
i 0.0 0.00510204081632653 0.0
hope 0.0 0.030612244897959183 0.0
suffer 0.0 0.0 0.0
experience 0.0 0.02040816326530612 0.0
for 0.0007692307692307692 0.3877551020408163 0.0002982731554160126
blood 0.0 0.015306122448979591 0.0
and 0.0015384615384615385 0.8571428571428571 0.0013186813186813187
use 0.0 0.02040816326530612 0.0
ss 0.0 0.00510204081632653 0.0
de 0.0 0.025510204081632654 0.0
will 0.0 0.1989795918367347 0.0
nc 0.0 0.00510204081632653 0.0
it 0.0 0.2193877551020408 0.0
along 0.0 0.02040816326530612 0.0
with 0.0007692307692307692 0.4387755102040816 0.0003375196232339089
del 0.0 0.00510204081632653 0.0
fifteen 0.0 0.00510204081632653 0.0
horrifying 0.0 0.00510204081632653 0.0
abduction 0.0 0.00510204081632653 0.0
prolong 0.0 0.0 0.0
lucie 0.0 0.00510204081632653 0.0
embark 0.0 0.00510204081632653 0.0
bloody 0.0 0.00510204081632653 0.0
quest 0.0 0.01020408163265306 0.0
revenge 0.0 0.02040816326530612 0.0
oppressor 0.0 0.0 0.0
anna 0.0 0.015306122448979591 0.0
abuse 0.0 0.01020408163265306 0.0
madness 0.0 0.015306122448979591 0.0
delusion 0.0 0.0 0.0
twelve 0.0 0.00510204081632653 0.0
quick 0.0 0.00510204081632653 0.0
ex 0.0 0.00510204081632653 0.0
out 0.0 0.18877551020408162 0.0
gain 0.0 0.00510204081632653 0.0
we 0.0 0.01020408163265306 0.0
mad 0.0 0.00510204081632653 0.0
o 0.0 0.00510204081632653 0.0
hot 0.0 0.00510204081632653 0.0
wed 0.0 0.00510204081632653 0.0
left 0.0 0.04081632653061224 0.0
if 0.0 0.03571428571428571 0.0
at 0.0007692307692307692 0.23469387755102042 0.0001805337519623234
so 0.0 0.030612244897959183 0.0
ann 0.0 0.00510204081632653 0.0
en 0.0 0.00510204081632653 0.0
or 0.0 0.09183673469387756 0.0
to 0.0007692307692307692 0.7806122448979592 0.0006004709576138148
who 0.0 0.39285714285714285 0.0
