he 0.0 0.34183673469387754 0.0
the 0.000422654268808115 0.9540816326530612 0.00040324667483223215
go 0.0 0.09183673469387756 0.0
eye 0.0 0.02040816326530612 0.0
take 0.0 0.09183673469387756 0.0
a 0.00169061707523246 0.8826530612244898 0.0014922283368123245
force 0.0 0.025510204081632654 0.0
battle 0.0 0.061224489795918366 0.0
in 0.000422654268808115 0.7346938775510204 0.0003105215036141253
man 0.0 0.12755102040816327 0.0
one 0.0 0.18877551020408162 0.0
see 0.0 0.04081632653061224 0.0
french 0.0 0.03571428571428571 0.0
as 0.0 0.3469387755102041 0.0
cop 0.0 0.03571428571428571 0.0
al 0.0 0.00510204081632653 0.0
dr 0.0 0.00510204081632653 0.0
also 0.0 0.09183673469387756 0.0
year 0.0 0.01020408163265306 0.0
tell 0.0 0.015306122448979591 0.0
play 0.0 0.00510204081632653 0.0
son 0.0 0.08163265306122448 0.0
first 0.0 0.08163265306122448 0.0
major 0.0 0.04081632653061224 0.0
on 0.0 0.3520408163265306 0.0
i 0.0 0.00510204081632653 0.0
show 0.0 0.030612244897959183 0.0
for 0.0 0.3877551020408163 0.0
gibson 0.0 0.01020408163265306 0.0
and 0.00084530853761623 0.8571428571428571 0.0007245501750996257
be 0.00084530853761623 0.1377551020408163 0.00011644556385529698
lieutenant 0.0 0.01020408163265306 0.0
aircraft 0.0 0.01020408163265306 0.0
command 0.0 0.01020408163265306 0.0
earlier 0.0 0.01020408163265306 0.0
all 0.000422654268808115 0.17346938775510204 7.331757724222403e-05
south 0.0 0.01020408163265306 0.0
air 0.0 0.01020408163265306 0.0
bet 0.0 0.00510204081632653 0.0
use 0.0 0.02040816326530612 0.0
lone 0.0 0.00510204081632653 0.0
age 0.0 0.025510204081632654 0.0
ss 0.0 0.00510204081632653 0.0
lie 0.0 0.00510204081632653 0.0
de 0.0 0.025510204081632654 0.0
nc 0.0 0.00510204081632653 0.0
it 0.000422654268808115 0.2193877551020408 9.272517121810686e-05
pt 0.0 0.00510204081632653 0.0
rough 0.0 0.00510204081632653 0.0
lion 0.0 0.00510204081632653 0.0
out 0.000422654268808115 0.18877551020408162 7.978677523418496e-05
gain 0.0 0.00510204081632653 0.0
battalion 0.0 0.00510204081632653 0.0
cavalry 0.0 0.00510204081632653 0.0
regiment 0.0 0.00510204081632653 0.0
calvary 0.0 0.00510204081632653 0.0
division 0.0 0.00510204081632653 0.0
overwhelming 0.0 0.00510204081632653 0.0
odds 0.0 0.01020408163265306 0.0
ia 0.0 0.00510204081632653 0.0
drang 0.0 0.00510204081632653 0.0
valley 0.0 0.00510204081632653 0.0
vietnam 0.0 0.00510204081632653 0.0
commander 0.0 0.015306122448979591 0.0
colonel 0.0 0.00510204081632653 0.0
hal 0.0 0.00510204081632653 0.0
moore 0.0 0.00510204081632653 0.0
mel 0.0 0.00510204081632653 0.0
preparation 0.0 0.0 0.0
we 0.0 0.01020408163265306 0.0
defeat 0.0 0.0 0.0
area 0.0 0.025510204081632654 0.0
engagement 0.0 0.00510204081632653 0.0
helicopter 0.0 0.0 0.0
mobility 0.0 0.00510204081632653 0.0
provider 0.0 0.0 0.0
assault 0.0 0.00510204081632653 0.0
support 0.0 0.01020408163265306 0.0
sam 0.0 0.00510204081632653 0.0
o 0.0 0.00510204081632653 0.0
I 0.0 0.0 0.0
wed 0.0 0.00510204081632653 0.0
grant 0.0 0.00510204081632653 0.0
val 0.0 0.00510204081632653 0.0
j 0.0 0.00510204081632653 0.0
by 0.0 0.33163265306122447 0.0
at 0.0 0.23469387755102042 0.0
so 0.0 0.030612244897959183 0.0
through 0.0 0.08163265306122448 0.0
odd 0.0 0.01020408163265306 0.0
en 0.0 0.00510204081632653 0.0
eat 0.0 0.00510204081632653 0.0
or 0.0 0.09183673469387756 0.0
pa 0.0 0.00510204081632653 0.0
to 0.000422654268808115 0.7806122448979592 0.00032992909759000814
how 0.0 0.09183673469387756 0.0
defeated 0.0 0.01020408163265306 0.0
