father 0.0 0.11734693877551021 0.0
he 0.00031017369727047146 0.34183673469387754 0.00010602876386286525
the 0.0024813895781637717 0.9540816326530612 0.0023674482199827823
worth 0.0 0.01020408163265306 0.0
stop 0.0 0.03571428571428571 0.0
thing 0.0 0.00510204081632653 0.0
a 0.0018610421836228288 0.8826530612244898 0.0016426545804425988
power 0.0 0.05102040816326531 0.0
force 0.0 0.025510204081632654 0.0
in 0.0012406947890818859 0.7346938775510204 0.0009115308654479162
no 0.0 0.07142857142857142 0.0
this 0.0 0.17346938775510204 0.0
pow 0.0 0.00510204081632653 0.0
city 0.0 0.09183673469387756 0.0
law 0.0 0.01020408163265306 0.0
al 0.0 0.00510204081632653 0.0
she 0.0 0.19387755102040816 0.0
process 0.0 0.015306122448979591 0.0
leg 0.0 0.00510204081632653 0.0
akan 0.0 0.00510204081632653 0.0
son 0.0 0.08163265306122448 0.0
cross 0.0 0.015306122448979591 0.0
nothing 0.0 0.030612244897959183 0.0
lawyer 0.0 0.01020408163265306 0.0
on 0.0 0.3520408163265306 0.0
path 0.0 0.025510204081632654 0.0
i 0.0 0.00510204081632653 0.0
worthy 0.0 0.01020408163265306 0.0
for 0.0 0.3877551020408163 0.0
and 0.0006203473945409429 0.8571428571428571 0.0005317263381779511
be 0.0006203473945409429 0.1377551020408163 8.545601863574214e-05
all 0.0 0.17346938775510204 0.0
air 0.0 0.01020408163265306 0.0
less 0.0 0.00510204081632653 0.0
ss 0.0 0.00510204081632653 0.0
de 0.0 0.025510204081632654 0.0
incident 0.0 0.02040816326530612 0.0
mafia 0.0 0.02040816326530612 0.0
will 0.0 0.1989795918367347 0.0
don 0.0 0.015306122448979591 0.0
nc 0.0 0.00510204081632653 0.0
greed 0.0 0.015306122448979591 0.0
threaten 0.0 0.01020408163265306 0.0
it 0.0 0.2193877551020408 0.0
ambition 0.0 0.01020408163265306 0.0
with 0.00031017369727047146 0.4387755102040816 0.00013609662227173747
stan 0.0 0.00510204081632653 0.0
not 0.0 0.14795918367346939 0.0
ex 0.0 0.00510204081632653 0.0
lion 0.0 0.00510204081632653 0.0
wedding 0.0 0.02040816326530612 0.0
millionaire 0.0 0.01020408163265306 0.0
heir 0.0 0.00510204081632653 0.0
ia 0.0 0.00510204081632653 0.0
we 0.0 0.01020408163265306 0.0
aka 0.0 0.00510204081632653 0.0
threat 0.0 0.015306122448979591 0.0
o 0.0 0.00510204081632653 0.0
I 0.0 0.0 0.0
wed 0.0 0.00510204081632653 0.0
top 0.0 0.00510204081632653 0.0
stand 0.0 0.02040816326530612 0.0
fabric 0.0 0.01020408163265306 0.0
trip 0.0 0.02040816326530612 0.0
rip 0.0 0.01020408163265306 0.0
hang 0.0 0.00510204081632653 0.0
ram 0.0 0.00510204081632653 0.0
game 0.0 0.02040816326530612 0.0
legacy 0.0 0.015306122448979591 0.0
iron 0.0 0.00510204081632653 0.0
now 0.0 0.07653061224489796 0.0
at 0.0 0.23469387755102042 0.0
akhandanand 0.0 0.00510204081632653 0.0
tripathi 0.0 0.00510204081632653 0.0
carpet 0.0 0.00510204081632653 0.0
exporter 0.0 0.00510204081632653 0.0
mirzapur 0.0 0.00510204081632653 0.0
munna 0.0 0.00510204081632653 0.0
unworthy 0.0 0.00510204081632653 0.0
inherit 0.0 0.00510204081632653 0.0
procession 0.0 0.00510204081632653 0.0
ramakant 0.0 0.00510204081632653 0.0
pandit 0.0 0.00510204081632653 0.0
upstand 0.0 0.0 0.0
guddu 0.0 0.00510204081632653 0.0
bablu 0.0 0.00510204081632653 0.0
snowball 0.0 0.0 0.0
lawless 0.0 0.00510204081632653 0.0
so 0.0 0.030612244897959183 0.0
car 0.0 0.00510204081632653 0.0
en 0.0 0.00510204081632653 0.0
eat 0.0 0.00510204081632653 0.0
that 0.0 0.40816326530612246 0.0
or 0.0 0.09183673469387756 0.0
pa 0.0 0.00510204081632653 0.0
to 0.0012406947890818859 0.7806122448979592 0.000968501544538411
khan 0.0 0.00510204081632653 0.0
who 0.0006203473945409429 0.39285714285714285 0.00024370790499822758
