small 0.0 0.07653061224489796 0.0
child 0.0 0.04081632653061224 0.0
he 0.0002913752913752914 0.34183673469387754 9.960277817420674e-05
the 0.0017482517482517483 0.9540816326530612 0.0016679748822605966
go 0.0 0.09183673469387756 0.0
everyone 0.0 0.03571428571428571 0.0
eye 0.0 0.02040816326530612 0.0
know 0.0 0.07142857142857142 0.0
lead 0.0 0.02040816326530612 0.0
a 0.001456876456876457 0.8826530612244898 0.0012859164644878933
supernatural 0.0 0.015306122448979591 0.0
force 0.0002913752913752914 0.025510204081632654 7.433043147328862e-06
dark 0.0 0.025510204081632654 0.0
ever 0.0 0.05102040816326531 0.0
govern 0.0 0.00510204081632653 0.0
in 0.0005827505827505828 0.7346938775510204 0.00042814328528614244
man 0.0 0.12755102040816327 0.0
no 0.0 0.07142857142857142 0.0
one 0.0 0.18877551020408162 0.0
seem 0.0 0.01020408163265306 0.0
see 0.0 0.04081632653061224 0.0
event 0.0 0.0 0.0
al 0.0 0.00510204081632653 0.0
she 0.0 0.19387755102040816 0.0
agency 0.0 0.02040816326530612 0.0
under 0.0 0.0663265306122449 0.0
every 0.0 0.03571428571428571 0.0
understand 0.0 0.015306122448979591 0.0
while 0.0 0.12244897959183673 0.0
town 0.0 0.05102040816326531 0.0
even 0.0 0.07142857142857142 0.0
on 0.0 0.3520408163265306 0.0
begin 0.0 0.025510204081632654 0.0
meet 0.0 0.030612244897959183 0.0
art 0.0 0.00510204081632653 0.0
i 0.0 0.00510204081632653 0.0
start 0.0 0.01020408163265306 0.0
there 0.0 0.08163265306122448 0.0
for 0.0 0.3877551020408163 0.0
and 0.0017482517482517483 0.8571428571428571 0.0014985014985014985
be 0.0008741258741258741 0.1377551020408163 0.00012041529898672755
chain 0.0 0.00510204081632653 0.0
all 0.0 0.17346938775510204 0.0
unit 0.0 0.00510204081632653 0.0
age 0.0 0.025510204081632654 0.0
seemingly 0.0 0.01020408163265306 0.0
de 0.0002913752913752914 0.025510204081632654 7.433043147328862e-06
here 0.0 0.01020408163265306 0.0
incident 0.0 0.02040816326530612 0.0
nc 0.0 0.00510204081632653 0.0
super 0.0 0.00510204081632653 0.0
ale 0.0 0.00510204081632653 0.0
it 0.0 0.2193877551020408 0.0
app 0.0 0.00510204081632653 0.0
male 0.0 0.00510204081632653 0.0
stan 0.0 0.00510204081632653 0.0
otherwise 0.0 0.01020408163265306 0.0
peace 0.0002913752913752914 0.015306122448979591 4.459825888397317e-06
star 0.0 0.00510204081632653 0.0
ia 0.0 0.00510204081632653 0.0
more 0.0 0.08163265306122448 0.0
government 0.0 0.02040816326530612 0.0
where 0.0002913752913752914 0.11224489795918367 3.270538984824699e-05
o 0.0 0.00510204081632653 0.0
I 0.0 0.0 0.0
disappearance 0.0 0.01020408163265306 0.0
malevolent 0.0 0.01020408163265306 0.0
stand 0.0 0.02040816326530612 0.0
tear 0.0 0.00510204081632653 0.0
peaceful 0.0 0.01020408163265306 0.0
peculiar 0.0 0.00510204081632653 0.0
fabric 0.0 0.01020408163265306 0.0
community 0.0 0.01020408163265306 0.0
converge 0.0 0.00510204081632653 0.0
local 0.0 0.025510204081632654 0.0
j 0.0 0.00510204081632653 0.0
now 0.0 0.07653061224489796 0.0
at 0.0 0.23469387755102042 0.0
natural 0.0 0.00510204081632653 0.0
en 0.0 0.00510204081632653 0.0
that 0.0002913752913752914 0.40816326530612246 0.00011892869035726179
or 0.0 0.09183673469387756 0.0
to 0.0011655011655011655 0.7806122448979592 0.0009098044812330527
ural 0.0 0.00510204081632653 0.0
appearance 0.0 0.00510204081632653 0.0
