but 0.0002807411566535654 0.3112244897959184 8.737352324422188e-05
he 0.0008422234699606962 0.34183673469387754 0.00028790292085391144
get 0.0 0.0663265306122449 0.0
the 0.0016844469399213925 0.9540816326530612 0.001607099886557655
go 0.0 0.09183673469387756 0.0
side 0.0 0.015306122448979591 0.0
decide 0.0002807411566535654 0.03571428571428571 1.0026469880484477e-05
marry 0.0 0.03571428571428571 0.0
mother 0.0 0.05612244897959184 0.0
call 0.0 0.01020408163265306 0.0
marriage 0.0 0.02040816326530612 0.0
reach 0.0 0.025510204081632654 0.0
find 0.0 0.08163265306122448 0.0
a 0.0008422234699606962 0.8826530612244898 0.0007433911239959207
boy 0.0 0.030612244897959183 0.0
they 0.0 0.28061224489795916 0.0
force 0.0002807411566535654 0.025510204081632654 7.161764200346056e-06
end 0.0002807411566535654 0.04591836734693878 1.2891175560622901e-05
day 0.0 0.09183673469387756 0.0
in 0.0005614823133071308 0.7346938775510204 0.00041251761793993283
try 0.0 0.01020408163265306 0.0
man 0.0 0.12755102040816327 0.0
no 0.0 0.07142857142857142 0.0
see 0.0 0.04081632653061224 0.0
this 0.0 0.17346938775510204 0.0
turn 0.0 0.025510204081632654 0.0
as 0.0 0.3469387755102041 0.0
city 0.0 0.09183673469387756 0.0
al 0.0 0.00510204081632653 0.0
want 0.0 0.01020408163265306 0.0
agree 0.0 0.015306122448979591 0.0
she 0.0 0.19387755102040816 0.0
tell 0.0 0.015306122448979591 0.0
after 0.0 0.1989795918367347 0.0
flee 0.0 0.015306122448979591 0.0
divorce 0.0 0.01020408163265306 0.0
feel 0.0 0.00510204081632653 0.0
friend 0.0 0.0663265306122449 0.0
while 0.0 0.12244897959183673 0.0
cast 0.0 0.01020408163265306 0.0
thou 0.0 0.01020408163265306 0.0
soon 0.0 0.04081632653061224 0.0
caste 0.0 0.01020408163265306 0.0
follow 0.0 0.015306122448979591 0.0
trace 0.0 0.015306122448979591 0.0
character 0.0 0.02040816326530612 0.0
part 0.0 0.04081632653061224 0.0
on 0.0 0.3520408163265306 0.0
row 0.0 0.00510204081632653 0.0
full 0.0 0.025510204081632654 0.0
meet 0.0 0.030612244897959183 0.0
art 0.0 0.00510204081632653 0.0
target 0.0 0.00510204081632653 0.0
i 0.0 0.00510204081632653 0.0
official 0.0 0.01020408163265306 0.0
dev 0.0 0.00510204081632653 0.0
win 0.0 0.015306122448979591 0.0
back 0.0 0.08673469387755102 0.0
consider 0.0 0.00510204081632653 0.0
feeling 0.0 0.00510204081632653 0.0
home 0.0 0.07653061224489796 0.0
fully 0.0 0.00510204081632653 0.0
way 0.0 0.03571428571428571 0.0
for 0.0 0.3877551020408163 0.0
and 0.0011229646266142615 0.8571428571428571 0.0009625411085265099
be 0.0002807411566535654 0.1377551020408163 3.86735266818687e-05
all 0.0 0.17346938775510204 0.0
act 0.0 0.00510204081632653 0.0
race 0.0 0.03571428571428571 0.0
boyfriend 0.0 0.03571428571428571 0.0
rinku 0.0 0.00510204081632653 0.0
goon 0.0 0.0 0.0
uncle 0.0 0.0 0.0
junction 0.0 0.00510204081632653 0.0
vishu 0.0 0.00510204081632653 0.0
madhusudhan 0.0 0.00510204081632653 0.0
throw 0.0 0.00510204081632653 0.0
bottle 0.0 0.0 0.0
bough 0.0 0.00510204081632653 0.0
grandmother 0.0 0.01020408163265306 0.0
married 0.0 0.015306122448979591 0.0
mandakini 0.0 0.00510204081632653 0.0
kidnap 0.0 0.00510204081632653 0.0
forcefully 0.0 0.015306122448979591 0.0
delhi 0.0 0.015306122448979591 0.0
valid 0.0 0.00510204081632653 0.0
sajjad 0.0 0.00510204081632653 0.0
wont 0.0 0.00510204081632653 0.0
south 0.0 0.01020408163265306 0.0
madurai 0.0 0.00510204081632653 0.0
video 0.0 0.01020408163265306 0.0
return 0.0 0.030612244897959183 0.0
develop 0.0 0.0 0.0
eager 0.0 0.01020408163265306 0.0
whose 0.0 0.04591836734693878 0.0
exist 0.0 0.01020408163265306 0.0
reality 0.0 0.015306122448979591 0.0
imaginary 0.0 0.00510204081632653 0.0
age 0.0 0.025510204081632654 0.0
de 0.0 0.025510204081632654 0.0
here 0.0 0.01020408163265306 0.0
will 0.0 0.1989795918367347 0.0
don 0.0 0.015306122448979591 0.0
nc 0.0 0.00510204081632653 0.0
ale 0.0 0.00510204081632653 0.0
it 0.0002807411566535654 0.2193877551020408 6.159117212297608e-05
kid 0.0 0.00510204081632653 0.0
with 0.0008422234699606962 0.4387755102040816 0.0003695470327378565
del 0.0 0.00510204081632653 0.0
meanwhile 0.0 0.030612244897959183 0.0
not 0.0 0.14795918367346939 0.0
ex 0.0 0.00510204081632653 0.0
wedding 0.0 0.02040816326530612 0.0
out 0.0 0.18877551020408162 0.0
lee 0.0 0.00510204081632653 0.0
heir 0.0 0.00510204081632653 0.0
ia 0.0 0.00510204081632653 0.0
we 0.0 0.01020408163265306 0.0
dna 0.0 0.00510204081632653 0.0
mad 0.0 0.00510204081632653 0.0
where 0.0 0.11224489795918367 0.0
from 0.0 0.3520408163265306 0.0
o 0.0 0.00510204081632653 0.0
I 0.0 0.0 0.0
wed 0.0 0.00510204081632653 0.0
val 0.0 0.00510204081632653 0.0
real 0.0 0.030612244897959183 0.0
j 0.0 0.00510204081632653 0.0
jack 0.0 0.015306122448979591 0.0
by 0.0 0.33163265306122447 0.0
moth 0.0 0.00510204081632653 0.0
at 0.0 0.23469387755102042 0.0
so 0.0002807411566535654 0.030612244897959183 8.594117040415267e-06
rai 0.0 0.00510204081632653 0.0
sudha 0.0 0.00510204081632653 0.0
en 0.0 0.00510204081632653 0.0
alex 0.0 0.01020408163265306 0.0
that 0.0002807411566535654 0.40816326530612246 0.00011458822720553689
or 0.0002807411566535654 0.09183673469387756 2.5782351121245802e-05
pa 0.0 0.00510204081632653 0.0
to 0.0008422234699606962 0.7806122448979592 0.000657449953591768
low 0.0 0.00510204081632653 0.0
who 0.0011229646266142615 0.39285714285714285 0.00044116467474131704
