king 0.0 0.030612244897959183 0.0
let 0.0 0.02040816326530612 0.0
brother 0.0 0.04081632653061224 0.0
father 0.0 0.11734693877551021 0.0
he 0.0022404779686333084 0.34183673469387754 0.000765877672951182
red 0.0 0.01020408163265306 0.0
the 0.005601194921583271 0.9540816326530612 0.005343997195592203
go 0.0 0.09183673469387756 0.0
reach 0.0 0.025510204081632654 0.0
war 0.0 0.05612244897959184 0.0
a 0.00037341299477221804 0.8826530612244898 0.00032959412293670265
force 0.0 0.025510204081632654 0.0
century 0.0 0.03571428571428571 0.0
in 0.00037341299477221804 0.7346938775510204 0.0002743442410571398
no 0.0 0.07142857142857142 0.0
as 0.00037341299477221804 0.3469387755102041 0.00012955144716587157
ultimately 0.0 0.025510204081632654 0.0
escape 0.0 0.04591836734693878 0.0
al 0.0 0.00510204081632653 0.0
dr 0.0 0.00510204081632653 0.0
she 0.0 0.19387755102040816 0.0
after 0.0 0.1989795918367347 0.0
arm 0.0 0.00510204081632653 0.0
leg 0.0 0.00510204081632653 0.0
murder 0.0 0.030612244897959183 0.0
late 0.0 0.02040816326530612 0.0
cross 0.0 0.015306122448979591 0.0
across 0.0 0.04081632653061224 0.0
young 0.00037341299477221804 0.15816326530612246 5.906021856091204e-05
hero 0.0 0.025510204081632654 0.0
on 0.0 0.3520408163265306 0.0
death 0.0 0.04591836734693878 0.0
face 0.0 0.025510204081632654 0.0
old 0.0 0.05612244897959184 0.0
kievan 0.0 0.00510204081632653 0.0
rus 0.0 0.00510204081632653 0.0
svyatoslav 0.0 0.00510204081632653 0.0
i 0.0 0.00510204081632653 0.0
ruler 0.0 0.00510204081632653 0.0
vike 0.0 0.0 0.0
prince 0.0 0.015306122448979591 0.0
vladimir 0.0 0.01020408163265306 0.0
novgorod 0.0 0.00510204081632653 0.0
danila 0.0 0.015306122448979591 0.0
kozlovskiy 0.0 0.00510204081632653 0.0
exile 0.0 0.00510204081632653 0.0
freeze 0.0 0.0 0.0
sea 0.0 0.015306122448979591 0.0
treacherous 0.0 0.01020408163265306 0.0
yaropolk 0.0 0.00510204081632653 0.0
aleksandr 0.0 0.00510204081632653 0.0
ustyugov 0.0 0.00510204081632653 0.0
oleg 0.0 0.01020408163265306 0.0
kirill 0.0 0.00510204081632653 0.0
pletnyov 0.0 0.00510204081632653 0.0
conquer 0.0 0.00510204081632653 0.0
territory 0.0 0.015306122448979591 0.0
warrior 0.0 0.015306122448979591 0.0
sveneld 0.0 0.00510204081632653 0.0
maksim 0.0 0.00510204081632653 0.0
sukhanov 0.0 0.00510204081632653 0.0
convince 0.0 0.01020408163265306 0.0
assemble 0.0 0.00510204081632653 0.0
varangian 0.0 0.00510204081632653 0.0
armada 0.0 0.00510204081632653 0.0
hope 0.0 0.030612244897959183 0.0
reconquer 0.0 0.00510204081632653 0.0
mighty 0.0 0.01020408163265306 0.0
byzantine 0.0 0.00510204081632653 0.0
half 0.0 0.01020408163265306 0.0
for 0.00037341299477221804 0.3877551020408163 0.00014479279389126821
and 0.0022404779686333084 0.8571428571428571 0.0019204096873999786
be 0.0014936519790888722 0.1377551020408163 0.0002057581807928548
anti 0.0 0.00510204081632653 0.0
rule 0.0 0.00510204081632653 0.0
ss 0.0 0.00510204081632653 0.0
de 0.0 0.025510204081632654 0.0
nc 0.0 0.00510204081632653 0.0
might 0.0 0.00510204081632653 0.0
ale 0.0 0.00510204081632653 0.0
rio 0.0 0.025510204081632654 0.0
it 0.0 0.2193877551020408 0.0
ex 0.0 0.00510204081632653 0.0
ia 0.0 0.00510204081632653 0.0
hal 0.0 0.00510204081632653 0.0
we 0.0 0.01020408163265306 0.0
mad 0.0 0.00510204081632653 0.0
from 0.00037341299477221804 0.3520408163265306 0.00013145661550654616
o 0.0 0.00510204081632653 0.0
tim 0.0 0.00510204081632653 0.0
roth 0.0 0.00510204081632653 0.0
dea 0.0 0.00510204081632653 0.0
by 0.0007468259895444361 0.33163265306122447 0.0002476718842876956
at 0.0 0.23469387755102042 0.0
reacher 0.0 0.00510204081632653 0.0
en 0.0 0.00510204081632653 0.0
eat 0.0 0.00510204081632653 0.0
or 0.0 0.09183673469387756 0.0
sl 0.0 0.00510204081632653 0.0
to 0.0007468259895444361 0.7806122448979592 0.000582981512246422
ski 0.0 0.00510204081632653 0.0
khan 0.0 0.00510204081632653 0.0
sk 0.0 0.00510204081632653 0.0
who 0.0 0.39285714285714285 0.0
