life 0.0009861932938856016 0.20408163265306123 0.0002012639375276738
he 0.0009861932938856016 0.34183673469387754 0.00033711709535885363
the 0.0019723865877712033 0.9540816326530612 0.0018818178158837501
a 0.002958579881656805 0.8826530612244898 0.002611399589421568
love 0.0019723865877712033 0.09183673469387756 0.00018113754377490642
in 0.0 0.7346938775510204 0.0
one 0.0 0.18877551020408162 0.0
as 0.0 0.3469387755102041 0.0
without 0.0 0.04081632653061224 0.0
police 0.0 0.08163265306122448 0.0
al 0.0 0.00510204081632653 0.0
actress 0.0 0.025510204081632654 0.0
she 0.0 0.19387755102040816 0.0
wife 0.0 0.05612244897959184 0.0
thou 0.0 0.01020408163265306 0.0
trace 0.0 0.015306122448979591 0.0
on 0.0 0.3520408163265306 0.0
i 0.0 0.00510204081632653 0.0
sea 0.0 0.015306122448979591 0.0
way 0.0 0.03571428571428571 0.0
for 0.0 0.3877551020408163 0.0
and 0.0009861932938856016 0.8571428571428571 0.0008453085376162299
be 0.0 0.1377551020408163 0.0
act 0.0 0.00510204081632653 0.0
race 0.0 0.03571428571428571 0.0
suddenly 0.0 0.030612244897959183 0.0
vanish 0.0 0.00510204081632653 0.0
ss 0.0 0.00510204081632653 0.0
lie 0.0 0.00510204081632653 0.0
de 0.0 0.025510204081632654 0.0
search 0.0 0.030612244897959183 0.0
nc 0.0 0.00510204081632653 0.0
hide 0.0 0.00510204081632653 0.0
super 0.0 0.00510204081632653 0.0
it 0.0 0.2193877551020408 0.0
app 0.0 0.00510204081632653 0.0
truth 0.0 0.04081632653061224 0.0
with 0.0 0.4387755102040816 0.0
reveal 0.0 0.00510204081632653 0.0
away 0.0 0.04081632653061224 0.0
perfect 0.0 0.01020408163265306 0.0
out 0.0 0.18877551020408162 0.0
star 0.0 0.00510204081632653 0.0
we 0.0 0.01020408163265306 0.0
hidden 0.0 0.030612244897959183 0.0
o 0.0 0.00510204081632653 0.0
if 0.0 0.03571428571428571 0.0
answer 0.0 0.00510204081632653 0.0
global 0.0 0.01020408163265306 0.0
superstar 0.0 0.00510204081632653 0.0
mom 0.0 0.01020408163265306 0.0
disappearance 0.0 0.01020408163265306 0.0
perfectly 0.0 0.00510204081632653 0.0
craft 0.0 0.0 0.0
facade 0.0 0.00510204081632653 0.0
strip 0.0 0.00510204081632653 0.0
painful 0.0 0.00510204081632653 0.0
iconic 0.0 0.00510204081632653 0.0
trip 0.0 0.02040816326530612 0.0
rip 0.0 0.01020408163265306 0.0
pain 0.0 0.00510204081632653 0.0
en 0.0 0.00510204081632653 0.0
ruth 0.0 0.00510204081632653 0.0
or 0.0 0.09183673469387756 0.0
pa 0.0 0.00510204081632653 0.0
to 0.0 0.7806122448979592 0.0
appearance 0.0 0.00510204081632653 0.0
