live 0.0 0.05612244897959184 0.0
life 0.00025471217524197657 0.20408163265306123 5.198207657999522e-05
he 0.0 0.34183673469387754 0.0
the 0.003056546102903719 0.9540816326530612 0.0029161944961377316
go 0.0 0.09183673469387756 0.0
call 0.0 0.01020408163265306 0.0
war 0.0 0.05612244897959184 0.0
two 0.0 0.12755102040816327 0.0
a 0.0012735608762098828 0.8826530612244898 0.0011241124060423966
story 0.0 0.12755102040816327 0.0
among 0.0 0.02040816326530612 0.0
power 0.0 0.05102040816326531 0.0
they 0.0 0.28061224489795916 0.0
ago 0.0 0.025510204081632654 0.0
battle 0.0 0.061224489795918366 0.0
in 0.0007641365257259297 0.7346938775510204 0.0005614064270639484
man 0.0 0.12755102040816327 0.0
no 0.0 0.07142857142857142 0.0
one 0.0 0.18877551020408162 0.0
history 0.0 0.03571428571428571 0.0
as 0.0 0.3469387755102041 0.0
pow 0.0 0.00510204081632653 0.0
city 0.00025471217524197657 0.09183673469387756 2.339193446099785e-05
al 0.0 0.00510204081632653 0.0
dr 0.0 0.00510204081632653 0.0
film 0.0 0.061224489795918366 0.0
although 0.0 0.02040816326530612 0.0
masha 0.0 0.01020408163265306 0.0
year 0.0 0.01020408163265306 0.0
leave 0.0 0.02040816326530612 0.0
drama 0.0 0.05102040816326531 0.0
final 0.0 0.02040816326530612 0.0
finally 0.0 0.03571428571428571 0.0
world 0.0 0.19387755102040816 0.0
can 0.0 0.08673469387755102 0.0
thou 0.0 0.01020408163265306 0.0
follow 0.0 0.015306122448979591 0.0
young 0.0 0.15816326530612246 0.0
building 0.0 0.015306122448979591 0.0
on 0.0 0.3520408163265306 0.0
death 0.0 0.04591836734693878 0.0
old 0.0 0.05612244897959184 0.0
i 0.0 0.00510204081632653 0.0
sea 0.0 0.015306122448979591 0.0
hope 0.0 0.030612244897959183 0.0
dev 0.0 0.00510204081632653 0.0
win 0.0 0.015306122448979591 0.0
for 0.0005094243504839531 0.3877551020408163 0.0001975318910039818
anne 0.0 0.00510204081632653 0.0
woman 0.0005094243504839531 0.07142857142857142 3.638745360599665e-05
and 0.0005094243504839531 0.8571428571428571 0.00043664944327195983
be 0.00025471217524197657 0.1377551020408163 3.508790169149677e-05
all 0.0 0.17346938775510204 0.0
ii 0.0 0.015306122448979591 0.0
period 0.0 0.01020408163265306 0.0
physical 0.0 0.015306122448979591 0.0
mental 0.0 0.01020408163265306 0.0
age 0.0 0.025510204081632654 0.0
de 0.0 0.025510204081632654 0.0
mean 0.0 0.0 0.0
leningrad 0.0 0.00510204081632653 0.0
devastate 0.0 0.0 0.0
demolish 0.0 0.0 0.0
citizen 0.0 0.0 0.0
tatters 0.0 0.00510204081632653 0.0
physically 0.0 0.00510204081632653 0.0
mentally 0.0 0.00510204081632653 0.0
siege 0.0 0.00510204081632653 0.0
worst 0.0 0.01020408163265306 0.0
continue 0.0 0.00510204081632653 0.0
wreckage 0.0 0.00510204081632653 0.0
remain 0.0 0.0 0.0
iya 0.0 0.00510204081632653 0.0
search 0.0005094243504839531 0.030612244897959183 1.5594622973998566e-05
struggle 0.0 0.015306122448979591 0.0
rebuild 0.0 0.01020408163265306 0.0
amongst 0.0 0.00510204081632653 0.0
ruin 0.0 0.01020408163265306 0.0
kantemir 0.0 0.00510204081632653 0.0
balagov 0.0 0.00510204081632653 0.0
tesnota 0.0 0.00510204081632653 0.0
winner 0.0 0.00510204081632653 0.0
fipresci 0.0 0.00510204081632653 0.0
prize 0.0 0.015306122448979591 0.0
canne 0.0 0.0 0.0
festival 0.0 0.01020408163265306 0.0
powerful 0.0 0.03571428571428571 0.0
will 0.0007641365257259297 0.1989795918367347 0.00015204757399648602
rio 0.0 0.025510204081632654 0.0
it 0.0 0.2193877551020408 0.0
with 0.0 0.4387755102040816 0.0
not 0.0 0.14795918367346939 0.0
inner 0.0 0.00510204081632653 0.0
state 0.0 0.015306122448979591 0.0
heir 0.0 0.00510204081632653 0.0
we 0.00025471217524197657 0.01020408163265306 2.5991038289997608e-06
main 0.0 0.02040816326530612 0.0
o 0.0 0.00510204081632653 0.0
I 0.0 0.0 0.0
if 0.0 0.03571428571428571 0.0
build 0.0 0.01020408163265306 0.0
val 0.0 0.00510204081632653 0.0
grad 0.0 0.00510204081632653 0.0
ram 0.0 0.00510204081632653 0.0
remains 0.0 0.015306122448979591 0.0
dea 0.0 0.00510204081632653 0.0
at 0.00025471217524197657 0.23469387755102042 5.9779388066994505e-05
ann 0.0 0.00510204081632653 0.0
en 0.0 0.00510204081632653 0.0
eat 0.0 0.00510204081632653 0.0
that 0.0007641365257259297 0.40816326530612246 0.0003118924594799713
or 0.0 0.09183673469387756 0.0
deva 0.0 0.00510204081632653 0.0
to 0.0005094243504839531 0.7806122448979592 0.0003976628858369634
though 0.0 0.00510204081632653 0.0
low 0.0 0.00510204081632653 0.0
