he 0.000651890482398957 0.34183673469387754 0.0002228401138812761
the 0.001521077792264233 0.9540816326530612 0.0014512323834357734
a 0.000869187309865276 0.8826530612244898 0.000767190839830065
end 0.0 0.04591836734693878 0.0
in 0.000651890482398957 0.7346938775510204 0.00047893994625229495
turn 0.0 0.025510204081632654 0.0
as 0.0 0.3469387755102041 0.0
al 0.0 0.00510204081632653 0.0
hiding 0.0 0.025510204081632654 0.0
she 0.001955671447196871 0.19387755102040816 0.0003791607907830668
year 0.0 0.01020408163265306 0.0
accident 0.0 0.025510204081632654 0.0
after 0.0 0.1989795918367347 0.0
group 0.0 0.05102040816326531 0.0
nearly 0.0 0.01020408163265306 0.0
early 0.0 0.030612244897959183 0.0
world 0.0 0.19387755102040816 0.0
friend 0.000434593654932638 0.0663265306122449 2.8825089357777013e-05
town 0.0 0.05102040816326531 0.0
young 0.0 0.15816326530612246 0.0
full 0.0 0.025510204081632654 0.0
face 0.0 0.025510204081632654 0.0
i 0.0 0.00510204081632653 0.0
fully 0.0 0.00510204081632653 0.0
be 0.000434593654932638 0.1377551020408163 5.986749328153686e-05
all 0.0 0.17346938775510204 0.0
return 0.0 0.030612244897959183 0.0
remote 0.0 0.015306122448979591 0.0
de 0.000217296827466319 0.025510204081632654 5.5432864149571176e-06
near 0.000217296827466319 0.015306122448979591 3.3259718489742704e-06
will 0.0 0.1989795918367347 0.0
hide 0.0 0.00510204081632653 0.0
pt 0.0 0.00510204081632653 0.0
deal 0.0 0.015306122448979591 0.0
idea 0.0 0.015306122448979591 0.0
accidentally 0.0 0.01020408163265306 0.0
ex 0.0 0.00510204081632653 0.0
o 0.0 0.00510204081632653 0.0
disrupt 0.0 0.00510204081632653 0.0
care 0.0 0.01020408163265306 0.0
leatherface 0.0 0.00510204081632653 0.0
terrorize 0.0 0.00510204081632653 0.0
idealistic 0.0 0.00510204081632653 0.0
carefully 0.0 0.00510204081632653 0.0
shield 0.0 0.0 0.0
texa 0.0 0.0 0.0
dea 0.0 0.00510204081632653 0.0
at 0.0 0.23469387755102042 0.0
car 0.0 0.00510204081632653 0.0
en 0.0 0.00510204081632653 0.0
eat 0.0 0.00510204081632653 0.0
or 0.0 0.09183673469387756 0.0
to 0.002390265102129509 0.7806122448979592 0.001865870207274566
who 0.000217296827466319 0.39285714285714285 8.53666107903396e-05
