he 0.0 0.34183673469387754 0.0
red 0.0 0.01020408163265306 0.0
the 0.0006464124111182935 0.9540816326530612 0.0006167302085669432
go 0.0 0.09183673469387756 0.0
a 0.0016160310277957336 0.8826530612244898 0.001426394733717663
in 0.0003232062055591467 0.7346938775510204 0.0002374576204108017
one 0.0 0.18877551020408162 0.0
as 0.0009696186166774402 0.3469387755102041 0.00033639829558196907
base 0.0 0.0 0.0
al 0.0 0.00510204081632653 0.0
dr 0.0 0.00510204081632653 0.0
drama 0.0 0.05102040816326531 0.0
around 0.0 0.08673469387755102 0.0
son 0.0 0.08163265306122448 0.0
best 0.0 0.03571428571428571 0.0
center 0.0 0.00510204081632653 0.0
long 0.0003232062055591467 0.05612244897959184 1.8139123781380684e-05
on 0.0 0.3520408163265306 0.0
i 0.0 0.00510204081632653 0.0
sea 0.0 0.015306122448979591 0.0
series 0.0 0.07142857142857142 0.0
personal 0.0 0.03571428571428571 0.0
and 0.0016160310277957338 0.8571428571428571 0.0013851694523963432
be 0.0006464124111182935 0.1377551020408163 8.904660765405061e-05
challenge 0.0 0.01020408163265306 0.0
all 0.0 0.17346938775510204 0.0
race 0.0 0.03571428571428571 0.0
fellow 0.0 0.025510204081632654 0.0
person 0.0 0.030612244897959183 0.0
ss 0.0 0.00510204081632653 0.0
daughter 0.0 0.05102040816326531 0.0
it 0.0 0.2193877551020408 0.0
along 0.0 0.02040816326530612 0.0
fall 0.0 0.01020408163265306 0.0
with 0.0 0.4387755102040816 0.0
rough 0.0 0.00510204081632653 0.0
profession 0.0 0.00510204081632653 0.0
out 0.0 0.18877551020408162 0.0
hal 0.0 0.00510204081632653 0.0
enter 0.0 0.02040816326530612 0.0
professional 0.0 0.015306122448979591 0.0
o 0.0 0.00510204081632653 0.0
I 0.0 0.0 0.0
ram 0.0 0.00510204081632653 0.0
at 0.0003232062055591467 0.23469387755102042 7.585451763122832e-05
grey 0.0 0.01020408163265306 0.0
medical 0.0 0.015306122448979591 0.0
meredith 0.0 0.00510204081632653 0.0
aspire 0.0 0.0 0.0
surgeon 0.0 0.00510204081632653 0.0
elli 0.0 0.0 0.0
throughout 0.0 0.01020408163265306 0.0
seattle 0.0 0.00510204081632653 0.0
grace 0.0 0.00510204081632653 0.0
hospital 0.0 0.01020408163265306 0.0
so 0.0 0.030612244897959183 0.0
through 0.0 0.08163265306122448 0.0
ring 0.0 0.00510204081632653 0.0
en 0.0 0.00510204081632653 0.0
eat 0.0 0.00510204081632653 0.0
low 0.0 0.00510204081632653 0.0
