but 0.0 0.3112244897959184 0.0
he 0.0 0.34183673469387754 0.0
red 0.0 0.01020408163265306 0.0
the 0.004930966469428007 0.9540816326530612 0.004704544539709374
go 0.0 0.09183673469387756 0.0
known 0.0 0.05612244897959184 0.0
know 0.0 0.07142857142857142 0.0
change 0.0 0.02040816326530612 0.0
call 0.0 0.01020408163265306 0.0
ask 0.0 0.00510204081632653 0.0
take 0.0 0.09183673469387756 0.0
thing 0.0 0.00510204081632653 0.0
war 0.0 0.05612244897959184 0.0
a 0.0004930966469428008 0.8826530612244898 0.0004352332649035946
power 0.0 0.05102040816326531 0.0
ever 0.0 0.05102040816326531 0.0
in 0.0004930966469428008 0.7346938775510204 0.00036227508754981284
man 0.0 0.12755102040816327 0.0
no 0.0 0.07142857142857142 0.0
one 0.0 0.18877551020408162 0.0
able 0.0 0.030612244897959183 0.0
petersburg 0.0 0.02040816326530612 0.0
time 0.0004930966469428008 0.14795918367346939 7.295817735378175e-05
as 0.0 0.3469387755102041 0.0
people 0.0 0.11734693877551021 0.0
officer 0.0 0.04591836734693878 0.0
pow 0.0 0.00510204081632653 0.0
escape 0.0 0.04591836734693878 0.0
city 0.0 0.09183673469387756 0.0
law 0.0 0.01020408163265306 0.0
criminal 0.0 0.025510204081632654 0.0
max 0.0 0.00510204081632653 0.0
help 0.0 0.10204081632653061 0.0
police 0.0 0.08163265306122448 0.0
al 0.0 0.00510204081632653 0.0
dr 0.0 0.00510204081632653 0.0
kill 0.0 0.030612244897959183 0.0
drama 0.0004930966469428008 0.05102040816326531 2.5157992190959224e-05
son 0.0 0.08163265306122448 0.0
every 0.0 0.03571428571428571 0.0
have 0.0 0.15306122448979592 0.0
difficult 0.0 0.02040816326530612 0.0
towards 0.0 0.015306122448979591 0.0
come 0.0 0.025510204081632654 0.0
character 0.0 0.02040816326530612 0.0
first 0.0 0.08163265306122448 0.0
major 0.0 0.04081632653061224 0.0
on 0.0 0.3520408163265306 0.0
pete 0.0 0.01020408163265306 0.0
peter 0.0 0.02040816326530612 0.0
face 0.0 0.025510204081632654 0.0
i 0.0 0.00510204081632653 0.0
whole 0.0 0.03571428571428571 0.0
for 0.0 0.3877551020408163 0.0
society 0.0 0.03571428571428571 0.0
and 0.0019723865877712033 0.8571428571428571 0.0016906170752324597
be 0.0009861932938856016 0.1377551020408163 0.0001358531578311798
ace 0.0 0.0 0.0
all 0.0004930966469428008 0.17346938775510204 8.553717344926136e-05
act 0.0 0.00510204081632653 0.0
less 0.0 0.00510204081632653 0.0
declare 0.0 0.0 0.0
person 0.0 0.030612244897959183 0.0
ss 0.0 0.00510204081632653 0.0
de 0.0 0.025510204081632654 0.0
nc 0.0 0.00510204081632653 0.0
money 0.0 0.030612244897959183 0.0
it 0.0004930966469428008 0.2193877551020408 0.00010817936642112467
app 0.0 0.00510204081632653 0.0
with 0.0 0.4387755102040816 0.0
rough 0.0 0.00510204081632653 0.0
doctor 0.0 0.01020408163265306 0.0
everything 0.0 0.025510204081632654 0.0
out 0.0 0.18877551020408162 0.0
we 0.0 0.01020408163265306 0.0
o 0.0 0.00510204081632653 0.0
I 0.0 0.0 0.0
if 0.0 0.03571428571428571 0.0
strip 0.0 0.00510204081632653 0.0
j 0.0 0.00510204081632653 0.0
tim 0.0 0.00510204081632653 0.0
trip 0.0 0.02040816326530612 0.0
high 0.0 0.015306122448979591 0.0
fate 0.0 0.015306122448979591 0.0
office 0.0 0.01020408163265306 0.0
rip 0.0 0.01020408163265306 0.0
determine 0.0 0.00510204081632653 0.0
hang 0.0 0.00510204081632653 0.0
ram 0.0 0.00510204081632653 0.0
mask 0.0 0.01020408163265306 0.0
now 0.0 0.07653061224489796 0.0
at 0.0 0.23469387755102042 0.0
dramatic 0.0 0.00510204081632653 0.0
toward 0.0 0.01020408163265306 0.0
lawless 0.0 0.00510204081632653 0.0
may 0.0 0.015306122448979591 0.0
tie 0.0 0.0 0.0
throughout 0.0 0.01020408163265306 0.0
investigation 0.0 0.025510204081632654 0.0
so 0.0 0.030612244897959183 0.0
through 0.0 0.08163265306122448 0.0
pen 0.0 0.00510204081632653 0.0
en 0.0 0.00510204081632653 0.0
eat 0.0 0.00510204081632653 0.0
plague 0.0 0.01020408163265306 0.0
cult 0.0 0.00510204081632653 0.0
that 0.0 0.40816326530612246 0.0
or 0.0 0.09183673469387756 0.0
to 0.0 0.7806122448979592 0.0
invest 0.0 0.00510204081632653 0.0
igor 0.0 0.01020408163265306 0.0
sk 0.0004930966469428008 0.00510204081632653 2.515799219095922e-06
grom 0.0 0.00510204081632653 0.0
penetrative 0.0 0.00510204081632653 0.0
irreconcilable 0.0 0.00510204081632653 0.0
attitude 0.0 0.00510204081632653 0.0
stripe 0.0 0.0 0.0
dramatically 0.0 0.00510204081632653 0.0
appearance 0.0 0.00510204081632653 0.0
sick 0.0 0.01020408163265306 0.0
lawlessness 0.0 0.00510204081632653 0.0
treatment 0.0 0.00510204081632653 0.0
punishment 0.0 0.00510204081632653 0.0
status 0.0 0.00510204081632653 0.0
agitate 0.0 0.0 0.0
powerless 0.0 0.00510204081632653 0.0
difficulty 0.0 0.0 0.0
outcome 0.0 0.00510204081632653 0.0
killing 0.0 0.025510204081632654 0.0
who 0.0 0.39285714285714285 0.0
