he 0.0016025641025641025 0.34183673469387754 0.0005478152799581371
red 0.0 0.01020408163265306 0.0
the 0.00040064102564102563 0.9540816326530612 0.0003822442438513867
go 0.0 0.09183673469387756 0.0
everyone 0.0 0.03571428571428571 0.0
war 0.0 0.05612244897959184 0.0
a 0.0016025641025641025 0.8826530612244898 0.0014145081109366825
force 0.0 0.025510204081632654 0.0
light 0.0 0.02040816326530612 0.0
dark 0.0 0.025510204081632654 0.0
end 0.0 0.04591836734693878 0.0
battle 0.0 0.061224489795918366 0.0
ever 0.0 0.05102040816326531 0.0
in 0.0016025641025641025 0.7346938775510204 0.0011773940345368918
moscow 0.0 0.05102040816326531 0.0
no 0.0 0.07142857142857142 0.0
one 0.0 0.18877551020408162 0.0
this 0.0 0.17346938775510204 0.0
russian 0.0 0.04081632653061224 0.0
as 0.0 0.3469387755102041 0.0
al 0.0 0.00510204081632653 0.0
she 0.0008012820512820513 0.19387755102040816 0.00015535060177917319
believe 0.0 0.00510204081632653 0.0
every 0.0 0.03571428571428571 0.0
magic 0.0 0.025510204081632654 0.0
world 0.0 0.19387755102040816 0.0
come 0.0 0.025510204081632654 0.0
ivan 0.0 0.00510204081632653 0.0
naydenov 0.0 0.00510204081632653 0.0
transfer 0.0 0.0 0.0
fantasy 0.0 0.01020408163265306 0.0
belogorye 0.0 0.00510204081632653 0.0
inhabit 0.0 0.0 0.0
character 0.0 0.02040816326530612 0.0
fairy 0.0 0.01020408163265306 0.0
tale 0.0 0.00510204081632653 0.0
hero 0.0 0.025510204081632654 0.0
center 0.0 0.00510204081632653 0.0
put 0.0 0.03571428571428571 0.0
on 0.0 0.3520408163265306 0.0
rus 0.0 0.00510204081632653 0.0
i 0.0 0.00510204081632653 0.0
fan 0.0 0.00510204081632653 0.0
for 0.0008012820512820513 0.3877551020408163 0.00031070120355834637
and 0.0016025641025641025 0.8571428571428571 0.0013736263736263735
be 0.0008012820512820513 0.1377551020408163 0.00011038069073783359
act 0.0 0.00510204081632653 0.0
air 0.0 0.01020408163265306 0.0
bet 0.0 0.00510204081632653 0.0
russia 0.0 0.02040816326530612 0.0
ss 0.0 0.00510204081632653 0.0
lie 0.0 0.00510204081632653 0.0
de 0.0 0.025510204081632654 0.0
will 0.0 0.1989795918367347 0.0
ale 0.0 0.00510204081632653 0.0
it 0.0 0.2193877551020408 0.0
ia 0.0 0.00510204081632653 0.0
we 0.0 0.01020408163265306 0.0
enter 0.0 0.02040816326530612 0.0
fair 0.0 0.015306122448979591 0.0
from 0.00040064102564102563 0.3520408163265306 0.00014104199372056515
o 0.0 0.00510204081632653 0.0
I 0.0 0.0 0.0
by 0.0 0.33163265306122447 0.0
at 0.0 0.23469387755102042 0.0
en 0.0 0.00510204081632653 0.0
that 0.00040064102564102563 0.40816326530612246 0.00016352694924123495
or 0.0 0.09183673469387756 0.0
to 0.0008012820512820513 0.7806122448979592 0.0006254905808477237
