let 0.0 0.02040816326530612 0.0
he 0.000641025641025641 0.34183673469387754 0.00021912611198325482
get 0.0 0.0663265306122449 0.0
forest 0.0 0.04081632653061224 0.0
red 0.0 0.01020408163265306 0.0
the 0.0009615384615384616 0.9540816326530612 0.0009173861852433281
go 0.0 0.09183673469387756 0.0
hand 0.0 0.0 0.0
a 0.001282051282051282 0.8826530612244898 0.001131606488749346
in 0.0 0.7346938775510204 0.0
man 0.0 0.12755102040816327 0.0
as 0.0 0.3469387755102041 0.0
rest 0.0 0.025510204081632654 0.0
join 0.0 0.02040816326530612 0.0
city 0.0 0.09183673469387756 0.0
cop 0.0 0.03571428571428571 0.0
al 0.0 0.00510204081632653 0.0
kill 0.0 0.030612244897959183 0.0
she 0.0 0.19387755102040816 0.0
revive 0.0 0.0 0.0
after 0.0003205128205128205 0.1989795918367347 6.377551020408164e-05
replace 0.0 0.00510204081632653 0.0
case 0.0 0.030612244897959183 0.0
place 0.0 0.05612244897959184 0.0
dig 0.0 0.0 0.0
town 0.0 0.05102040816326531 0.0
teenage 0.0 0.025510204081632654 0.0
appear 0.0 0.0 0.0
on 0.0 0.3520408163265306 0.0
i 0.0 0.00510204081632653 0.0
big 0.0 0.02040816326530612 0.0
for 0.0 0.3877551020408163 0.0
blood 0.0 0.015306122448979591 0.0
and 0.000641025641025641 0.8571428571428571 0.0005494505494505495
be 0.0 0.1377551020408163 0.0
myth 0.0 0.015306122448979591 0.0
age 0.0 0.025510204081632654 0.0
it 0.0 0.2193877551020408 0.0
app 0.0 0.00510204081632653 0.0
with 0.000641025641025641 0.4387755102040816 0.0002812663526949241
forget 0.0 0.00510204081632653 0.0
must 0.0 0.07653061224489796 0.0
ia 0.0 0.00510204081632653 0.0
we 0.0 0.01020408163265306 0.0
o 0.0 0.00510204081632653 0.0
I 0.0 0.0 0.0
local 0.0 0.025510204081632654 0.0
j 0.0 0.00510204081632653 0.0
fore 0.0 0.00510204081632653 0.0
tour 0.0 0.00510204081632653 0.0
serial 0.0 0.01020408163265306 0.0
at 0.0003205128205128205 0.23469387755102042 7.522239665096809e-05
entity 0.0 0.01020408163265306 0.0
misty 0.0 0.01020408163265306 0.0
en 0.0 0.00510204081632653 0.0
that 0.0003205128205128205 0.40816326530612246 0.00013082155939298797
or 0.0 0.09183673469387756 0.0
to 0.000641025641025641 0.7806122448979592 0.000500392464678179
sk 0.0 0.00510204081632653 0.0
mus 0.0 0.00510204081632653 0.0
disappear 0.0 0.0 0.0
foreign 0.0 0.00510204081632653 0.0
tourist 0.0 0.00510204081632653 0.0
harry 0.0 0.0 0.0
kasturus 0.0 0.0 0.0
replacement 0.0 0.00510204081632653 0.0
angad 0.0 0.00510204081632653 0.0
skeleton 0.0 0.0 0.0
bloodthirsty 0.0 0.00510204081632653 0.0
killing 0.0 0.025510204081632654 0.0
