father 0.0 0.11734693877551021 0.0
he 0.0015508684863523572 0.34183673469387754 0.0005301438193143262
get 0.0 0.0663265306122449 0.0
red 0.0 0.01020408163265306 0.0
the 0.0009305210918114144 0.9540816326530612 0.0008877930824935434
go 0.0 0.09183673469387756 0.0
sin 0.0 0.01020408163265306 0.0
two 0.0 0.12755102040816327 0.0
a 0.0021712158808933004 0.8826530612244898 0.001916430343849699
story 0.0 0.12755102040816327 0.0
they 0.0 0.28061224489795916 0.0
several 0.0 0.02040816326530612 0.0
end 0.0 0.04591836734693878 0.0
ever 0.0 0.05102040816326531 0.0
in 0.0006203473945409429 0.7346938775510204 0.0004557654327239581
try 0.00031017369727047146 0.01020408163265306 3.1650377272497086e-06
one 0.0 0.18877551020408162 0.0
as 0.0 0.3469387755102041 0.0
era 0.0 0.01020408163265306 0.0
officer 0.0 0.04591836734693878 0.0
al 0.0 0.00510204081632653 0.0
also 0.0 0.09183673469387756 0.0
new 0.0 0.1377551020408163 0.0
she 0.0006203473945409429 0.19387755102040816 0.00012027143363548893
year 0.0 0.01020408163265306 0.0
after 0.00031017369727047146 0.1989795918367347 6.171823568136933e-05
murder 0.00031017369727047146 0.030612244897959183 9.495113181749125e-06
group 0.0 0.05102040816326531 0.0
play 0.0 0.00510204081632653 0.0
son 0.0 0.08163265306122448 0.0
single 0.0 0.030612244897959183 0.0
case 0.0 0.030612244897959183 0.0
cross 0.0 0.015306122448979591 0.0
indian 0.0 0.030612244897959183 0.0
industry 0.0 0.015306122448979591 0.0
news 0.0 0.015306122448979591 0.0
come 0.0 0.025510204081632654 0.0
across 0.0 0.04081632653061224 0.0
india 0.0 0.04081632653061224 0.0
put 0.0 0.03571428571428571 0.0
six 0.0 0.025510204081632654 0.0
even 0.0 0.07142857142857142 0.0
part 0.0 0.04081632653061224 0.0
on 0.00031017369727047146 0.3520408163265306 0.00010919380159011496
death 0.0 0.04591836734693878 0.0
great 0.0 0.03571428571428571 0.0
art 0.0 0.00510204081632653 0.0
old 0.0 0.05612244897959184 0.0
rape 0.0 0.00510204081632653 0.0
i 0.0 0.00510204081632653 0.0
win 0.0 0.015306122448979591 0.0
home 0.0 0.07653061224489796 0.0
there 0.0 0.08163265306122448 0.0
girl 0.0 0.08673469387755102 0.0
blood 0.0 0.015306122448979591 0.0
and 0.0015508684863523572 0.8571428571428571 0.0013293158454448775
be 0.0012406947890818859 0.1377551020408163 0.00017091203727148427
air 0.0 0.01020408163265306 0.0
cold 0.0 0.025510204081632654 0.0
ss 0.0 0.00510204081632653 0.0
de 0.0 0.025510204081632654 0.0
mean 0.0 0.0 0.0
surround 0.0 0.00510204081632653 0.0
here 0.0 0.01020408163265306 0.0
rich 0.0 0.01020408163265306 0.0
will 0.0 0.1989795918367347 0.0
nc 0.0 0.00510204081632653 0.0
central 0.0 0.02040816326530612 0.0
explore 0.0 0.015306122448979591 0.0
it 0.0 0.2193877551020408 0.0
role 0.0 0.02040816326530612 0.0
anna 0.0 0.015306122448979591 0.0
add 0.0 0.00510204081632653 0.0
rough 0.0 0.00510204081632653 0.0
career 0.0 0.02040816326530612 0.0
ex 0.0 0.00510204081632653 0.0
out 0.0 0.18877551020408162 0.0
minister 0.0 0.015306122448979591 0.0
heir 0.0 0.00510204081632653 0.0
ia 0.0 0.00510204081632653 0.0
hal 0.0 0.00510204081632653 0.0
we 0.0 0.01020408163265306 0.0
suspect 0.0 0.00510204081632653 0.0
fair 0.0 0.015306122448979591 0.0
o 0.0 0.00510204081632653 0.0
I 0.0 0.0 0.0
party 0.0 0.015306122448979591 0.0
j 0.0 0.00510204081632653 0.0
care 0.0 0.01020408163265306 0.0
office 0.0 0.01020408163265306 0.0
political 0.0 0.015306122448979591 0.0
investigate 0.0 0.00510204081632653 0.0
dea 0.0 0.00510204081632653 0.0
by 0.0006203473945409429 0.33163265306122447 0.00020572745227123105
at 0.0 0.23469387755102042 0.0
investigation 0.0 0.025510204081632654 0.0
so 0.0 0.030612244897959183 0.0
ann 0.0 0.00510204081632653 0.0
vicky 0.0 0.00510204081632653 0.0
rai 0.0 0.00510204081632653 0.0
cunning 0.0 0.00510204081632653 0.0
owner 0.0 0.00510204081632653 0.0
chhattisgarh 0.0 0.00510204081632653 0.0
jagannath 0.0 0.00510204081632653 0.0
arrange 0.0 0.0 0.0
celebrate 0.0 0.00510204081632653 0.0
acquittal 0.0 0.00510204081632653 0.0
shelter 0.0 0.00510204081632653 0.0
radar 0.0 0.00510204081632653 0.0
dcp 0.0 0.00510204081632653 0.0
sudha 0.0 0.00510204081632653 0.0
bhardwaj 0.0 0.00510204081632653 0.0
suraj 0.0 0.00510204081632653 0.0
yadav 0.0 0.00510204081632653 0.0
bureau 0.0 0.00510204081632653 0.0
unintended 0.0 0.00510204081632653 0.0
halt 0.0 0.00510204081632653 0.0
foul 0.0 0.00510204081632653 0.0
version 0.0 0.00510204081632653 0.0
weave 0.0 0.00510204081632653 0.0
richa 0.0 0.00510204081632653 0.0
chadda 0.0 0.00510204081632653 0.0
pratik 0.0 0.00510204081632653 0.0
gandhi 0.0 0.00510204081632653 0.0
cbi 0.0 0.00510204081632653 0.0
reference 0.0 0.00510204081632653 0.0
through 0.0 0.08163265306122448 0.0
car 0.0 0.00510204081632653 0.0
hard 0.0 0.01020408163265306 0.0
ring 0.0 0.00510204081632653 0.0
en 0.0 0.00510204081632653 0.0
eat 0.0 0.00510204081632653 0.0
that 0.0006203473945409429 0.40816326530612246 0.0002532030181799767
or 0.0 0.09183673469387756 0.0
pa 0.0 0.00510204081632653 0.0
intend 0.0 0.00510204081632653 0.0
to 0.0006203473945409429 0.7806122448979592 0.0004842507722692055
invest 0.0 0.00510204081632653 0.0
who 0.00031017369727047146 0.39285714285714285 0.00012185395249911379
