he 0.00048379293662312534 0.34183673469387754 0.00016537819772321122
the 0.00024189646831156267 0.9540816326530612 0.0002307889774197052
two 0.0 0.12755102040816327 0.0
control 0.0 0.04591836734693878 0.0
a 0.001451378809869376 0.8826530612244898 0.0012810639495275614
end 0.0 0.04591836734693878 0.0
in 0.0012094823415578133 0.7346938775510204 0.0008885992713485976
house 0.0 0.061224489795918366 0.0
agent 0.0 0.015306122448979591 0.0
agency 0.0 0.02040816326530612 0.0
secret 0.0 0.061224489795918366 0.0
magic 0.0 0.025510204081632654 0.0
send 0.0 0.0 0.0
best 0.0 0.03571428571428571 0.0
hansel 0.0 0.00510204081632653 0.0
gretel 0.0 0.00510204081632653 0.0
fight 0.0 0.03571428571428571 0.0
witch 0.0 0.00510204081632653 0.0
gingerbread 0.0 0.00510204081632653 0.0
on 0.00024189646831156267 0.3520408163265306 8.515743017090726e-05
i 0.0 0.00510204081632653 0.0
and 0.0009675858732462507 0.8571428571428571 0.0008293593199253577
use 0.00024189646831156267 0.02040816326530612 4.93666261860332e-06
age 0.00024189646831156267 0.025510204081632654 6.1708282732541495e-06
will 0.0 0.1989795918367347 0.0
nc 0.0 0.00510204081632653 0.0
it 0.0 0.2193877551020408 0.0
gain 0.0 0.00510204081632653 0.0
we 0.0 0.01020408163265306 0.0
o 0.0 0.00510204081632653 0.0
en 0.0 0.00510204081632653 0.0
to 0.000725689404934688 0.7806122448979592 0.0005664820354847309
