dream 0.0 0.015306122448979591 0.0
but 0.0 0.3112244897959184 0.0
he 0.0 0.34183673469387754 0.0
get 0.0 0.0663265306122449 0.0
the 0.0011538461538461537 0.9540816326530612 0.0011008634222919936
relationship 0.0 0.05612244897959184 0.0
find 0.0003846153846153846 0.08163265306122448 3.139717425431711e-05
thing 0.0 0.00510204081632653 0.0
a 0.0023076923076923075 0.8826530612244898 0.0020368916797488226
mature 0.0 0.00510204081632653 0.0
they 0.0011538461538461537 0.28061224489795916 0.00032378335949764515
end 0.0 0.04591836734693878 0.0
in 0.0007692307692307692 0.7346938775510204 0.000565149136577708
man 0.0 0.12755102040816327 0.0
no 0.0 0.07142857142857142 0.0
as 0.0 0.3469387755102041 0.0
desire 0.0 0.02040816326530612 0.0
al 0.0 0.00510204081632653 0.0
dr 0.0 0.00510204081632653 0.0
she 0.0 0.19387755102040816 0.0
ship 0.0 0.02040816326530612 0.0
son 0.0 0.08163265306122448 0.0
friend 0.0 0.0663265306122449 0.0
can 0.0 0.08673469387755102 0.0
spirited 0.0 0.01020408163265306 0.0
on 0.0007692307692307692 0.3520408163265306 0.0002708006279434851
row 0.0 0.00510204081632653 0.0
begin 0.0 0.025510204081632654 0.0
meet 0.0 0.030612244897959183 0.0
i 0.0 0.00510204081632653 0.0
spirit 0.0 0.01020408163265306 0.0
due 0.0 0.01020408163265306 0.0
sexual 0.0 0.01020408163265306 0.0
social 0.0 0.04081632653061224 0.0
girl 0.0 0.08673469387755102 0.0
reject 0.0 0.01020408163265306 0.0
woman 0.0 0.07142857142857142 0.0
and 0.0011538461538461537 0.8571428571428571 0.0009890109890109888
sex 0.0 0.03571428571428571 0.0
grow 0.0 0.0 0.0
action 0.0 0.01020408163265306 0.0
be 0.0 0.1377551020408163 0.0
all 0.0 0.17346938775510204 0.0
act 0.0 0.00510204081632653 0.0
student 0.0 0.025510204081632654 0.0
spectrum 0.0 0.01020408163265306 0.0
person 0.0 0.030612244897959183 0.0
ss 0.0 0.00510204081632653 0.0
open 0.0 0.00510204081632653 0.0
de 0.0 0.025510204081632654 0.0
emotional 0.0 0.03571428571428571 0.0
date 0.0 0.0 0.0
will 0.0003846153846153846 0.1989795918367347 7.653061224489796e-05
free 0.0 0.025510204081632654 0.0
nc 0.0 0.00510204081632653 0.0
ale 0.0 0.00510204081632653 0.0
explore 0.0 0.015306122448979591 0.0
it 0.0003846153846153846 0.2193877551020408 8.437990580847723e-05
together 0.0 0.05612244897959184 0.0
pt 0.0 0.00510204081632653 0.0
school 0.0 0.05102040816326531 0.0
female 0.0 0.02040816326530612 0.0
male 0.0 0.00510204081632653 0.0
with 0.0 0.4387755102040816 0.0
ex 0.0 0.00510204081632653 0.0
relation 0.0 0.0 0.0
fact 0.0 0.02040816326530612 0.0
heir 0.0 0.00510204081632653 0.0
ia 0.0 0.00510204081632653 0.0
we 0.0 0.01020408163265306 0.0
more 0.0 0.08163265306122448 0.0
something 0.0 0.025510204081632654 0.0
o 0.0 0.00510204081632653 0.0
I 0.0 0.0 0.0
j 0.0 0.00510204081632653 0.0
adèle 0.0 0.00510204081632653 0.0
high 0.0 0.015306122448979591 0.0
satisfaction 0.0 0.00510204081632653 0.0
sexually 0.0 0.00510204081632653 0.0
emma 0.0 0.00510204081632653 0.0
sexuality 0.0 0.01020408163265306 0.0
association 0.0 0.00510204081632653 0.0
express 0.0 0.00510204081632653 0.0
openly 0.0 0.00510204081632653 0.0
acceptance 0.0 0.00510204081632653 0.0
by 0.0 0.33163265306122447 0.0
most 0.0 0.07653061224489796 0.0
at 0.0 0.23469387755102042 0.0
so 0.0 0.030612244897959183 0.0
ring 0.0 0.00510204081632653 0.0
pen 0.0 0.00510204081632653 0.0
en 0.0 0.00510204081632653 0.0
or 0.0 0.09183673469387756 0.0
to 0.0011538461538461537 0.7806122448979592 0.0009007064364207221
whom 0.0 0.02040816326530612 0.0
who 0.0 0.39285714285714285 0.0
