he 0.0024206562668101133 0.34183673469387754 0.0008274692340626407
get 0.0 0.0663265306122449 0.0
the 0.0016137708445400753 0.9540816326530612 0.0015396691220867045
go 0.00026896180742334586 0.09183673469387756 2.47005741511236e-05
involvement 0.0 0.01020408163265306 0.0
a 0.002151694459386767 0.8826530612244898 0.0018991997013975035
force 0.0 0.025510204081632654 0.0
in 0.0010758472296933835 0.7346938775510204 0.0007904183728359552
man 0.0005379236148466917 0.12755102040816327 6.861270597534333e-05
when 0.00026896180742334586 0.27040816326530615 7.272946833386393e-05
city 0.0 0.09183673469387756 0.0
al 0.0 0.00510204081632653 0.0
kill 0.0 0.030612244897959183 0.0
murder 0.0 0.030612244897959183 0.0
figure 0.0 0.01020408163265306 0.0
family 0.00026896180742334586 0.22448979591836735 6.0379181258302136e-05
on 0.0 0.3520408163265306 0.0
begin 0.0 0.025510204081632654 0.0
i 0.0 0.00510204081632653 0.0
killer 0.0 0.01020408163265306 0.0
for 0.0005379236148466917 0.3877551020408163 0.00020858262616504371
and 0.0005379236148466917 0.8571428571428571 0.00046107738415430716
be 0.0008068854222700376 0.1377551020408163 0.0001111525836800562
key 0.0 0.015306122448979591 0.0
de 0.0 0.025510204081632654 0.0
hide 0.0 0.00510204081632653 0.0
it 0.0005379236148466917 0.2193877551020408 0.00011801385427759053
pt 0.0 0.00510204081632653 0.0
quest 0.0 0.01020408163265306 0.0
ia 0.0 0.00510204081632653 0.0
hidden 0.0 0.030612244897959183 0.0
o 0.0 0.00510204081632653 0.0
I 0.0 0.0 0.0
question 0.0 0.01020408163265306 0.0
corrupt 0.0 0.015306122448979591 0.0
riddler 0.0 0.00510204081632653 0.0
sadistic 0.0 0.00510204081632653 0.0
serial 0.0 0.01020408163265306 0.0
political 0.0 0.015306122448979591 0.0
gotham 0.0 0.00510204081632653 0.0
batman 0.0 0.00510204081632653 0.0
investigate 0.0 0.00510204081632653 0.0
corruption 0.0 0.00510204081632653 0.0
at 0.0 0.23469387755102042 0.0
ring 0.0 0.00510204081632653 0.0
en 0.0 0.00510204081632653 0.0
or 0.0 0.09183673469387756 0.0
to 0.00026896180742334586 0.7806122448979592 0.00020995488028455062
invest 0.0 0.00510204081632653 0.0
