but 0.0 0.3112244897959184 0.0
he 0.0010302197802197802 0.34183673469387754 0.00035216696568737387
the 0.0013736263736263735 0.9540816326530612 0.0013105516932047543
go 0.0 0.09183673469387756 0.0
decide 0.0003434065934065934 0.03571428571428571 1.226452119309262e-05
relationship 0.0 0.05612244897959184 0.0
a 0.002403846153846154 0.8826530612244898 0.0021217621664050236
story 0.0 0.12755102040816327 0.0
couple 0.0 0.03571428571428571 0.0
yet 0.0 0.025510204081632654 0.0
they 0.0 0.28061224489795916 0.0
end 0.0006868131868131868 0.04591836734693878 3.15373402108096e-05
in 0.0013736263736263735 0.7346938775510204 0.001009194886745907
man 0.0 0.12755102040816327 0.0
no 0.0 0.07142857142857142 0.0
french 0.0 0.03571428571428571 0.0
this 0.0 0.17346938775510204 0.0
turn 0.0 0.025510204081632654 0.0
as 0.0 0.3469387755102041 0.0
era 0.0 0.01020408163265306 0.0
move 0.0 0.025510204081632654 0.0
when 0.0 0.27040816326530615 0.0
many 0.0 0.02040816326530612 0.0
later 0.0003434065934065934 0.061224489795918366 2.1024893473873064e-05
al 0.0 0.00510204081632653 0.0
director 0.0 0.015306122448979591 0.0
pavel 0.0 0.00510204081632653 0.0
ruminov 0.0 0.00510204081632653 0.0
film 0.0013736263736263735 0.061224489795918366 8.409957389549225e-05
actress 0.0 0.025510204081632654 0.0
nataliia 0.0 0.00510204081632653 0.0
anisimova 0.0 0.00510204081632653 0.0
break 0.0 0.01020408163265306 0.0
want 0.0 0.01020408163265306 0.0
apartment 0.0 0.02040816326530612 0.0
natalia 0.0 0.00510204081632653 0.0
agree 0.0 0.015306122448979591 0.0
affair 0.0 0.00510204081632653 0.0
although 0.0 0.02040816326530612 0.0
say 0.0 0.0 0.0
new 0.0003434065934065934 0.1377551020408163 4.730601031621439e-05
girlfriend 0.0 0.02040816326530612 0.0
masha 0.0 0.01020408163265306 0.0
she 0.0003434065934065934 0.19387755102040816 6.657882933393136e-05
claim 0.0 0.00510204081632653 0.0
year 0.0003434065934065934 0.01020408163265306 3.504148912312177e-06
reconstruct 0.0 0.00510204081632653 0.0
make 0.0 0.061224489795918366 0.0
style 0.0 0.01020408163265306 0.0
wave 0.0 0.00510204081632653 0.0
process 0.0 0.015306122448979591 0.0
gerald 0.0 0.00510204081632653 0.0
alter 0.0 0.01020408163265306 0.0
ego 0.0 0.00510204081632653 0.0
dissatisfy 0.0 0.0 0.0
ship 0.0 0.02040816326530612 0.0
late 0.0 0.02040816326530612 0.0
friend 0.0 0.0663265306122449 0.0
thou 0.0 0.01020408163265306 0.0
part 0.0 0.04081632653061224 0.0
on 0.0 0.3520408163265306 0.0
art 0.0 0.00510204081632653 0.0
what 0.0 0.1377551020408163 0.0
i 0.0 0.00510204081632653 0.0
girl 0.0 0.08673469387755102 0.0
for 0.0 0.3877551020408163 0.0
and 0.0010302197802197802 0.8571428571428571 0.0008830455259026687
be 0.0003434065934065934 0.1377551020408163 4.730601031621439e-05
act 0.0 0.00510204081632653 0.0
air 0.0 0.01020408163265306 0.0
ii 0.0 0.015306122448979591 0.0
ss 0.0 0.00510204081632653 0.0
de 0.0 0.025510204081632654 0.0
nc 0.0 0.00510204081632653 0.0
it 0.0003434065934065934 0.2193877551020408 7.533920161471181e-05
with 0.0006868131868131868 0.4387755102040816 0.00030135680645884726
not 0.0 0.14795918367346939 0.0
ex 0.0 0.00510204081632653 0.0
relation 0.0 0.0 0.0
out 0.0 0.18877551020408162 0.0
document 0.0 0.00510204081632653 0.0
heir 0.0 0.00510204081632653 0.0
ia 0.0 0.00510204081632653 0.0
fair 0.0 0.015306122448979591 0.0
o 0.0 0.00510204081632653 0.0
I 0.0 0.0 0.0
apart 0.0 0.01020408163265306 0.0
direct 0.0 0.00510204081632653 0.0
at 0.0010302197802197802 0.23469387755102042 0.00024178627494954026
dire 0.0 0.00510204081632653 0.0
en 0.0 0.00510204081632653 0.0
that 0.0 0.40816326530612246 0.0
or 0.0 0.09183673469387756 0.0
pa 0.0 0.00510204081632653 0.0
to 0.0006868131868131868 0.7806122448979592 0.0005361347835837632
though 0.0 0.00510204081632653 0.0
