he 0.0 0.34183673469387754 0.0
red 0.0 0.01020408163265306 0.0
the 0.0032594524119947846 0.9540816326530612 0.0031097836787909424
stop 0.0 0.03571428571428571 0.0
take 0.0003259452411994785 0.09183673469387756 2.9933746640768434e-05
thing 0.0 0.00510204081632653 0.0
lead 0.0 0.02040816326530612 0.0
a 0.0003259452411994785 0.8826530612244898 0.0002876965649362744
in 0.001303780964797914 0.7346938775510204 0.0009578798925045899
no 0.0 0.07142857142857142 0.0
turn 0.0 0.025510204081632654 0.0
as 0.0003259452411994785 0.3469387755102041 0.00011308304286512519
criminal 0.0 0.025510204081632654 0.0
al 0.0 0.00510204081632653 0.0
she 0.0 0.19387755102040816 0.0
arm 0.0 0.00510204081632653 0.0
agent 0.0 0.015306122448979591 0.0
nothing 0.0 0.030612244897959183 0.0
cast 0.0 0.01020408163265306 0.0
plan 0.0 0.02040816326530612 0.0
even 0.0 0.07142857142857142 0.0
number 0.0 0.01020408163265306 0.0
on 0.0 0.3520408163265306 0.0
orchestrate 0.0 0.0 0.0
master 0.0 0.00510204081632653 0.0
i 0.0 0.00510204081632653 0.0
social 0.0 0.04081632653061224 0.0
there 0.0 0.08163265306122448 0.0
and 0.001303780964797914 0.8571428571428571 0.0011175265412553548
be 0.0 0.1377551020408163 0.0
captivity 0.0 0.01020408163265306 0.0
all 0.0 0.17346938775510204 0.0
less 0.0 0.00510204081632653 0.0
relentless 0.0 0.01020408163265306 0.0
age 0.0 0.025510204081632654 0.0
ss 0.0 0.00510204081632653 0.0
de 0.0 0.025510204081632654 0.0
here 0.0 0.01020408163265306 0.0
will 0.0 0.1989795918367347 0.0
nc 0.0 0.00510204081632653 0.0
ale 0.0 0.00510204081632653 0.0
it 0.0 0.2193877551020408 0.0
pt 0.0 0.00510204081632653 0.0
deal 0.0 0.015306122448979591 0.0
capture 0.0 0.00510204081632653 0.0
mind 0.0 0.01020408163265306 0.0
ambitious 0.0 0.01020408163265306 0.0
not 0.0 0.14795918367346939 0.0
recently 0.0 0.025510204081632654 0.0
out 0.0 0.18877551020408162 0.0
then 0.0 0.05612244897959184 0.0
ia 0.0003259452411994785 0.00510204081632653 1.662985924487135e-06
we 0.000651890482398957 0.01020408163265306 6.65194369794854e-06
national 0.0 0.01020408163265306 0.0
oil 0.0 0.00510204081632653 0.0
o 0.0 0.00510204081632653 0.0
lou 0.0 0.00510204081632653 0.0
brilliant 0.0 0.01020408163265306 0.0
thriller 0.0 0.00510204081632653 0.0
elena 0.0 0.01020408163265306 0.0
federova 0.0 0.00510204081632653 0.0
international 0.0 0.00510204081632653 0.0
dealer 0.0 0.01020408163265306 0.0
mastermind 0.0 0.00510204081632653 0.0
coordinate 0.0 0.0 0.0
bank 0.0 0.00510204081632653 0.0
heist 0.0 0.00510204081632653 0.0
val 0.0 0.00510204081632653 0.0
turner 0.0 0.00510204081632653 0.0
principled 0.0 0.00510204081632653 0.0
socially 0.0 0.00510204081632653 0.0
outcast 0.0 0.00510204081632653 0.0
fbi 0.0 0.00510204081632653 0.0
foil 0.0 0.00510204081632653 0.0
top 0.0 0.00510204081632653 0.0
nate 0.0 0.00510204081632653 0.0
high 0.0 0.015306122448979591 0.0
dea 0.0 0.00510204081632653 0.0
at 0.0 0.23469387755102042 0.0
so 0.0 0.030612244897959183 0.0
stake 0.0 0.00510204081632653 0.0
en 0.0 0.00510204081632653 0.0
or 0.0 0.09183673469387756 0.0
to 0.000651890482398957 0.7806122448979592 0.0005088736928930633
nation 0.0 0.01020408163265306 0.0
principle 0.0 0.00510204081632653 0.0
lena 0.0 0.00510204081632653 0.0
who 0.0 0.39285714285714285 0.0
