he 0.0004180602006688963 0.34183673469387754 0.00014290833390212272
the 0.0020903010033444815 0.9540816326530612 0.0019943177940072348
a 0.0020903010033444815 0.8826530612244898 0.0018450105794826292
love 0.0 0.09183673469387756 0.0
boy 0.0 0.030612244897959183 0.0
end 0.0 0.04591836734693878 0.0
in 0.0008361204013377926 0.7346938775510204 0.0006142925397583783
event 0.0004180602006688963 0.0 0.0
time 0.0 0.14795918367346939 0.0
as 0.0 0.3469387755102041 0.0
mission 0.0 0.07142857142857142 0.0
girlfriend 0.0 0.02040816326530612 0.0
she 0.0 0.19387755102040816 0.0
viewer 0.0 0.00510204081632653 0.0
plot 0.0 0.025510204081632654 0.0
friend 0.0 0.0663265306122449 0.0
unfold 0.0004180602006688963 0.00510204081632653 2.1329602074943686e-06
even 0.0 0.07142857142857142 0.0
on 0.0004180602006688963 0.3520408163265306 0.00014717425431711145
lot 0.0 0.00510204081632653 0.0
old 0.0 0.05612244897959184 0.0
i 0.0 0.00510204081632653 0.0
situation 0.0 0.015306122448979591 0.0
over 0.0 0.07653061224489796 0.0
series 0.0 0.07142857142857142 0.0
girl 0.0 0.08673469387755102 0.0
lover 0.0 0.0 0.0
for 0.0004180602006688963 0.3877551020408163 0.00016210497576957204
and 0.0016722408026755853 0.8571428571428571 0.0014333492594362158
action 0.0 0.01020408163265306 0.0
be 0.0 0.1377551020408163 0.0
act 0.0 0.00510204081632653 0.0
race 0.0 0.03571428571428571 0.0
rescue 0.0 0.00510204081632653 0.0
boyfriend 0.0 0.03571428571428571 0.0
sticky 0.0 0.00510204081632653 0.0
looop 0.0 0.00510204081632653 0.0
lapeta 0.0 0.00510204081632653 0.0
promise 0.0 0.0 0.0
adventurous 0.0 0.00510204081632653 0.0
ride 0.0 0.00510204081632653 0.0
trigger 0.0 0.00510204081632653 0.0
fortunate 0.0 0.00510204081632653 0.0
unfortunate 0.0 0.00510204081632653 0.0
ss 0.0 0.00510204081632653 0.0
de 0.0 0.025510204081632654 0.0
it 0.0 0.2193877551020408 0.0
omi 0.0 0.00510204081632653 0.0
gain 0.0 0.00510204081632653 0.0
we 0.0 0.01020408163265306 0.0
from 0.0 0.3520408163265306 0.0
o 0.0 0.00510204081632653 0.0
I 0.0 0.0 0.0
nate 0.0 0.00510204081632653 0.0
tim 0.0 0.00510204081632653 0.0
at 0.0 0.23469387755102042 0.0
en 0.0 0.00510204081632653 0.0
or 0.0 0.09183673469387756 0.0
to 0.0004180602006688963 0.7806122448979592 0.00032634291174663845
fort 0.0 0.00510204081632653 0.0
