labor 0.0 0.01020408163265306 0.0
work 0.0 0.04591836734693878 0.0
live 0.0 0.05612244897959184 0.0
life 0.0 0.20408163265306123 0.0
king 0.0 0.030612244897959183 0.0
but 0.0 0.3112244897959184 0.0
brother 0.0 0.04081632653061224 0.0
child 0.0 0.04081632653061224 0.0
he 0.0 0.34183673469387754 0.0
get 0.0 0.0663265306122449 0.0
the 0.004615384615384615 0.9540816326530612 0.004403453689167974
go 0.0 0.09183673469387756 0.0
side 0.0 0.015306122448979591 0.0
call 0.0 0.01020408163265306 0.0
find 0.0 0.08163265306122448 0.0
member 0.0 0.00510204081632653 0.0
give 0.0 0.015306122448979591 0.0
ask 0.0 0.00510204081632653 0.0
sin 0.0 0.01020408163265306 0.0
lead 0.0 0.02040816326530612 0.0
war 0.0 0.05612244897959184 0.0
a 0.0 0.8826530612244898 0.0
story 0.0 0.12755102040816327 0.0
happy 0.0 0.025510204081632654 0.0
other 0.0 0.08163265306122448 0.0
they 0.0 0.28061224489795916 0.0
day 0.0 0.09183673469387756 0.0
belong 0.0 0.01020408163265306 0.0
in 0.0 0.7346938775510204 0.0
man 0.0 0.12755102040816327 0.0
no 0.0 0.07142857142857142 0.0
as 0.0 0.3469387755102041 0.0
people 0.0 0.11734693877551021 0.0
house 0.0015384615384615385 0.061224489795918366 9.419152276295133e-05
escape 0.0 0.04591836734693878 0.0
later 0.0 0.061224489795918366 0.0
rest 0.0 0.025510204081632654 0.0
law 0.0 0.01020408163265306 0.0
cop 0.0 0.03571428571428571 0.0
al 0.0 0.00510204081632653 0.0
dr 0.0 0.00510204081632653 0.0
new 0.0 0.1377551020408163 0.0
she 0.0 0.19387755102040816 0.0
inside 0.0 0.02040816326530612 0.0
wife 0.0 0.05612244897959184 0.0
leave 0.0 0.02040816326530612 0.0
after 0.0 0.1989795918367347 0.0
akan 0.0 0.00510204081632653 0.0
son 0.0 0.08163265306122448 0.0
hear 0.0 0.00510204081632653 0.0
late 0.0 0.02040816326530612 0.0
case 0.0 0.030612244897959183 0.0
fight 0.0015384615384615385 0.03571428571428571 5.4945054945054945e-05
cross 0.0 0.015306122448979591 0.0
village 0.0 0.025510204081632654 0.0
family 0.0 0.22448979591836735 0.0
rajakannu 0.0 0.00510204081632653 0.0
sengenus 0.0 0.0 0.0
lower 0.0 0.00510204081632653 0.0
cast 0.0 0.01020408163265306 0.0
field 0.0 0.00510204081632653 0.0
protect 0.0 0.02040816326530612 0.0
rat 0.0 0.0 0.0
thou 0.0 0.01020408163265306 0.0
poverty 0.0 0.01020408163265306 0.0
plan 0.0 0.02040816326530612 0.0
second 0.0 0.02040816326530612 0.0
soon 0.0 0.04081632653061224 0.0
sengeni 0.0 0.00510204081632653 0.0
good 0.0 0.025510204081632654 0.0
news 0.0 0.015306122448979591 0.0
rajkannu 0.0 0.00510204081632653 0.0
upper 0.0 0.01020408163265306 0.0
caste 0.0 0.01020408163265306 0.0
snake 0.0 0.00510204081632653 0.0
sneak 0.0 0.0 0.0
next 0.0 0.015306122448979591 0.0
theft 0.0 0.01020408163265306 0.0
jewelry 0.0 0.00510204081632653 0.0
report 0.0 0.0 0.0
suspicious 0.0 0.00510204081632653 0.0
raising 0.0 0.00510204081632653 0.0
towards 0.0 0.015306122448979591 0.0
arrest 0.0 0.00510204081632653 0.0
town 0.0 0.05102040816326531 0.0
follow 0.0 0.015306122448979591 0.0
detain 0.0 0.00510204081632653 0.0
pregnant 0.0 0.01020408163265306 0.0
senganus 0.0 0.0 0.0
detail 0.0 0.0 0.0
trace 0.0 0.015306122448979591 0.0
torture 0.0 0.01020408163265306 0.0
jail 0.0 0.00510204081632653 0.0
confess 0.0 0.00510204081632653 0.0
crime 0.0 0.030612244897959183 0.0
commit 0.0 0.01020408163265306 0.0
elope 0.0 0.0 0.0
prison 0.0 0.015306122448979591 0.0
teach 0.0 0.00510204081632653 0.0
tribal 0.0 0.00510204081632653 0.0
come 0.0 0.025510204081632654 0.0
across 0.0 0.04081632653061224 0.0
lawyer 0.0 0.01020408163265306 0.0
chandru 0.0 0.00510204081632653 0.0
senegeni 0.0 0.00510204081632653 0.0
file 0.0 0.0 0.0
habeas 0.0 0.00510204081632653 0.0
corpus 0.0 0.00510204081632653 0.0
court 0.0 0.015306122448979591 0.0
long 0.0 0.05612244897959184 0.0
on 0.0 0.3520408163265306 0.0
once 0.0 0.061224489795918366 0.0
what 0.0 0.1377551020408163 0.0
i 0.0 0.00510204081632653 0.0
win 0.0 0.015306122448979591 0.0
for 0.0 0.3877551020408163 0.0
and 0.0015384615384615385 0.8571428571428571 0.0013186813186813187
be 0.0 0.1377551020408163 0.0
all 0.0 0.17346938775510204 0.0
race 0.0 0.03571428571428571 0.0
use 0.0 0.02040816326530612 0.0
myth 0.0 0.015306122448979591 0.0
age 0.0 0.025510204081632654 0.0
ss 0.0 0.00510204081632653 0.0
de 0.0 0.025510204081632654 0.0
will 0.0 0.1989795918367347 0.0
nc 0.0 0.00510204081632653 0.0
ale 0.0 0.00510204081632653 0.0
it 0.0 0.2193877551020408 0.0
app 0.0 0.00510204081632653 0.0
with 0.0 0.4387755102040816 0.0
not 0.0 0.14795918367346939 0.0
ex 0.0 0.00510204081632653 0.0
out 0.0 0.18877551020408162 0.0
we 0.0 0.01020408163265306 0.0
aka 0.0 0.00510204081632653 0.0
sam 0.0 0.00510204081632653 0.0
leaf 0.0 0.0 0.0
from 0.0 0.3520408163265306 0.0
o 0.0 0.00510204081632653 0.0
I 0.0 0.0 0.0
if 0.0 0.03571428571428571 0.0
j 0.0 0.00510204081632653 0.0
roth 0.0 0.00510204081632653 0.0
jack 0.0 0.015306122448979591 0.0
at 0.0 0.23469387755102042 0.0
toward 0.0 0.01020408163265306 0.0
so 0.0 0.030612244897959183 0.0
ann 0.0 0.00510204081632653 0.0
rai 0.0 0.00510204081632653 0.0
ring 0.0 0.00510204081632653 0.0
en 0.0 0.00510204081632653 0.0
alex 0.0 0.01020408163265306 0.0
that 0.0 0.40816326530612246 0.0
or 0.0 0.09183673469387756 0.0
to 0.0015384615384615385 0.7806122448979592 0.0012009419152276297
ski 0.0 0.00510204081632653 0.0
low 0.0 0.00510204081632653 0.0
sk 0.0 0.00510204081632653 0.0
who 0.0 0.39285714285714285 0.0
