sum 0.0 0.01020408163265306 0.0
dream 0.0 0.015306122448979591 0.0
life 0.0005268703898840885 0.20408163265306123 0.00010752456936409969
but 0.0 0.3112244897959184 0.0
always 0.0 0.02040816326530612 0.0
child 0.0 0.04081632653061224 0.0
father 0.001053740779768177 0.11734693877551021 0.00012365325476871466
he 0.0005268703898840885 0.34183673469387754 0.00018010365368486698
get 0.0 0.0663265306122449 0.0
the 0.002107481559536354 0.9540816326530612 0.002010709447108664
become 0.0 0.05612244897959184 0.0
decide 0.0 0.03571428571428571 0.0
find 0.0 0.08163265306122448 0.0
take 0.001053740779768177 0.09183673469387756 9.677211242768973e-05
lead 0.0 0.02040816326530612 0.0
a 0.001053740779768177 0.8826530612244898 0.0009300875249994623
love 0.0 0.09183673469387756 0.0
story 0.0 0.12755102040816327 0.0
end 0.0 0.04591836734693878 0.0
belong 0.0 0.01020408163265306 0.0
in 0.0005268703898840885 0.7346938775510204 0.0003870884497107589
man 0.0 0.12755102040816327 0.0
no 0.0 0.07142857142857142 0.0
one 0.0 0.18877551020408162 0.0
see 0.0 0.04081632653061224 0.0
this 0.0 0.17346938775510204 0.0
turn 0.0 0.025510204081632654 0.0
as 0.0 0.3469387755102041 0.0
people 0.0 0.11734693877551021 0.0
move 0.0 0.025510204081632654 0.0
later 0.0 0.061224489795918366 0.0
al 0.0 0.00510204081632653 0.0
dr 0.0 0.00510204081632653 0.0
former 0.0 0.03571428571428571 0.0
apartment 0.0005268703898840885 0.02040816326530612 1.0752456936409969e-05
new 0.0 0.1377551020408163 0.0
girlfriend 0.0 0.02040816326530612 0.0
she 0.004214963119072708 0.19387755102040816 0.0008171867271671576
childhood 0.0 0.030612244897959183 0.0
name 0.0 0.025510204081632654 0.0
after 0.0005268703898840885 0.1989795918367347 0.00010483645512999719
paris 0.0 0.04591836734693878 0.0
concern 0.0 0.00510204081632653 0.0
around 0.0 0.08673469387755102 0.0
hear 0.0 0.00510204081632653 0.0
late 0.0 0.02040816326530612 0.0
lose 0.0 0.00510204081632653 0.0
world 0.0 0.19387755102040816 0.0
fail 0.0 0.0 0.0
soul 0.0 0.01020408163265306 0.0
friend 0.0 0.0663265306122449 0.0
come 0.0 0.025510204081632654 0.0
young 0.0 0.15816326530612246 0.0
long 0.0 0.05612244897959184 0.0
part 0.0 0.04081632653061224 0.0
discover 0.0 0.025510204081632654 0.0
on 0.0005268703898840885 0.3520408163265306 0.00018547988215307198
once 0.0 0.061224489795918366 0.0
art 0.0 0.00510204081632653 0.0
old 0.0 0.05612244897959184 0.0
hold 0.0 0.01020408163265306 0.0
i 0.0 0.00510204081632653 0.0
cup 0.0 0.00510204081632653 0.0
dev 0.0 0.00510204081632653 0.0
over 0.0 0.07653061224489796 0.0
girl 0.0 0.08673469387755102 0.0
fan 0.0 0.00510204081632653 0.0
way 0.0 0.03571428571428571 0.0
for 0.0 0.3877551020408163 0.0
woman 0.0 0.07142857142857142 0.0
and 0.0005268703898840885 0.8571428571428571 0.00045160319132921866
action 0.0 0.01020408163265306 0.0
be 0.0 0.1377551020408163 0.0
act 0.0 0.00510204081632653 0.0
return 0.0 0.030612244897959183 0.0
whose 0.0 0.04591836734693878 0.0
ghost 0.0 0.01020408163265306 0.0
age 0.0 0.025510204081632654 0.0
ss 0.0 0.00510204081632653 0.0
lie 0.0 0.00510204081632653 0.0
de 0.0 0.025510204081632654 0.0
will 0.0 0.1989795918367347 0.0
form 0.0 0.01020408163265306 0.0
nc 0.0 0.00510204081632653 0.0
central 0.0 0.02040816326530612 0.0
it 0.0 0.2193877551020408 0.0
pt 0.0 0.00510204081632653 0.0
sumi 0.0 0.00510204081632653 0.0
sumus 0.0 0.0 0.0
capture 0.0 0.00510204081632653 0.0
with 0.0 0.4387755102040816 0.0
quest 0.0 0.01020408163265306 0.0
amélie 0.0 0.00510204081632653 0.0
suppress 0.0 0.0 0.0
mistaken 0.0 0.00510204081632653 0.0
heart 0.0 0.030612244897959183 0.0
defect 0.0 0.00510204081632653 0.0
hardly 0.0 0.00510204081632653 0.0
contact 0.0 0.015306122448979591 0.0
resort 0.0 0.00510204081632653 0.0
fantastical 0.0 0.00510204081632653 0.0
beauty 0.0 0.01020408163265306 0.0
waitress 0.0 0.00510204081632653 0.0
treasure 0.0 0.015306122448979591 0.0
occupant 0.0 0.00510204081632653 0.0
reaction 0.0 0.01020408163265306 0.0
perspective 0.0 0.00510204081632653 0.0
devote 0.0 0.00510204081632653 0.0
such 0.0 0.025510204081632654 0.0
obsess 0.0 0.0 0.0
writer 0.0 0.00510204081632653 0.0
hypochondriac 0.0 0.00510204081632653 0.0
stalk 0.0 0.0 0.0
ex 0.0 0.00510204081632653 0.0
bone 0.0 0.0 0.0
brittle 0.0 0.00510204081632653 0.0
glass 0.0 0.00510204081632653 0.0
consume 0.0 0.0 0.0
escapade 0.0 0.0 0.0
disregard 0.0 0.0 0.0
damage 0.0 0.0 0.0
must 0.0 0.07653061224489796 0.0
aggressive 0.0 0.00510204081632653 0.0
out 0.0 0.18877551020408162 0.0
then 0.0 0.05612244897959184 0.0
ia 0.0 0.00510204081632653 0.0
we 0.0 0.01020408163265306 0.0
more 0.0 0.08163265306122448 0.0
o 0.0 0.00510204081632653 0.0
these 0.0 0.05102040816326531 0.0
I 0.0 0.0 0.0
if 0.0 0.03571428571428571 0.0
real 0.0 0.030612244897959183 0.0
apart 0.0 0.01020408163265306 0.0
cover 0.0 0.015306122448979591 0.0
by 0.001053740779768177 0.33163265306122447 0.000349454850433324
at 0.0005268703898840885 0.23469387755102042 0.00012365325476871466
so 0.0005268703898840885 0.030612244897959183 1.6128685404614953e-05
los 0.0 0.00510204081632653 0.0
las 0.0 0.00510204081632653 0.0
hard 0.0 0.01020408163265306 0.0
stake 0.0 0.00510204081632653 0.0
en 0.0 0.00510204081632653 0.0
that 0.0 0.40816326530612246 0.0
or 0.0 0.09183673469387756 0.0
pa 0.0 0.00510204081632653 0.0
to 0.0005268703898840885 0.7806122448979592 0.0004112814778176813
talk 0.0 0.0 0.0
mus 0.0 0.00510204081632653 0.0
who 0.001053740779768177 0.39285714285714285 0.00041396959205178377
