life 0.0 0.20408163265306123 0.0
but 0.0008361204013377926 0.3112244897959184 0.00026022114531431303
he 0.0033444816053511705 0.34183673469387754 0.0011432666712169817
the 0.0016722408026755853 0.9540816326530612 0.001595454235205788
go 0.0008361204013377926 0.09183673469387756 7.678656746979729e-05
hand 0.0 0.0 0.0
a 0.0016722408026755853 0.8826530612244898 0.0014760084635861033
light 0.0 0.02040816326530612 0.0
end 0.0 0.04591836734693878 0.0
ever 0.0 0.05102040816326531 0.0
day 0.0 0.09183673469387756 0.0
in 0.0008361204013377926 0.7346938775510204 0.0006142925397583783
watch 0.0 0.01020408163265306 0.0
see 0.0 0.04081632653061224 0.0
move 0.0 0.025510204081632654 0.0
without 0.0 0.04081632653061224 0.0
when 0.0 0.27040816326530615 0.0
break 0.0 0.01020408163265306 0.0
she 0.0 0.19387755102040816 0.0
murder 0.0 0.030612244897959183 0.0
around 0.0 0.08673469387755102 0.0
hear 0.0 0.00510204081632653 0.0
every 0.0 0.03571428571428571 0.0
cross 0.0 0.015306122448979591 0.0
thou 0.0 0.01020408163265306 0.0
across 0.0 0.04081632653061224 0.0
center 0.0 0.00510204081632653 0.0
art 0.0 0.00510204081632653 0.0
i 0.0 0.00510204081632653 0.0
start 0.0 0.01020408163265306 0.0
win 0.0 0.015306122448979591 0.0
for 0.0 0.3877551020408163 0.0
and 0.0 0.8571428571428571 0.0
be 0.0008361204013377926 0.1377551020408163 0.00011517985120469591
ss 0.0 0.00510204081632653 0.0
de 0.0 0.025510204081632654 0.0
it 0.0 0.2193877551020408 0.0
with 0.0 0.4387755102040816 0.0
anna 0.0 0.015306122448979591 0.0
heart 0.0 0.030612244897959183 0.0
out 0.0 0.18877551020408162 0.0
star 0.0 0.00510204081632653 0.0
enter 0.0 0.02040816326530612 0.0
sam 0.0 0.00510204081632653 0.0
o 0.0 0.00510204081632653 0.0
I 0.0 0.0 0.0
if 0.0 0.03571428571428571 0.0
witness 0.0 0.00510204081632653 0.0
by 0.0 0.33163265306122447 0.0
at 0.0 0.23469387755102042 0.0
street 0.0 0.01020408163265306 0.0
rue 0.0 0.00510204081632653 0.0
so 0.0 0.030612244897959183 0.0
ann 0.0 0.00510204081632653 0.0
ring 0.0 0.00510204081632653 0.0
en 0.0 0.00510204081632653 0.0
tunnel 0.0 0.01020408163265306 0.0
heartbroken 0.0 0.00510204081632653 0.0
bell 0.0 0.00510204081632653 0.0
sit 0.0 0.0 0.0
wine 0.0 0.00510204081632653 0.0
stare 0.0 0.0 0.0
window 0.0 0.00510204081632653 0.0
handsome 0.0 0.00510204081632653 0.0
neighbor 0.0 0.00510204081632653 0.0
that 0.0 0.40816326530612246 0.0
gruesome 0.0 0.00510204081632653 0.0
or 0.0 0.09183673469387756 0.0
to 0.002508361204013378 0.7806122448979592 0.001958057470479831
whom 0.0 0.02040816326530612 0.0
who 0.0 0.39285714285714285 0.0
