work 0.0 0.04591836734693878 0.0
he 0.0020396270396270395 0.34183673469387754 0.0006972194472194471
get 0.0 0.0663265306122449 0.0
the 0.002331002331002331 0.9540816326530612 0.0022239665096807954
create 0.0 0.02040816326530612 0.0
become 0.0 0.05612244897959184 0.0
thus 0.0 0.01020408163265306 0.0
take 0.0 0.09183673469387756 0.0
sin 0.0 0.01020408163265306 0.0
lead 0.0 0.02040816326530612 0.0
war 0.0 0.05612244897959184 0.0
two 0.0 0.12755102040816327 0.0
a 0.0011655011655011655 0.8826530612244898 0.0010287331715903144
husband 0.0 0.03571428571428571 0.0
they 0.0 0.28061224489795916 0.0
end 0.0 0.04591836734693878 0.0
ever 0.0 0.05102040816326531 0.0
in 0.0002913752913752914 0.7346938775510204 0.00021407164264307122
man 0.0 0.12755102040816327 0.0
no 0.0 0.07142857142857142 0.0
see 0.0 0.04081632653061224 0.0
as 0.0 0.3469387755102041 0.0
travel 0.0 0.015306122448979591 0.0
people 0.0 0.11734693877551021 0.0
al 0.0 0.00510204081632653 0.0
dr 0.0 0.00510204081632653 0.0
also 0.0 0.09183673469387756 0.0
kill 0.0 0.030612244897959183 0.0
former 0.0 0.03571428571428571 0.0
new 0.0 0.1377551020408163 0.0
she 0.0 0.19387755102040816 0.0
son 0.0 0.08163265306122448 0.0
could 0.0 0.030612244897959183 0.0
drug 0.0 0.04081632653061224 0.0
while 0.0 0.12244897959183673 0.0
come 0.0 0.025510204081632654 0.0
burn 0.0 0.0 0.0
on 0.0 0.3520408163265306 0.0
pete 0.0 0.01020408163265306 0.0
i 0.0 0.00510204081632653 0.0
addict 0.0 0.00510204081632653 0.0
home 0.0 0.07653061224489796 0.0
band 0.0 0.02040816326530612 0.0
way 0.0 0.03571428571428571 0.0
for 0.0002913752913752914 0.3877551020408163 0.0001129822558393987
perform 0.0 0.01020408163265306 0.0
and 0.001456876456876457 0.8571428571428571 0.0012487512487512488
depend 0.0 0.00510204081632653 0.0
be 0.0008741258741258741 0.1377551020408163 0.00012041529898672755
act 0.0 0.00510204081632653 0.0
promise 0.0 0.0 0.0
fellow 0.0 0.025510204081632654 0.0
air 0.0 0.01020408163265306 0.0
use 0.0 0.02040816326530612 0.0
level 0.0 0.01020408163265306 0.0
person 0.0 0.030612244897959183 0.0
ss 0.0 0.00510204081632653 0.0
de 0.0002913752913752914 0.025510204081632654 7.433043147328862e-06
will 0.0 0.1989795918367347 0.0
form 0.0 0.01020408163265306 0.0
nc 0.0 0.00510204081632653 0.0
it 0.0002913752913752914 0.2193877551020408 6.392417106702821e-05
app 0.0 0.00510204081632653 0.0
fall 0.0 0.01020408163265306 0.0
job 0.0002913752913752914 0.04591836734693878 1.3379477665191951e-05
with 0.0005827505827505828 0.4387755102040816 0.00025569668426811285
madness 0.0 0.015306122448979591 0.0
omi 0.0 0.00510204081632653 0.0
add 0.0 0.00510204081632653 0.0
past 0.0 0.04591836734693878 0.0
stan 0.0 0.00510204081632653 0.0
carny 0.0 0.00510204081632653 0.0
carnival 0.0 0.00510204081632653 0.0
disturb 0.0 0.0 0.0
sink 0.0 0.00510204081632653 0.0
geek 0.0 0.00510204081632653 0.0
clem 0.0 0.00510204081632653 0.0
explain 0.0 0.0 0.0
seek 0.0002913752913752914 0.0 0.0
alcoholic 0.0 0.01020408163265306 0.0
trouble 0.0 0.00510204081632653 0.0
lure 0.0 0.0 0.0
temporary 0.0 0.00510204081632653 0.0
alcohol 0.0 0.00510204081632653 0.0
dependence 0.0 0.00510204081632653 0.0
depravity 0.0 0.00510204081632653 0.0
clairvoyant 0.0 0.00510204081632653 0.0
madame 0.0 0.00510204081632653 0.0
zeena 0.0 0.00510204081632653 0.0
warn 0.0 0.00510204081632653 0.0
skill 0.0 0.0 0.0
otherwise 0.0 0.01020408163265306 0.0
hurt 0.0 0.00510204081632653 0.0
meanwhile 0.0 0.030612244897959183 0.0
attracted 0.0 0.015306122448979591 0.0
performer 0.0 0.01020408163265306 0.0
molly 0.0 0.01020408163265306 0.0
approach 0.0 0.0 0.0
idea 0.0 0.015306122448979591 0.0
away 0.0 0.04081632653061224 0.0
not 0.0002913752913752914 0.14795918367346939 4.31116502545074e-05
ex 0.0 0.00510204081632653 0.0
out 0.0002913752913752914 0.18877551020408162 5.500451929023357e-05
then 0.0002913752913752914 0.05612244897959184 1.6352694924123497e-05
heir 0.0 0.00510204081632653 0.0
we 0.0 0.01020408163265306 0.0
mad 0.0 0.00510204081632653 0.0
from 0.0002913752913752914 0.3520408163265306 0.00010257599543313829
o 0.0 0.00510204081632653 0.0
these 0.0 0.05102040816326531 0.0
I 0.0 0.0 0.0
val 0.0 0.00510204081632653 0.0
j 0.0 0.00510204081632653 0.0
attract 0.0 0.0 0.0
dea 0.0 0.00510204081632653 0.0
at 0.0 0.23469387755102042 0.0
plain 0.0 0.0 0.0
so 0.0002913752913752914 0.030612244897959183 8.919651776794634e-06
car 0.0 0.00510204081632653 0.0
pen 0.0 0.00510204081632653 0.0
en 0.0 0.00510204081632653 0.0
eat 0.0 0.00510204081632653 0.0
adam 0.0 0.00510204081632653 0.0
that 0.0002913752913752914 0.40816326530612246 0.00011892869035726179
or 0.0002913752913752914 0.09183673469387756 2.6758955330383903e-05
pa 0.0 0.00510204081632653 0.0
to 0.001456876456876457 0.7806122448979592 0.0011372556015413159
ski 0.0 0.00510204081632653 0.0
troubled 0.0 0.01020408163265306 0.0
low 0.0 0.00510204081632653 0.0
sk 0.0 0.00510204081632653 0.0
how 0.0 0.09183673469387756 0.0
