he 0.0004578754578754579 0.34183673469387754 0.0001565186514166106
the 0.0013736263736263735 0.9540816326530612 0.0013105516932047543
go 0.0 0.09183673469387756 0.0
sin 0.0 0.01020408163265306 0.0
a 0.0013736263736263735 0.8826530612244898 0.0012124355236600133
in 0.0004578754578754579 0.7346938775510204 0.00033639829558196907
as 0.0 0.3469387755102041 0.0
rest 0.0 0.025510204081632654 0.0
al 0.0 0.00510204081632653 0.0
she 0.0009157509157509158 0.19387755102040816 0.00017754354489048365
while 0.0 0.12244897959183673 0.0
teach 0.0 0.00510204081632653 0.0
india 0.0 0.04081632653061224 0.0
first 0.0 0.08163265306122448 0.0
on 0.0 0.3520408163265306 0.0
old 0.0 0.05612244897959184 0.0
i 0.0 0.00510204081632653 0.0
win 0.0 0.015306122448979591 0.0
and 0.0013736263736263735 0.8571428571428571 0.0011773940345368916
be 0.0013736263736263735 0.1377551020408163 0.00018922404126485757
sister 0.0 0.015306122448979591 0.0
here 0.0 0.01020408163265306 0.0
gold 0.0 0.015306122448979591 0.0
will 0.0 0.1989795918367347 0.0
ale 0.0 0.00510204081632653 0.0
daughter 0.0 0.05102040816326531 0.0
it 0.0 0.2193877551020408 0.0
female 0.0 0.02040816326530612 0.0
male 0.0 0.00510204081632653 0.0
ia 0.0 0.00510204081632653 0.0
we 0.0 0.01020408163265306 0.0
where 0.0 0.11224489795918367 0.0
singh 0.0 0.015306122448979591 0.0
o 0.0 0.00510204081632653 0.0
I 0.0 0.0 0.0
game 0.0 0.02040816326530612 0.0
by 0.0 0.33163265306122447 0.0
at 0.0004578754578754579 0.23469387755102042 0.00010746056664424012
common 0.0 0.00510204081632653 0.0
wrestle 0.0 0.00510204081632653 0.0
or 0.0 0.09183673469387756 0.0
to 0.0018315018315018315 0.7806122448979592 0.0014296927562233686
biopic 0.0 0.00510204081632653 0.0
mahavir 0.0 0.00510204081632653 0.0
phogat 0.0 0.00510204081632653 0.0
wrestling 0.0 0.00510204081632653 0.0
babita 0.0 0.00510204081632653 0.0
kumari 0.0 0.00510204081632653 0.0
geeta 0.0 0.00510204081632653 0.0
wrestler 0.0 0.00510204081632653 0.0
commonwealth 0.0 0.00510204081632653 0.0
medal 0.0 0.00510204081632653 0.0
kg 0.0 0.00510204081632653 0.0
silver 0.0 0.00510204081632653 0.0
who 0.0009157509157509158 0.39285714285714285 0.0003597592883307169
