labor 0.0 0.01020408163265306 0.0
work 0.0 0.04591836734693878 0.0
life 0.0 0.20408163265306123 0.0
but 0.0 0.3112244897959184 0.0
he 0.0 0.34183673469387754 0.0
red 0.0 0.01020408163265306 0.0
the 0.001349527665317139 0.9540816326530612 0.00128755955823625
go 0.0 0.09183673469387756 0.0
create 0.0 0.02040816326530612 0.0
know 0.0 0.07142857142857142 0.0
a 0.004048582995951417 0.8826530612244898 0.0035734941749979345
end 0.0 0.04591836734693878 0.0
ever 0.0 0.05102040816326531 0.0
govern 0.0 0.00510204081632653 0.0
in 0.0 0.7346938775510204 0.0
man 0.0 0.12755102040816327 0.0
no 0.0 0.07142857142857142 0.0
see 0.0 0.04081632653061224 0.0
time 0.0 0.14795918367346939 0.0
as 0.0 0.3469387755102041 0.0
wwii 0.0 0.015306122448979591 0.0
soviet 0.0 0.030612244897959183 0.0
when 0.0 0.27040816326530615 0.0
mass 0.0 0.01020408163265306 0.0
rest 0.0 0.025510204081632654 0.0
city 0.0006747638326585695 0.09183673469387756 6.196810708088904e-05
survivor 0.0 0.015306122448979591 0.0
al 0.0 0.00510204081632653 0.0
she 0.0 0.19387755102040816 0.0
after 0.0 0.1989795918367347 0.0
attempt 0.0 0.00510204081632653 0.0
flee 0.0 0.015306122448979591 0.0
under 0.0 0.0663265306122449 0.0
realize 0.0 0.01020408163265306 0.0
send 0.0 0.0 0.0
fight 0.0 0.03571428571428571 0.0
world 0.0 0.19387755102040816 0.0
arrest 0.0 0.00510204081632653 0.0
part 0.0 0.04081632653061224 0.0
order 0.0 0.04081632653061224 0.0
on 0.0 0.3520408163265306 0.0
art 0.0 0.00510204081632653 0.0
i 0.0 0.00510204081632653 0.0
sea 0.0 0.015306122448979591 0.0
dev 0.0 0.00510204081632653 0.0
for 0.0 0.3877551020408163 0.0
blood 0.0 0.015306122448979591 0.0
woman 0.0 0.07142857142857142 0.0
society 0.0 0.03571428571428571 0.0
and 0.0006747638326585695 0.8571428571428571 0.000578368999421631
be 0.0 0.1377551020408163 0.0
anti 0.0 0.00510204081632653 0.0
during 0.0 0.04591836734693878 0.0
authority 0.0 0.00510204081632653 0.0
act 0.0 0.00510204081632653 0.0
ii 0.0 0.015306122448979591 0.0
ss 0.0 0.00510204081632653 0.0
open 0.0 0.00510204081632653 0.0
de 0.0 0.025510204081632654 0.0
search 0.0 0.030612244897959183 0.0
will 0.0 0.1989795918367347 0.0
don 0.0 0.015306122448979591 0.0
daughter 0.0 0.05102040816326531 0.0
it 0.0 0.2193877551020408 0.0
pt 0.0 0.00510204081632653 0.0
app 0.0 0.00510204081632653 0.0
seek 0.0 0.0 0.0
ex 0.0 0.00510204081632653 0.0
fact 0.0 0.02040816326530612 0.0
out 0.0 0.18877551020408162 0.0
cut 0.0 0.01020408163265306 0.0
lee 0.0 0.00510204081632653 0.0
we 0.0 0.01020408163265306 0.0
government 0.0 0.02040816326530612 0.0
sam 0.0 0.00510204081632653 0.0
despite 0.0 0.01020408163265306 0.0
test 0.0 0.00510204081632653 0.0
from 0.0006747638326585695 0.3520408163265306 0.0002375444104767413
o 0.0 0.00510204081632653 0.0
massacre 0.0 0.01020408163265306 0.0
I 0.0 0.0 0.0
if 0.0 0.03571428571428571 0.0
party 0.0 0.015306122448979591 0.0
real 0.0 0.030612244897959183 0.0
executive 0.0 0.01020408163265306 0.0
devout 0.0 0.015306122448979591 0.0
local 0.0 0.025510204081632654 0.0
cover 0.0 0.015306122448979591 0.0
witness 0.0 0.00510204081632653 0.0
tim 0.0 0.00510204081632653 0.0
now 0.0 0.07653061224489796 0.0
at 0.0 0.23469387755102042 0.0
tie 0.0 0.0 0.0
so 0.0 0.030612244897959183 0.0
ring 0.0 0.00510204081632653 0.0
pen 0.0 0.00510204081632653 0.0
en 0.0 0.00510204081632653 0.0
eat 0.0 0.00510204081632653 0.0
that 0.0 0.40816326530612246 0.0
or 0.0 0.09183673469387756 0.0
pa 0.0 0.00510204081632653 0.0
factory 0.0 0.01020408163265306 0.0
to 0.001349527665317139 0.7806122448979592 0.0010534578203751136
sk 0.0 0.00510204081632653 0.0
novocherkassk 0.0 0.00510204081632653 0.0
ussr 0.0 0.00510204081632653 0.0
lyudmila 0.0 0.00510204081632653 0.0
communist 0.0 0.00510204081632653 0.0
stalin 0.0 0.00510204081632653 0.0
ideology 0.0 0.00510204081632653 0.0
certain 0.0 0.00510204081632653 0.0
detest 0.0 0.0 0.0
sentiment 0.0 0.00510204081632653 0.0
strike 0.0 0.00510204081632653 0.0
electromotive 0.0 0.00510204081632653 0.0
laborer 0.0 0.0 0.0
piquet 0.0 0.00510204081632653 0.0
gun 0.0 0.0 0.0
bloodbath 0.0 0.00510204081632653 0.0
square 0.0 0.00510204081632653 0.0
disappear 0.0 0.0 0.0
gape 0.0 0.0 0.0
rift 0.0 0.00510204081632653 0.0
worldview 0.0 0.00510204081632653 0.0
blockade 0.0 0.00510204081632653 0.0
spite 0.0 0.00510204081632653 0.0
actor 0.0 0.00510204081632653 0.0
how 0.0 0.09183673469387756 0.0
who 0.001349527665317139 0.39285714285714285 0.0005301715828031617
