he 0.0 0.34183673469387754 0.0
chance 0.0 0.025510204081632654 0.0
the 0.0016251354279523294 0.9540816326530612 0.0015505118623830897
known 0.0 0.05612244897959184 0.0
know 0.0 0.07142857142857142 0.0
take 0.0 0.09183673469387756 0.0
two 0.0 0.12755102040816327 0.0
a 0.0021668472372697724 0.8826530612244898 0.001912574347181993
love 0.0 0.09183673469387756 0.0
power 0.0 0.05102040816326531 0.0
ever 0.0 0.05102040816326531 0.0
day 0.0 0.09183673469387756 0.0
in 0.0005417118093174431 0.7346938775510204 0.0003979923497026113
modern 0.0 0.015306122448979591 0.0
man 0.0 0.12755102040816327 0.0
no 0.00027085590465872155 0.07142857142857142 1.9346850332765824e-05
one 0.00027085590465872155 0.18877551020408162 5.113096159373825e-05
as 0.0 0.3469387755102041 0.0
journey 0.0 0.08163265306122448 0.0
pow 0.0 0.00510204081632653 0.0
dr 0.0 0.00510204081632653 0.0
new 0.00027085590465872155 0.1377551020408163 3.73117827846198e-05
drama 0.0 0.05102040816326531 0.0
world 0.0005417118093174431 0.19387755102040816 0.0001050257589493002
while 0.0 0.12244897959183673 0.0
second 0.0 0.02040816326530612 0.0
set 0.0 0.05102040816326531 0.0
hour 0.0 0.00510204081632653 0.0
fresh 0.0 0.01020408163265306 0.0
on 0.00027085590465872155 0.3520408163265306 9.535233378291729e-05
different 0.0 0.03571428571428571 0.0
far 0.0 0.030612244897959183 0.0
i 0.0 0.00510204081632653 0.0
prince 0.0 0.015306122448979591 0.0
west 0.0 0.02040816326530612 0.0
series 0.0 0.07142857142857142 0.0
emotion 0.0 0.0 0.0
and 0.0008125677139761647 0.8571428571428571 0.0006964866119795697
air 0.0 0.01020408163265306 0.0
de 0.0 0.025510204081632654 0.0
will 0.0 0.1989795918367347 0.0
nc 0.0 0.00510204081632653 0.0
it 0.0 0.2193877551020408 0.0
with 0.0 0.4387755102040816 0.0
del 0.0 0.00510204081632653 0.0
rough 0.0 0.00510204081632653 0.0
mansion 0.0 0.01020408163265306 0.0
conflict 0.0 0.01020408163265306 0.0
ia 0.0 0.00510204081632653 0.0
we 0.0 0.01020408163265306 0.0
america 0.0 0.02040816326530612 0.0
from 0.00027085590465872155 0.3520408163265306 9.535233378291729e-05
o 0.0 0.00510204081632653 0.0
these 0.0 0.05102040816326531 0.0
I 0.0 0.0 0.0
if 0.0 0.03571428571428571 0.0
j 0.0 0.00510204081632653 0.0
navigate 0.0 0.00510204081632653 0.0
cate 0.0 0.00510204081632653 0.0
ram 0.0 0.00510204081632653 0.0
imagine 0.0 0.00510204081632653 0.0
beloved 0.0 0.01020408163265306 0.0
cat 0.0 0.01020408163265306 0.0
now 0.0 0.07653061224489796 0.0
at 0.0 0.23469387755102042 0.0
street 0.0 0.01020408163265306 0.0
peacock 0.0 0.00510204081632653 0.0
sitcom 0.0 0.00510204081632653 0.0
dramatic 0.0 0.00510204081632653 0.0
complicate 0.0 0.0 0.0
philadelphia 0.0 0.00510204081632653 0.0
gate 0.0 0.0 0.0
collide 0.0 0.00510204081632653 0.0
reckon 0.0 0.0 0.0
bias 0.0 0.0 0.0
complicated 0.0 0.01020408163265306 0.0
through 0.0 0.08163265306122448 0.0
en 0.0 0.00510204081632653 0.0
or 0.0 0.09183673469387756 0.0
to 0.0008125677139761647 0.7806122448979592 0.0006343003073385367
