he 0.00024342745861733204 0.34183673469387754 8.321244758857779e-05
get 0.00024342745861733204 0.0663265306122449 1.614569878584345e-05
forest 0.0 0.04081632653061224 0.0
the 0.0023125608568646543 0.9540816326530612 0.0022063718379269916
become 0.00024342745861733204 0.05612244897959184 1.366174512648292e-05
know 0.0 0.07142857142857142 0.0
close 0.0 0.00510204081632653 0.0
share 0.0 0.030612244897959183 0.0
sin 0.0 0.01020408163265306 0.0
two 0.0 0.12755102040816327 0.0
a 0.0007302823758519961 0.8826530612244898 0.0006445859746040578
they 0.00012171372930866602 0.28061224489795916 3.41543628162073e-05
day 0.0 0.09183673469387756 0.0
night 0.0 0.025510204081632654 0.0
in 0.0006085686465433301 0.7346938775510204 0.0004471116586848956
no 0.0 0.07142857142857142 0.0
one 0.00012171372930866602 0.18877551020408162 2.297657134908491e-05
seem 0.00012171372930866602 0.01020408163265306 1.2419768296802653e-06
see 0.00012171372930866602 0.04081632653061224 4.967907318721061e-06
french 0.0 0.03571428571428571 0.0
quickly 0.0 0.02040816326530612 0.0
as 0.0008519961051606621 0.3469387755102041 0.00029559048546390316
either 0.0 0.01020408163265306 0.0
impossible 0.0 0.01020408163265306 0.0
rest 0.0 0.025510204081632654 0.0
join 0.0 0.02040816326530612 0.0
al 0.0 0.00510204081632653 0.0
dr 0.0 0.00510204081632653 0.0
she 0.0024342745861733205 0.19387755102040816 0.0004719511952785009
make 0.00024342745861733204 0.061224489795918366 1.4903721956163187e-05
around 0.0 0.08673469387755102 0.0
feel 0.0 0.00510204081632653 0.0
hear 0.0 0.00510204081632653 0.0
lose 0.0 0.00510204081632653 0.0
drug 0.0 0.04081632653061224 0.0
while 0.00024342745861733204 0.12244897959183673 2.9807443912326373e-05
rise 0.0 0.02040816326530612 0.0
soon 0.0 0.04081632653061224 0.0
come 0.0 0.025510204081632654 0.0
strange 0.0 0.03571428571428571 0.0
large 0.0 0.015306122448979591 0.0
part 0.00012171372930866602 0.04081632653061224 4.967907318721061e-06
three 0.0 0.030612244897959183 0.0
on 0.00012171372930866602 0.3520408163265306 4.284820062396916e-05
art 0.0 0.00510204081632653 0.0
seize 0.0 0.00510204081632653 0.0
i 0.0 0.00510204081632653 0.0
whole 0.0 0.03571428571428571 0.0
for 0.00024342745861733204 0.3877551020408163 9.439023905570017e-05
and 0.0004868549172346641 0.8571428571428571 0.0004173042147725692
be 0.0009737098344693282 0.1377551020408163 0.00013413349760546867
hell 0.0 0.015306122448979591 0.0
locate 0.0 0.00510204081632653 0.0
last 0.0 0.04591836734693878 0.0
ss 0.0 0.00510204081632653 0.0
charge 0.0 0.01020408163265306 0.0
here 0.0 0.01020408163265306 0.0
will 0.00024342745861733204 0.1989795918367347 4.843709635753036e-05
nc 0.0 0.00510204081632653 0.0
it 0.00036514118792599804 0.2193877551020408 8.010750551437711e-05
together 0.0 0.05612244897959184 0.0
school 0.0 0.05102040816326531 0.0
madness 0.0 0.015306122448979591 0.0
quick 0.0 0.00510204081632653 0.0
not 0.00012171372930866602 0.14795918367346939 1.800866403036385e-05
heart 0.00012171372930866602 0.030612244897959183 3.7259304890407966e-06
then 0.0 0.05612244897959184 0.0
heir 0.0 0.00510204081632653 0.0
ia 0.0 0.00510204081632653 0.0
we 0.0 0.01020408163265306 0.0
mad 0.0 0.00510204081632653 0.0
o 0.0 0.00510204081632653 0.0
music 0.0 0.01020408163265306 0.0
I 0.0 0.0 0.0
if 0.0 0.03571428571428571 0.0
mid 0.0 0.00510204081632653 0.0
urban 0.0 0.00510204081632653 0.0
dancer 0.00012171372930866602 0.01020408163265306 1.2419768296802653e-06
rehearsal 0.0 0.00510204081632653 0.0
boarding 0.0 0.01020408163265306 0.0
dance 0.0 0.00510204081632653 0.0
party 0.0 0.015306122448979591 0.0
sangria 0.0 0.00510204081632653 0.0
bowl 0.0 0.00510204081632653 0.0
atmosphere 0.0 0.015306122448979591 0.0
charged 0.0 0.01020408163265306 0.0
obvious 0.0 0.00510204081632653 0.0
neither 0.0 0.00510204081632653 0.0
resist 0.0 0.00510204081632653 0.0
neurosis 0.0 0.0 0.0
psychosis 0.0 0.0 0.0
numb 0.0 0.0 0.0
hypnotic 0.0 0.00510204081632653 0.0
increase 0.0 0.0 0.0
electric 0.0 0.00510204081632653 0.0
rhythm 0.0 0.00510204081632653 0.0
paradise 0.0 0.01020408163265306 0.0
plunge 0.0 0.00510204081632653 0.0
j 0.0 0.00510204081632653 0.0
fore 0.0 0.00510204081632653 0.0
cate 0.0 0.00510204081632653 0.0
by 0.0 0.33163265306122447 0.0
cat 0.0 0.01020408163265306 0.0
most 0.0 0.07653061224489796 0.0
now 0.0 0.07653061224489796 0.0
anonymous 0.0 0.01020408163265306 0.0
at 0.00036514118792599804 0.23469387755102042 8.569640124793832e-05
so 0.0 0.030612244897959183 0.0
los 0.0 0.00510204081632653 0.0
las 0.00012171372930866602 0.00510204081632653 6.209884148401327e-07
en 0.0 0.00510204081632653 0.0
that 0.00012171372930866602 0.40816326530612246 4.967907318721062e-05
or 0.0 0.09183673469387756 0.0
pa 0.0 0.00510204081632653 0.0
to 0.0010954235637779942 0.7806122448979592 0.0008551010472348629
why 0.0 0.015306122448979591 0.0
mus 0.0 0.00510204081632653 0.0
who 0.00036514118792599804 0.39285714285714285 0.00014344832382807065
