live 0.0 0.05612244897959184 0.0
but 0.0002275830678197542 0.3112244897959184 7.08294241683929e-05
always 0.0 0.02040816326530612 0.0
he 0.0009103322712790169 0.34183673469387754 0.00031118501110048025
the 0.002958579881656805 0.9540816326530612 0.002822726723825625
know 0.0 0.07142857142857142 0.0
find 0.0002275830678197542 0.08163265306122448 1.8578209617939116e-05
sin 0.0 0.01020408163265306 0.0
two 0.0 0.12755102040816327 0.0
a 0.0006827492034592626 0.8826530612244898 0.0006026306744819002
love 0.0 0.09183673469387756 0.0
couple 0.0 0.03571428571428571 0.0
happy 0.0 0.025510204081632654 0.0
boy 0.0 0.030612244897959183 0.0
they 0.0004551661356395084 0.28061224489795916 0.00012772519112333144
battle 0.0002275830678197542 0.061224489795918366 1.393365721345434e-05
ever 0.0 0.05102040816326531 0.0
day 0.0 0.09183673469387756 0.0
in 0.0002275830678197542 0.7346938775510204 0.0001672038865614521
moscow 0.0004551661356395084 0.05102040816326531 2.32227620224239e-05
no 0.0002275830678197542 0.07142857142857142 1.6255933415696728e-05
one 0.0002275830678197542 0.18877551020408162 4.296210974148421e-05
able 0.0 0.030612244897959183 0.0
this 0.0 0.17346938775510204 0.0
as 0.0 0.3469387755102041 0.0
era 0.0 0.01020408163265306 0.0
when 0.0002275830678197542 0.27040816326530615 6.154031935942334e-05
al 0.0 0.00510204081632653 0.0
miss 0.0 0.0 0.0
want 0.0002275830678197542 0.01020408163265306 2.3222762022423895e-06
new 0.0002275830678197542 0.1377551020408163 3.135072873027226e-05
year 0.0 0.01020408163265306 0.0
missing 0.0 0.02040816326530612 0.0
like 0.0 0.03571428571428571 0.0
still 0.0 0.02040816326530612 0.0
roof 0.0 0.01020408163265306 0.0
boris 0.0 0.01020408163265306 0.0
zhenya 0.0 0.00510204081632653 0.0
terrible 0.0 0.015306122448979591 0.0
final 0.0002275830678197542 0.02040816326530612 4.644552404484779e-06
stage 0.0 0.025510204081632654 0.0
bitter 0.0 0.01020408163265306 0.0
divorce 0.0 0.01020408163265306 0.0
under 0.0 0.0663265306122449 0.0
circumstance 0.0 0.0 0.0
already 0.0 0.01020408163265306 0.0
partner 0.0 0.01020408163265306 0.0
insult 0.0 0.0 0.0
pour 0.0 0.00510204081632653 0.0
rain 0.0 0.00510204081632653 0.0
toxic 0.0 0.00510204081632653 0.0
familial 0.0 0.00510204081632653 0.0
zone 0.0 0.01020408163265306 0.0
pivot 0.0 0.0 0.0
around 0.0 0.08673469387755102 0.0
irresolvable 0.0 0.00510204081632653 0.0
urgent 0.0 0.00510204081632653 0.0
matter 0.0 0.00510204081632653 0.0
alyosha 0.0 0.00510204081632653 0.0
custody 0.0 0.00510204081632653 0.0
son 0.0 0.08163265306122448 0.0
unheard 0.0 0.00510204081632653 0.0
unloved 0.0 0.00510204081632653 0.0
unwanted 0.0 0.00510204081632653 0.0
introverted 0.0 0.00510204081632653 0.0
unhappy 0.0 0.01020408163265306 0.0
feel 0.0 0.00510204081632653 0.0
intolerable 0.0 0.00510204081632653 0.0
burden 0.0 0.00510204081632653 0.0
however 0.0 0.04081632653061224 0.0
parent 0.0 0.0 0.0
hear 0.0 0.00510204081632653 0.0
every 0.0 0.03571428571428571 0.0
single 0.0 0.030612244897959183 0.0
word 0.0 0.01020408163265306 0.0
result 0.0 0.01020408163265306 0.0
finally 0.0 0.03571428571428571 0.0
realize 0.0 0.01020408163265306 0.0
nearly 0.0 0.01020408163265306 0.0
late 0.0 0.02040816326530612 0.0
simple 0.0 0.025510204081632654 0.0
case 0.0 0.030612244897959183 0.0
runaway 0.0 0.00510204081632653 0.0
teenager 0.0 0.01020408163265306 0.0
rigana 0.0 0.0 0.0
early 0.0 0.030612244897959183 0.0
can 0.0 0.08673469387755102 0.0
teenage 0.0 0.025510204081632654 0.0
part 0.0 0.04081632653061224 0.0
bori 0.0 0.0 0.0
on 0.0004551661356395084 0.3520408163265306 0.0001602370579547249
art 0.0 0.00510204081632653 0.0
what 0.0002275830678197542 0.1377551020408163 3.135072873027226e-05
old 0.0 0.05612244897959184 0.0
i 0.0 0.00510204081632653 0.0
run 0.0 0.015306122448979591 0.0
living 0.0 0.05612244897959184 0.0
way 0.0 0.03571428571428571 0.0
for 0.0004551661356395084 0.3877551020408163 0.00017649299137042162
ready 0.0 0.01020408163265306 0.0
and 0.001137915339098771 0.8571428571428571 0.0009753560049418036
be 0.0009103322712790169 0.1377551020408163 0.00012540291492108905
till 0.0 0.00510204081632653 0.0
all 0.0002275830678197542 0.17346938775510204 3.947869543812063e-05
age 0.0 0.025510204081632654 0.0
ss 0.0 0.00510204081632653 0.0
de 0.0 0.025510204081632654 0.0
near 0.0 0.015306122448979591 0.0
will 0.0002275830678197542 0.1989795918367347 4.5284385943726605e-05
don 0.0 0.015306122448979591 0.0
nc 0.0 0.00510204081632653 0.0
it 0.0004551661356395084 0.2193877551020408 9.985787669642276e-05
app 0.0 0.00510204081632653 0.0
stan 0.0 0.00510204081632653 0.0
away 0.0 0.04081632653061224 0.0
matt 0.0 0.00510204081632653 0.0
heir 0.0 0.00510204081632653 0.0
ia 0.0 0.00510204081632653 0.0
we 0.0 0.01020408163265306 0.0
sam 0.0 0.00510204081632653 0.0
o 0.0 0.00510204081632653 0.0
I 0.0 0.0 0.0
real 0.0 0.030612244897959183 0.0
now 0.0004551661356395084 0.07653061224489796 3.483414303363585e-05
at 0.0 0.23469387755102042 0.0
so 0.0 0.030612244897959183 0.0
rai 0.0 0.00510204081632653 0.0
en 0.0 0.00510204081632653 0.0
that 0.0002275830678197542 0.40816326530612246 9.28910480896956e-05
or 0.0 0.09183673469387756 0.0
pa 0.0 0.00510204081632653 0.0
to 0.0013654984069185253 0.7806122448979592 0.001065924776829257
how 0.0 0.09183673469387756 0.0
