life 0.0004633920296570899 0.20408163265306123 9.456980197083468e-05
king 0.0 0.030612244897959183 0.0
he 0.0004633920296570899 0.34183673469387754 0.00015840441830114807
red 0.0 0.01020408163265306 0.0
the 0.0004633920296570899 0.9540816326530612 0.0004421138242136521
change 0.0 0.02040816326530612 0.0
decide 0.0 0.03571428571428571 0.0
ask 0.0 0.00510204081632653 0.0
a 0.0 0.8826530612244898 0.0
sign 0.0 0.00510204081632653 0.0
in 0.0009267840593141798 0.7346938775510204 0.0006809025741900097
man 0.0 0.12755102040816327 0.0
no 0.0 0.07142857142857142 0.0
one 0.0 0.18877551020408162 0.0
see 0.0 0.04081632653061224 0.0
aristocrat 0.0 0.00510204081632653 0.0
as 0.0 0.3469387755102041 0.0
view 0.0 0.0 0.0
move 0.0 0.025510204081632654 0.0
help 0.0 0.10204081632653061 0.0
al 0.0 0.00510204081632653 0.0
dr 0.0 0.00510204081632653 0.0
she 0.0 0.19387755102040816 0.0
tell 0.0 0.015306122448979591 0.0
leg 0.0 0.00510204081632653 0.0
paris 0.0 0.04591836734693878 0.0
like 0.0 0.03571428571428571 0.0
secret 0.0 0.061224489795918366 0.0
bring 0.0 0.00510204081632653 0.0
can 0.0 0.08673469387755102 0.0
on 0.0004633920296570899 0.3520408163265306 0.0001631329083996898
receive 0.0 0.00510204081632653 0.0
would 0.0 0.030612244897959183 0.0
i 0.0 0.00510204081632653 0.0
win 0.0 0.015306122448979591 0.0
stay 0.0 0.01020408163265306 0.0
social 0.0 0.04081632653061224 0.0
experience 0.0 0.02040816326530612 0.0
security 0.0 0.01020408163265306 0.0
for 0.0 0.3877551020408163 0.0
and 0.0009267840593141798 0.8571428571428571 0.0007943863365550112
trial 0.0 0.01020408163265306 0.0
be 0.0004633920296570899 0.1377551020408163 6.38346163303134e-05
challenge 0.0 0.01020408163265306 0.0
all 0.0 0.17346938775510204 0.0
air 0.0 0.01020408163265306 0.0
period 0.0 0.01020408163265306 0.0
ss 0.0 0.00510204081632653 0.0
lie 0.0 0.00510204081632653 0.0
de 0.0 0.025510204081632654 0.0
date 0.0 0.0 0.0
will 0.0 0.1989795918367347 0.0
nc 0.0 0.00510204081632653 0.0
carvalho 0.0 0.02040816326530612 0.0
rio 0.0 0.025510204081632654 0.0
janeiro 0.0 0.02040816326530612 0.0
brazil 0.0 0.02040816326530612 0.0
it 0.0 0.2193877551020408 0.0
pt 0.0 0.00510204081632653 0.0
job 0.0 0.04591836734693878 0.0
with 0.0 0.4387755102040816 0.0
month 0.0 0.01020408163265306 0.0
seek 0.0 0.0 0.0
not 0.0 0.14795918367346939 0.0
ex 0.0 0.00510204081632653 0.0
lion 0.0 0.00510204081632653 0.0
aristocratic 0.0 0.00510204081632653 0.0
intellectual 0.0 0.00510204081632653 0.0
philippe 0.0 0.00510204081632653 0.0
quadriplegic 0.0 0.00510204081632653 0.0
millionaire 0.0 0.01020408163265306 0.0
interview 0.0 0.0 0.0
candidate 0.0 0.0 0.0
position 0.0 0.01020408163265306 0.0
carer 0.0 0.00510204081632653 0.0
secretary 0.0 0.00510204081632653 0.0
magalie 0.0 0.00510204081632653 0.0
out 0.0 0.18877551020408162 0.0
blue 0.0 0.00510204081632653 0.0
driss 0.0 0.00510204081632653 0.0
cut 0.0 0.01020408163265306 0.0
line 0.0 0.01020408163265306 0.0
document 0.0 0.00510204081632653 0.0
phillipe 0.0 0.00510204081632653 0.0
prove 0.0 0.01020408163265306 0.0
unemployment 0.0 0.00510204081632653 0.0
benefit 0.0 0.00510204081632653 0.0
offer 0.0 0.0 0.0
gain 0.0 0.00510204081632653 0.0
then 0.0 0.05612244897959184 0.0
whether 0.0 0.00510204081632653 0.0
accept 0.0 0.0 0.0
mansion 0.0 0.01020408163265306 0.0
boring 0.0 0.00510204081632653 0.0
employee 0.0 0.0 0.0
ia 0.0 0.00510204081632653 0.0
hal 0.0 0.00510204081632653 0.0
from 0.0 0.3520408163265306 0.0
o 0.0 0.00510204081632653 0.0
I 0.0 0.0 0.0
if 0.0 0.03571428571428571 0.0
val 0.0 0.00510204081632653 0.0
j 0.0 0.00510204081632653 0.0
care 0.0 0.01020408163265306 0.0
hill 0.0 0.00510204081632653 0.0
rip 0.0 0.01020408163265306 0.0
hang 0.0 0.00510204081632653 0.0
jane 0.0009267840593141798 0.00510204081632653 4.7284900985417335e-06
at 0.0 0.23469387755102042 0.0
so 0.0 0.030612244897959183 0.0
fit 0.0 0.00510204081632653 0.0
car 0.0 0.00510204081632653 0.0
ring 0.0 0.00510204081632653 0.0
en 0.0 0.00510204081632653 0.0
that 0.0 0.40816326530612246 0.0
or 0.0 0.09183673469387756 0.0
pa 0.0 0.00510204081632653 0.0
to 0.0 0.7806122448979592 0.0
sk 0.0 0.00510204081632653 0.0
who 0.0 0.39285714285714285 0.0
