life 0.0002079002079002079 0.20408163265306123 4.242861385718529e-05
he 0.0010395010395010396 0.34183673469387754 0.0003553396410539268
the 0.0018711018711018712 0.9540816326530612 0.001785183928041071
a 0.0014553014553014554 0.8826530612244898 0.0012845262845262847
mature 0.0 0.00510204081632653 0.0
various 0.0 0.025510204081632654 0.0
day 0.0002079002079002079 0.09183673469387756 1.909287623573338e-05
in 0.0008316008316008316 0.7346938775510204 0.0006109720395434682
as 0.0004158004158004158 0.3469387755102041 0.00014425728711442998
journey 0.0 0.08163265306122448 0.0
al 0.0 0.00510204081632653 0.0
leg 0.0 0.00510204081632653 0.0
engineer 0.0 0.00510204081632653 0.0
on 0.0 0.3520408163265306 0.0
i 0.0 0.00510204081632653 0.0
run 0.0 0.015306122448979591 0.0
and 0.0018711018711018712 0.8571428571428571 0.0016038016038016037
be 0.0004158004158004158 0.1377551020408163 5.7278628707200134e-05
college 0.0 0.02040816326530612 0.0
engineering 0.0 0.01020408163265306 0.0
emotional 0.0 0.03571428571428571 0.0
arun 0.0 0.015306122448979591 0.0
carefree 0.0 0.00510204081632653 0.0
bachelor 0.0 0.00510204081632653 0.0
phase 0.0 0.0 0.0
free 0.0 0.025510204081632654 0.0
rio 0.0 0.025510204081632654 0.0
rough 0.0 0.00510204081632653 0.0
we 0.0 0.01020408163265306 0.0
o 0.0 0.00510204081632653 0.0
if 0.0 0.03571428571428571 0.0
j 0.0 0.00510204081632653 0.0
care 0.0 0.01020408163265306 0.0
at 0.0 0.23469387755102042 0.0
through 0.0 0.08163265306122448 0.0
car 0.0 0.00510204081632653 0.0
ring 0.0 0.00510204081632653 0.0
en 0.0 0.00510204081632653 0.0
or 0.0 0.09183673469387756 0.0
how 0.0 0.09183673469387756 0.0
