live 0.0 0.05612244897959184 0.0
king 0.0 0.030612244897959183 0.0
he 0.0010911074740861974 0.34183673469387754 0.0003729806161417103
the 0.0005455537370430987 0.9540816326530612 0.0005205028001380584
eye 0.0 0.02040816326530612 0.0
lead 0.0 0.02040816326530612 0.0
control 0.0 0.04591836734693878 0.0
a 0.002182214948172395 0.8826530612244898 0.0019261387042542057
they 0.0005455537370430987 0.28061224489795916 0.00015308905886413484
in 0.00027277686852154935 0.7346938775510204 0.00020040749524032197
no 0.0 0.07142857142857142 0.0
one 0.0 0.18877551020408162 0.0
see 0.0 0.04081632653061224 0.0
present 0.0 0.015306122448979591 0.0
al 0.0 0.00510204081632653 0.0
dr 0.0 0.00510204081632653 0.0
new 0.00027277686852154935 0.1377551020408163 3.7576405357560365e-05
she 0.0005455537370430987 0.19387755102040816 0.0001057706224879477
make 0.0 0.061224489795918366 0.0
murder 0.0 0.030612244897959183 0.0
under 0.0 0.0663265306122449 0.0
son 0.0 0.08163265306122448 0.0
send 0.0 0.0 0.0
best 0.0 0.03571428571428571 0.0
world 0.0 0.19387755102040816 0.0
family 0.0 0.22448979591836735 0.0
indian 0.0 0.030612244897959183 0.0
news 0.0 0.015306122448979591 0.0
follow 0.0 0.015306122448979591 0.0
india 0.0 0.04081632653061224 0.0
first 0.0 0.08163265306122448 0.0
large 0.0 0.015306122448979591 0.0
water 0.0 0.015306122448979591 0.0
order 0.0 0.04081632653061224 0.0
on 0.0 0.3520408163265306 0.0
far 0.0 0.030612244897959183 0.0
meet 0.0 0.030612244897959183 0.0
old 0.0 0.05612244897959184 0.0
land 0.0 0.030612244897959183 0.0
i 0.0 0.00510204081632653 0.0
dev 0.0 0.00510204081632653 0.0
living 0.0 0.05612244897959184 0.0
study 0.0 0.00510204081632653 0.0
and 0.0019094380796508457 0.8571428571428571 0.001636661211129296
be 0.00027277686852154935 0.1377551020408163 3.7576405357560365e-05
media 0.0 0.025510204081632654 0.0
bough 0.0 0.00510204081632653 0.0
unit 0.0 0.00510204081632653 0.0
front 0.0 0.00510204081632653 0.0
de 0.0 0.025510204081632654 0.0
worst 0.0 0.01020408163265306 0.0
here 0.0 0.01020408163265306 0.0
will 0.0 0.1989795918367347 0.0
nc 0.0 0.00510204081632653 0.0
it 0.0 0.2193877551020408 0.0
well 0.0 0.02040816326530612 0.0
rough 0.0 0.00510204081632653 0.0
stan 0.001363884342607747 0.00510204081632653 6.958593584733402e-06
not 0.00027277686852154935 0.14795918367346939 4.035984279145373e-05
lion 0.0 0.00510204081632653 0.0
constant 0.0 0.015306122448979591 0.0
john 0.0 0.01020408163265306 0.0
state 0.0 0.015306122448979591 0.0
ia 0.0 0.00510204081632653 0.0
we 0.0 0.01020408163265306 0.0
sell 0.0 0.0 0.0
stone 0.0 0.01020408163265306 0.0
yellowstone 0.0 0.00510204081632653 0.0
dutton 0.0 0.01020408163265306 0.0
largest 0.0 0.01020408163265306 0.0
contiguous 0.0 0.00510204081632653 0.0
ranch 0.0 0.00510204081632653 0.0
united 0.0 0.00510204081632653 0.0
attack 0.0 0.00510204081632653 0.0
border 0.0 0.0 0.0
developer 0.0 0.0 0.0
reservation 0.0 0.00510204081632653 0.0
america 0.0 0.02040816326530612 0.0
national 0.0 0.01020408163265306 0.0
park 0.0 0.00510204081632653 0.0
intense 0.0 0.01020408163265306 0.0
violent 0.0 0.015306122448979591 0.0
scrutiny 0.0 0.00510204081632653 0.0
grab 0.0 0.0 0.0
billion 0.0 0.00510204081632653 0.0
politician 0.0 0.00510204081632653 0.0
buy 0.0 0.0 0.0
oil 0.0 0.00510204081632653 0.0
lumber 0.0 0.00510204081632653 0.0
corporation 0.0 0.0 0.0
where 0.0 0.11224489795918367 0.0
drink 0.0 0.0 0.0
poison 0.0 0.0 0.0
frack 0.0 0.0 0.0
unsolved 0.0 0.00510204081632653 0.0
consequence 0.0 0.00510204081632653 0.0
frontier 0.0 0.00510204081632653 0.0
represent 0.0 0.0 0.0
from 0.00027277686852154935 0.3520408163265306 9.602859146932095e-05
o 0.0 0.00510204081632653 0.0
I 0.0 0.0 0.0
solve 0.0 0.01020408163265306 0.0
j 0.0 0.00510204081632653 0.0
by 0.0 0.33163265306122447 0.0
at 0.00027277686852154935 0.23469387755102042 6.40190609795473e-05
so 0.0 0.030612244897959183 0.0
through 0.0 0.08163265306122448 0.0
en 0.0 0.00510204081632653 0.0
that 0.00027277686852154935 0.40816326530612246 0.00011133749735573443
or 0.00027277686852154935 0.09183673469387756 2.5050936905040246e-05
pa 0.0 0.00510204081632653 0.0
to 0.000818330605564648 0.7806122448979592 0.0006387988910785263
nation 0.0 0.01020408163265306 0.0
low 0.0 0.00510204081632653 0.0
who 0.0 0.39285714285714285 0.0
