he 0.0 0.34183673469387754 0.0
red 0.0 0.01020408163265306 0.0
the 0.002564102564102564 0.9540816326530612 0.002446363160648875
side 0.0 0.015306122448979591 0.0
marry 0.0 0.03571428571428571 0.0
lead 0.0 0.02040816326530612 0.0
a 0.002564102564102564 0.8826530612244898 0.002263212977498692
in 0.0 0.7346938775510204 0.0
as 0.0 0.3469387755102041 0.0
house 0.0 0.061224489795918366 0.0
ultimately 0.0 0.025510204081632654 0.0
when 0.0 0.27040816326530615 0.0
al 0.0 0.00510204081632653 0.0
she 0.0 0.19387755102040816 0.0
leg 0.0 0.00510204081632653 0.0
murder 0.0 0.030612244897959183 0.0
family 0.0 0.22448979591836735 0.0
even 0.0 0.07142857142857142 0.0
on 0.002564102564102564 0.3520408163265306 0.000902668759811617
begin 0.0 0.025510204081632654 0.0
i 0.0 0.00510204081632653 0.0
outsider 0.0 0.01020408163265306 0.0
and 0.0 0.8571428571428571 0.0
be 0.0 0.1377551020408163 0.0
trigger 0.0 0.00510204081632653 0.0
less 0.0 0.00510204081632653 0.0
bet 0.0 0.00510204081632653 0.0
empire 0.0 0.01020408163265306 0.0
use 0.0 0.02040816326530612 0.0
ss 0.0 0.00510204081632653 0.0
de 0.0 0.025510204081632654 0.0
nc 0.0 0.00510204081632653 0.0
behind 0.0 0.05612244897959184 0.0
it 0.0 0.2193877551020408 0.0
ambition 0.0 0.01020408163265306 0.0
revenge 0.0 0.02040816326530612 0.0
out 0.0 0.18877551020408162 0.0
ia 0.0 0.00510204081632653 0.0
we 0.0 0.01020408163265306 0.0
fashion 0.0 0.01020408163265306 0.0
from 0.0 0.3520408163265306 0.0
unravel 0.0 0.00510204081632653 0.0
o 0.0 0.00510204081632653 0.0
inspire 0.0 0.0 0.0
spiral 0.0 0.01020408163265306 0.0
tim 0.0 0.00510204081632653 0.0
guccus 0.0 0.0 0.0
italian 0.0 0.00510204081632653 0.0
patrizia 0.0 0.00510204081632653 0.0
reggiani 0.0 0.00510204081632653 0.0
lady 0.0 0.00510204081632653 0.0
gaga 0.0 0.00510204081632653 0.0
humble 0.0 0.00510204081632653 0.0
beginning 0.0 0.015306122448979591 0.0
gucci 0.0 0.00510204081632653 0.0
unbridled 0.0 0.00510204081632653 0.0
legacy 0.0 0.015306122448979591 0.0
reckless 0.0 0.00510204081632653 0.0
betrayal 0.0 0.01020408163265306 0.0
decadence 0.0 0.00510204081632653 0.0
by 0.0 0.33163265306122447 0.0
at 0.0 0.23469387755102042 0.0
outside 0.0 0.02040816326530612 0.0
en 0.0 0.00510204081632653 0.0
pa 0.0 0.00510204081632653 0.0
to 0.0 0.7806122448979592 0.0
