small 0.0 0.07653061224489796 0.0
live 0.0005268703898840885 0.05612244897959184 2.9569256575127414e-05
but 0.0 0.3112244897959184 0.0
brother 0.0 0.04081632653061224 0.0
father 0.001053740779768177 0.11734693877551021 0.00012365325476871466
he 0.0005268703898840885 0.34183673469387754 0.00018010365368486698
forest 0.0 0.04081632653061224 0.0
the 0.001053740779768177 0.9540816326530612 0.001005354723554332
mother 0.0 0.05612244897959184 0.0
member 0.0 0.00510204081632653 0.0
hike 0.0 0.01020408163265306 0.0
take 0.0005268703898840885 0.09183673469387756 4.8386056213844866e-05
two 0.0 0.12755102040816327 0.0
a 0.002107481559536354 0.8826530612244898 0.0018601750499989246
other 0.0 0.08163265306122448 0.0
they 0.0 0.28061224489795916 0.0
ever 0.0 0.05102040816326531 0.0
day 0.0 0.09183673469387756 0.0
in 0.001053740779768177 0.7346938775510204 0.0007741768994215179
man 0.0 0.12755102040816327 0.0
one 0.0005268703898840885 0.18877551020408162 9.94602266617922e-05
see 0.0 0.04081632653061224 0.0
mysterious 0.0005268703898840885 0.08673469387755102 4.569794197974237e-05
event 0.0 0.0 0.0
as 0.0 0.3469387755102041 0.0
house 0.0 0.061224489795918366 0.0
journey 0.0 0.08163265306122448 0.0
rest 0.0 0.025510204081632654 0.0
al 0.0 0.00510204081632653 0.0
dr 0.0 0.00510204081632653 0.0
film 0.0 0.061224489795918366 0.0
she 0.002107481559536354 0.19387755102040816 0.0004085933635835788
tell 0.0 0.015306122448979591 0.0
son 0.0 0.08163265306122448 0.0
unfold 0.0 0.00510204081632653 0.0
six 0.0005268703898840885 0.025510204081632654 1.344057117051246e-05
strange 0.0 0.03571428571428571 0.0
teenage 0.0 0.025510204081632654 0.0
never 0.0 0.03571428571428571 0.0
vanya 0.0 0.00510204081632653 0.0
andrey 0.0 0.00510204081632653 0.0
long 0.0 0.05612244897959184 0.0
remember 0.0 0.00510204081632653 0.0
lived 0.0 0.01020408163265306 0.0
pilot 0.0 0.00510204081632653 0.0
ordinary 0.0 0.03571428571428571 0.0
monday 0.0 0.00510204081632653 0.0
dad 0.0 0.00510204081632653 0.0
appear 0.0 0.0 0.0
island 0.0 0.02040816326530612 0.0
middle 0.0 0.025510204081632654 0.0
lake 0.0 0.015306122448979591 0.0
even 0.0 0.07142857142857142 0.0
on 0.0 0.3520408163265306 0.0
pete 0.0 0.01020408163265306 0.0
peter 0.0 0.02040816326530612 0.0
once 0.0 0.061224489795918366 0.0
lot 0.0 0.00510204081632653 0.0
old 0.0005268703898840885 0.05612244897959184 2.9569256575127414e-05
land 0.0 0.030612244897959183 0.0
i 0.0 0.00510204081632653 0.0
for 0.0 0.3877551020408163 0.0
and 0.001053740779768177 0.8571428571428571 0.0009032063826584373
be 0.0005268703898840885 0.1377551020408163 7.257908432076728e-05
all 0.0 0.17346938775510204 0.0
use 0.0 0.02040816326530612 0.0
age 0.0 0.025510204081632654 0.0
will 0.0 0.1989795918367347 0.0
nc 0.0 0.00510204081632653 0.0
rio 0.0 0.025510204081632654 0.0
it 0.0 0.2193877551020408 0.0
app 0.0 0.00510204081632653 0.0
with 0.0 0.4387755102040816 0.0
rick 0.0 0.00510204081632653 0.0
out 0.0 0.18877551020408162 0.0
heir 0.0 0.00510204081632653 0.0
we 0.0 0.01020408163265306 0.0
o 0.0 0.00510204081632653 0.0
I 0.0 0.0 0.0
mid 0.0 0.00510204081632653 0.0
j 0.0 0.00510204081632653 0.0
roth 0.0 0.00510204081632653 0.0
fore 0.0 0.00510204081632653 0.0
moth 0.0 0.00510204081632653 0.0
at 0.0 0.23469387755102042 0.0
so 0.0 0.030612244897959183 0.0
en 0.0 0.00510204081632653 0.0
that 0.0005268703898840885 0.40816326530612246 0.00021504913872819937
or 0.0 0.09183673469387756 0.0
pa 0.0 0.00510204081632653 0.0
sl 0.0 0.00510204081632653 0.0
to 0.0005268703898840885 0.7806122448979592 0.0004112814778176813
how 0.0 0.09183673469387756 0.0
who 0.0 0.39285714285714285 0.0
