king 0.0 0.030612244897959183 0.0
but 0.0 0.3112244897959184 0.0
he 0.0011312217194570135 0.34183673469387754 0.0003866931387939791
the 0.002262443438914027 0.9540816326530612 0.0021585557299843012
go 0.0 0.09183673469387756 0.0
change 0.0 0.02040816326530612 0.0
ask 0.0 0.00510204081632653 0.0
thing 0.0 0.00510204081632653 0.0
a 0.0011312217194570135 0.8826530612244898 0.000998476313602364
sign 0.0 0.00510204081632653 0.0
ever 0.0 0.05102040816326531 0.0
govern 0.0 0.00510204081632653 0.0
in 0.0011312217194570135 0.7346938775510204 0.0008311016714378059
man 0.0 0.12755102040816327 0.0
mysterious 0.0 0.08673469387755102 0.0
as 0.0 0.3469387755102041 0.0
when 0.0011312217194570135 0.27040816326530615 0.00030589158740419243
want 0.0 0.01020408163265306 0.0
paris 0.0 0.04591836734693878 0.0
every 0.0 0.03571428571428571 0.0
cross 0.0 0.015306122448979591 0.0
world 0.0 0.19387755102040816 0.0
path 0.0 0.025510204081632654 0.0
meet 0.0 0.030612244897959183 0.0
i 0.0 0.00510204081632653 0.0
run 0.0 0.015306122448979591 0.0
way 0.0 0.03571428571428571 0.0
for 0.0 0.3877551020408163 0.0
woman 0.0 0.07142857142857142 0.0
be 0.0011312217194570135 0.1377551020408163 0.00015583156339458857
air 0.0 0.01020408163265306 0.0
suddenly 0.0 0.030612244897959183 0.0
ss 0.0 0.00510204081632653 0.0
de 0.0 0.025510204081632654 0.0
arun 0.0 0.015306122448979591 0.0
will 0.0 0.1989795918367347 0.0
rio 0.0 0.025510204081632654 0.0
it 0.0 0.2193877551020408 0.0
with 0.0 0.4387755102040816 0.0
past 0.0 0.04591836734693878 0.0
everything 0.0 0.025510204081632654 0.0
we 0.0 0.01020408163265306 0.0
government 0.0 0.02040816326530612 0.0
eiffel 0.0 0.00510204081632653 0.0
design 0.0 0.00510204081632653 0.0
something 0.0 0.025510204081632654 0.0
spectacular 0.0 0.01020408163265306 0.0
fair 0.0 0.015306122448979591 0.0
simply 0.0 0.00510204081632653 0.0
subway 0.0 0.00510204081632653 0.0
from 0.0 0.3520408163265306 0.0
o 0.0 0.00510204081632653 0.0
I 0.0 0.0 0.0
if 0.0 0.03571428571428571 0.0
hang 0.0 0.00510204081632653 0.0
at 0.0 0.23469387755102042 0.0
so 0.0 0.030612244897959183 0.0
en 0.0 0.00510204081632653 0.0
or 0.0 0.09183673469387756 0.0
pa 0.0 0.00510204081632653 0.0
to 0.0011312217194570135 0.7806122448979592 0.0008830455259026687
ski 0.0 0.00510204081632653 0.0
sk 0.0 0.00510204081632653 0.0
