live 0.0006105006105006105 0.05612244897959184 3.426278936483018e-05
he 0.0 0.34183673469387754 0.0
the 0.003663003663003663 0.9540816326530612 0.0034948045152126783
a 0.0006105006105006105 0.8826530612244898 0.0005388602327377837
force 0.0 0.025510204081632654 0.0
end 0.0 0.04591836734693878 0.0
in 0.001221001221001221 0.7346938775510204 0.0008970621215519175
man 0.0006105006105006105 0.12755102040816327 7.78699758291595e-05
event 0.0 0.0 0.0
al 0.0 0.00510204081632653 0.0
year 0.0 0.01020408163265306 0.0
secret 0.0 0.061224489795918366 0.0
thou 0.0 0.01020408163265306 0.0
follow 0.0 0.015306122448979591 0.0
even 0.0 0.07142857142857142 0.0
on 0.0 0.3520408163265306 0.0
art 0.0 0.00510204081632653 0.0
i 0.0 0.00510204081632653 0.0
dev 0.0 0.00510204081632653 0.0
win 0.0 0.015306122448979591 0.0
living 0.0 0.05612244897959184 0.0
for 0.0006105006105006105 0.3877551020408163 0.0002367247265206449
and 0.002442002442002442 0.8571428571428571 0.002093144950287807
mankind 0.0 0.030612244897959183 0.0
enemy 0.0 0.025510204081632654 0.0
unit 0.0 0.00510204081632653 0.0
age 0.0 0.025510204081632654 0.0
lie 0.0 0.00510204081632653 0.0
de 0.0 0.025510204081632654 0.0
nc 0.0 0.00510204081632653 0.0
it 0.0 0.2193877551020408 0.0
unexpected 0.0 0.025510204081632654 0.0
ex 0.0 0.00510204081632653 0.0
out 0.0 0.18877551020408162 0.0
gain 0.0 0.00510204081632653 0.0
ancient 0.0 0.01020408163265306 0.0
ia 0.0 0.00510204081632653 0.0
we 0.0 0.01020408163265306 0.0
earth 0.0 0.05102040816326531 0.0
thousand 0.0 0.00510204081632653 0.0
avenge 0.0 0.00510204081632653 0.0
expect 0.0 0.0 0.0
o 0.0 0.00510204081632653 0.0
avenger 0.0 0.0 0.0
endgame 0.0 0.01020408163265306 0.0
I 0.0 0.0 0.0
rage 0.0 0.01020408163265306 0.0
game 0.0 0.02040816326530612 0.0
most 0.0006105006105006105 0.07653061224489796 4.6721985497495704e-05
tragedy 0.0 0.00510204081632653 0.0
eternal 0.0 0.0 0.0
alien 0.0 0.015306122448979591 0.0
shadow 0.0 0.0 0.0
reunite 0.0 0.00510204081632653 0.0
deviant 0.0 0.0 0.0
sand 0.0 0.0 0.0
en 0.0 0.00510204081632653 0.0
or 0.0 0.09183673469387756 0.0
to 0.0 0.7806122448979592 0.0
low 0.0 0.00510204081632653 0.0
who 0.0006105006105006105 0.39285714285714285 0.00023983952555381126
