life 0.0 0.20408163265306123 0.0
but 0.0 0.3112244897959184 0.0
child 0.0 0.04081632653061224 0.0
father 0.0007957559681697613 0.11734693877551021 9.337952687706383e-05
he 0.001326259946949602 0.34183673469387754 0.0004533643696205272
the 0.001856763925729443 0.9540816326530612 0.0017715043577112542
become 0.0 0.05612244897959184 0.0
known 0.0 0.05612244897959184 0.0
know 0.0 0.07142857142857142 0.0
marry 0.0 0.03571428571428571 0.0
take 0.0 0.09183673469387756 0.0
lead 0.0002652519893899204 0.02040816326530612 5.413305905916742e-06
a 0.0023872679045092837 0.8826530612244898 0.0021071293238780924
story 0.0 0.12755102040816327 0.0
boy 0.0002652519893899204 0.030612244897959183 8.119958858875114e-06
end 0.0 0.04591836734693878 0.0
ever 0.0 0.05102040816326531 0.0
in 0.0007957559681697613 0.7346938775510204 0.0005846370378390083
movie 0.0 0.030612244897959183 0.0
no 0.0 0.07142857142857142 0.0
one 0.0002652519893899204 0.18877551020408162 5.0073079629729866e-05
turn 0.0 0.025510204081632654 0.0
event 0.0 0.0 0.0
as 0.0005305039787798408 0.3469387755102041 0.00018405240080116925
later 0.0 0.061224489795918366 0.0
die 0.0 0.01020408163265306 0.0
help 0.0 0.10204081632653061 0.0
al 0.0 0.00510204081632653 0.0
say 0.0 0.0 0.0
she 0.0007957559681697613 0.19387755102040816 0.00015427921831862718
year 0.0 0.01020408163265306 0.0
childhood 0.0 0.030612244897959183 0.0
wife 0.0 0.05612244897959184 0.0
after 0.0 0.1989795918367347 0.0
leg 0.0 0.00510204081632653 0.0
ship 0.0 0.02040816326530612 0.0
like 0.0002652519893899204 0.03571428571428571 9.4732853353543e-06
son 0.0002652519893899204 0.08163265306122448 2.165322362366697e-05
late 0.0 0.02040816326530612 0.0
early 0.0 0.030612244897959183 0.0
pass 0.0 0.00510204081632653 0.0
world 0.0 0.19387755102040816 0.0
come 0.0 0.025510204081632654 0.0
young 0.0 0.15816326530612246 0.0
even 0.0 0.07142857142857142 0.0
on 0.0002652519893899204 0.3520408163265306 9.337952687706382e-05
great 0.0 0.03571428571428571 0.0
meet 0.0 0.030612244897959183 0.0
would 0.0 0.030612244897959183 0.0
old 0.0 0.05612244897959184 0.0
i 0.0 0.00510204081632653 0.0
conquer 0.0 0.00510204081632653 0.0
select 0.0 0.00510204081632653 0.0
girl 0.0 0.08673469387755102 0.0
and 0.0007957559681697613 0.8571428571428571 0.0006820765441455096
greatest 0.0 0.025510204081632654 0.0
be 0.0010610079575596816 0.1377551020408163 0.00014615925945975203
five 0.0 0.030612244897959183 0.0
all 0.0 0.17346938775510204 0.0
promise 0.0 0.0 0.0
return 0.0 0.030612244897959183 0.0
choose 0.0 0.0 0.0
legendary 0.0 0.025510204081632654 0.0
ss 0.0 0.00510204081632653 0.0
will 0.0 0.1989795918367347 0.0
slavery 0.0 0.01020408163265306 0.0
it 0.0 0.2193877551020408 0.0
with 0.0002652519893899204 0.4387755102040816 0.00011638607697720997
omi 0.0 0.00510204081632653 0.0
rough 0.0 0.00510204081632653 0.0
ip 0.0 0.0 0.0
future 0.0 0.030612244897959183 0.0
star 0.0 0.00510204081632653 0.0
ia 0.0 0.00510204081632653 0.0
test 0.0 0.00510204081632653 0.0
poison 0.0 0.0 0.0
o 0.0 0.00510204081632653 0.0
conqueror 0.0 0.01020408163265306 0.0
I 0.0 0.0 0.0
if 0.0 0.03571428571428571 0.0
j 0.0 0.00510204081632653 0.0
trip 0.0 0.02040816326530612 0.0
rip 0.0 0.01020408163265306 0.0
by 0.0002652519893899204 0.33163265306122447 8.796622097114707e-05
now 0.0 0.07653061224489796 0.0
at 0.0002652519893899204 0.23469387755102042 6.225301791804254e-05
so 0.0 0.030612244897959183 0.0
through 0.0 0.08163265306122448 0.0
hard 0.0 0.01020408163265306 0.0
epic 0.0 0.01020408163265306 0.0
en 0.0 0.00510204081632653 0.0
eat 0.0 0.00510204081632653 0.0
or 0.0 0.09183673469387756 0.0
pa 0.0 0.00510204081632653 0.0
sl 0.0 0.00510204081632653 0.0
ji 0.0 0.00510204081632653 0.0
to 0.0002652519893899204 0.7806122448979592 0.00020705895090131543
genghi 0.0 0.0 0.0
khan 0.0 0.00510204081632653 0.0
temüjin 0.0 0.00510204081632653 0.0
börte 0.0 0.00510204081632653 0.0
starvation 0.0 0.00510204081632653 0.0
humiliation 0.0 0.0 0.0
overcome 0.0 0.0 0.0
hardship 0.0 0.0 0.0
how 0.0 0.09183673469387756 0.0
who 0.0005305039787798408 0.39285714285714285 0.00020841227737779458
