live 0.0 0.05612244897959184 0.0
life 0.0005494505494505495 0.20408163265306123 0.00011213276519398969
he 0.0 0.34183673469387754 0.0
get 0.0 0.0663265306122449 0.0
red 0.0 0.01020408163265306 0.0
the 0.002747252747252747 0.9540816326530612 0.0026211033864095086
close 0.0 0.00510204081632653 0.0
a 0.0016483516483516484 0.8826530612244898 0.0014549226283920161
power 0.0 0.05102040816326531 0.0
they 0.0 0.28061224489795916 0.0
end 0.0005494505494505495 0.04591836734693878 2.522987216864768e-05
ever 0.0 0.05102040816326531 0.0
in 0.0005494505494505495 0.7346938775510204 0.00040367795469836286
man 0.0 0.12755102040816327 0.0
no 0.0 0.07142857142857142 0.0
one 0.0 0.18877551020408162 0.0
able 0.0 0.030612244897959183 0.0
see 0.0005494505494505495 0.04081632653061224 2.2426553038797935e-05
european 0.0 0.01020408163265306 0.0
turn 0.0 0.025510204081632654 0.0
russian 0.0 0.04081632653061224 0.0
time 0.0 0.14795918367346939 0.0
as 0.0 0.3469387755102041 0.0
people 0.0 0.11734693877551021 0.0
when 0.0005494505494505495 0.27040816326530615 0.00014857591388203634
pow 0.0 0.00510204081632653 0.0
al 0.0 0.00510204081632653 0.0
dr 0.0 0.00510204081632653 0.0
mission 0.0 0.07142857142857142 0.0
film 0.0 0.061224489795918366 0.0
she 0.002747252747252747 0.19387755102040816 0.0005326306346714509
after 0.0 0.1989795918367347 0.0
like 0.0 0.03571428571428571 0.0
boris 0.0 0.01020408163265306 0.0
under 0.0 0.0663265306122449 0.0
rain 0.0 0.00510204081632653 0.0
zone 0.0 0.01020408163265306 0.0
europe 0.0 0.025510204081632654 0.0
lose 0.0 0.00510204081632653 0.0
could 0.0 0.030612244897959183 0.0
bigger 0.0 0.01020408163265306 0.0
plan 0.0 0.02040816326530612 0.0
hero 0.0 0.025510204081632654 0.0
chernobyl 0.0 0.00510204081632653 0.0
abyss 0.0 0.00510204081632653 0.0
first 0.0 0.08163265306122448 0.0
major 0.0 0.04081632653061224 0.0
feature 0.0 0.00510204081632653 0.0
aftermath 0.0 0.01020408163265306 0.0
explosion 0.0 0.00510204081632653 0.0
nuclear 0.0 0.00510204081632653 0.0
station 0.0 0.025510204081632654 0.0
hundred 0.0 0.00510204081632653 0.0
sacrifice 0.0 0.00510204081632653 0.0
clean 0.0 0.01020408163265306 0.0
site 0.0 0.00510204081632653 0.0
catastrophe 0.0 0.00510204081632653 0.0
successfully 0.0 0.00510204081632653 0.0
prevent 0.0 0.00510204081632653 0.0
even 0.0 0.07142857142857142 0.0
disaster 0.0 0.01020408163265306 0.0
large 0.0 0.015306122448979591 0.0
part 0.0 0.04081632653061224 0.0
continent 0.0 0.01020408163265306 0.0
uninhabitable 0.0 0.00510204081632653 0.0
exclusion 0.0 0.00510204081632653 0.0
unlikely 0.0 0.01020408163265306 0.0
alexey 0.0 0.00510204081632653 0.0
fireman 0.0 0.00510204081632653 0.0
accompany 0.0 0.0 0.0
valery 0.0 0.00510204081632653 0.0
engineer 0.0 0.00510204081632653 0.0
bori 0.0 0.0 0.0
military 0.0 0.015306122448979591 0.0
diver 0.0 0.00510204081632653 0.0
perilous 0.0 0.00510204081632653 0.0
drain 0.0 0.00510204081632653 0.0
water 0.0 0.015306122448979591 0.0
reservoir 0.0 0.00510204081632653 0.0
burn 0.0 0.0 0.0
reactor 0.0 0.00510204081632653 0.0
proper 0.0 0.00510204081632653 0.0
planning 0.0 0.01020408163265306 0.0
flood 0.0 0.0 0.0
corridor 0.0 0.0 0.0
traverse 0.0 0.00510204081632653 0.0
hotter 0.0 0.00510204081632653 0.0
hour 0.0 0.00510204081632653 0.0
molten 0.0 0.00510204081632653 0.0
core 0.0 0.01020408163265306 0.0
seep 0.0 0.0 0.0
closer 0.0 0.025510204081632654 0.0
prepared 0.0 0.00510204081632653 0.0
order 0.0 0.04081632653061224 0.0
greater 0.0 0.00510204081632653 0.0
three 0.0 0.030612244897959183 0.0
descend 0.0 0.00510204081632653 0.0
depths 0.0 0.01020408163265306 0.0
building 0.0 0.015306122448979591 0.0
on 0.0 0.3520408163265306 0.0
great 0.0 0.03571428571428571 0.0
full 0.0 0.025510204081632654 0.0
art 0.0 0.00510204081632653 0.0
rus 0.0 0.00510204081632653 0.0
i 0.0 0.00510204081632653 0.0
big 0.0 0.02040816326530612 0.0
fully 0.0 0.00510204081632653 0.0
for 0.0005494505494505495 0.3877551020408163 0.00021305225386858038
and 0.0 0.8571428571428571 0.0
be 0.001098901098901099 0.1377551020408163 0.00015137923301188606
act 0.0 0.00510204081632653 0.0
successful 0.0 0.00510204081632653 0.0
russia 0.0 0.02040816326530612 0.0
ss 0.0 0.00510204081632653 0.0
de 0.0 0.025510204081632654 0.0
will 0.0 0.1989795918367347 0.0
ale 0.0 0.00510204081632653 0.0
it 0.0 0.2193877551020408 0.0
pt 0.0 0.00510204081632653 0.0
ex 0.0 0.00510204081632653 0.0
out 0.0005494505494505495 0.18877551020408162 0.00010372280780444045
heir 0.0 0.00510204081632653 0.0
ia 0.0 0.00510204081632653 0.0
we 0.0 0.01020408163265306 0.0
fire 0.0 0.00510204081632653 0.0
from 0.0 0.3520408163265306 0.0
o 0.0 0.00510204081632653 0.0
hot 0.0 0.00510204081632653 0.0
I 0.0 0.0 0.0
math 0.0 0.00510204081632653 0.0
lou 0.0 0.00510204081632653 0.0
if 0.0 0.03571428571428571 0.0
build 0.0 0.01020408163265306 0.0
val 0.0 0.00510204081632653 0.0
j 0.0 0.00510204081632653 0.0
tim 0.0 0.00510204081632653 0.0
by 0.0005494505494505495 0.33163265306122447 0.00018221574344023323
cat 0.0 0.01020408163265306 0.0
at 0.0005494505494505495 0.23469387755102042 0.00012895267997308814
clear 0.0 0.015306122448979591 0.0
los 0.0 0.00510204081632653 0.0
ann 0.0 0.00510204081632653 0.0
rai 0.0 0.00510204081632653 0.0
en 0.0 0.00510204081632653 0.0
eat 0.0 0.00510204081632653 0.0
alex 0.0 0.01020408163265306 0.0
that 0.0005494505494505495 0.40816326530612246 0.00022426553038797938
or 0.0005494505494505495 0.09183673469387756 5.045974433729536e-05
pa 0.0 0.00510204081632653 0.0
to 0.0005494505494505495 0.7806122448979592 0.00042890782686701054
ice 0.0 0.0 0.0
actor 0.0 0.00510204081632653 0.0
