small 0.0 0.07653061224489796 0.0
live 0.0 0.05612244897959184 0.0
life 0.0 0.20408163265306123 0.0
he 0.0 0.34183673469387754 0.0
get 0.0 0.0663265306122449 0.0
the 0.002652519893899204 0.9540816326530612 0.0025307205110160773
save 0.0 0.030612244897959183 0.0
become 0.000663129973474801 0.05612244897959184 3.721647810317761e-05
decide 0.0 0.03571428571428571 0.0
call 0.0 0.01020408163265306 0.0
take 0.0 0.09183673469387756 0.0
a 0.001989389920424403 0.8826530612244898 0.0017559411032317437
they 0.0 0.28061224489795916 0.0
end 0.0 0.04591836734693878 0.0
in 0.000663129973474801 0.7346938775510204 0.0004871975315325069
moscow 0.0 0.05102040816326531 0.0
try 0.0 0.01020408163265306 0.0
man 0.0 0.12755102040816327 0.0
no 0.0 0.07142857142857142 0.0
time 0.0 0.14795918367346939 0.0
as 0.000663129973474801 0.3469387755102041 0.0002300655010014616
house 0.0 0.061224489795918366 0.0
ilya 0.0 0.00510204081632653 0.0
al 0.0 0.00510204081632653 0.0
she 0.0 0.19387755102040816 0.0
wife 0.0 0.05612244897959184 0.0
arm 0.0 0.00510204081632653 0.0
son 0.0 0.08163265306122448 0.0
fight 0.0 0.03571428571428571 0.0
family 0.0 0.22448979591836735 0.0
friend 0.0 0.0663265306122449 0.0
town 0.0 0.05102040816326531 0.0
come 0.000663129973474801 0.025510204081632654 1.6916580955989823e-05
teenage 0.0 0.025510204081632654 0.0
ordinary 0.0 0.03571428571428571 0.0
on 0.0 0.3520408163265306 0.0
meet 0.0 0.030612244897959183 0.0
old 0.0 0.05612244897959184 0.0
land 0.000663129973474801 0.030612244897959183 2.0299897147187787e-05
army 0.0 0.025510204081632654 0.0
i 0.0 0.00510204081632653 0.0
vladimir 0.0 0.01020408163265306 0.0
sea 0.0 0.015306122448979591 0.0
back 0.000663129973474801 0.08673469387755102 5.75163752503654e-05
home 0.0 0.07653061224489796 0.0
way 0.0 0.03571428571428571 0.0
and 0.0 0.8571428571428571 0.0
be 0.000663129973474801 0.1377551020408163 9.134953716234504e-05
all 0.0 0.17346938775510204 0.0
air 0.0 0.01020408163265306 0.0
aunt 0.0 0.01020408163265306 0.0
use 0.0 0.02040816326530612 0.0
age 0.0 0.025510204081632654 0.0
de 0.0 0.025510204081632654 0.0
here 0.0 0.01020408163265306 0.0
ale 0.0 0.00510204081632653 0.0
it 0.000663129973474801 0.2193877551020408 0.00014548259622151246
together 0.0 0.05612244897959184 0.0
pt 0.0 0.00510204081632653 0.0
away 0.0 0.04081632653061224 0.0
auto 0.0 0.015306122448979591 0.0
out 0.0 0.18877551020408162 0.0
heir 0.0 0.00510204081632653 0.0
hal 0.0 0.00510204081632653 0.0
we 0.0 0.01020408163265306 0.0
mad 0.0 0.00510204081632653 0.0
where 0.0 0.11224489795918367 0.0
from 0.0 0.3520408163265306 0.0
o 0.0 0.00510204081632653 0.0
I 0.0 0.0 0.0
if 0.0 0.03571428571428571 0.0
elena 0.0 0.01020408163265306 0.0
tear 0.0 0.00510204081632653 0.0
local 0.0 0.025510204081632654 0.0
corrupt 0.0 0.015306122448979591 0.0
tim 0.0 0.00510204081632653 0.0
pair 0.0 0.00510204081632653 0.0
coast 0.0 0.00510204081632653 0.0
by 0.0 0.33163265306122447 0.0
now 0.0 0.07653061224489796 0.0
at 0.000663129973474801 0.23469387755102042 0.00015563254479510638
may 0.000663129973474801 0.015306122448979591 1.0149948573593894e-05
so 0.0 0.030612244897959183 0.0
en 0.0 0.00510204081632653 0.0
rita 0.0 0.00510204081632653 0.0
mayor 0.0 0.01020408163265306 0.0
or 0.0 0.09183673469387756 0.0
pa 0.0 0.00510204081632653 0.0
outskirts 0.0 0.00510204081632653 0.0
coastal 0.0 0.00510204081632653 0.0
barent 0.0 0.0 0.0
whale 0.0 0.0 0.0
sometimes 0.0 0.01020408163265306 0.0
bay 0.0 0.00510204081632653 0.0
kolya 0.0 0.00510204081632653 0.0
aleksey 0.0 0.00510204081632653 0.0
serebryakov 0.0 0.00510204081632653 0.0
lilya 0.0 0.00510204081632653 0.0
lyadova 0.0 0.00510204081632653 0.0
romka 0.0 0.00510204081632653 0.0
haunted 0.0 0.00510204081632653 0.0
roman 0.0 0.00510204081632653 0.0
madyanov 0.0 0.00510204081632653 0.0
repair 0.0 0.00510204081632653 0.0
shop 0.0 0.00510204081632653 0.0
to 0.001326259946949602 0.7806122448979592 0.0010352947545065772
vdovichenkov 0.0 0.00510204081632653 0.0
authoritative 0.0 0.00510204081632653 0.0
attorney 0.0 0.00510204081632653 0.0
collect 0.0 0.00510204081632653 0.0
dirt 0.0 0.00510204081632653 0.0
ski 0.0 0.00510204081632653 0.0
sk 0.0 0.00510204081632653 0.0
lena 0.0 0.00510204081632653 0.0
who 0.0 0.39285714285714285 0.0
