live 0.0004633920296570899 0.05612244897959184 2.6006695541979536e-05
life 0.0004633920296570899 0.20408163265306123 9.456980197083468e-05
he 0.00139017608897127 0.34183673469387754 0.0004752132549034443
the 0.003243744207599629 0.9540816326530612 0.0030947967694955644
a 0.0009267840593141798 0.8826530612244898 0.00081802878704772
highlight 0.0 0.00510204081632653 0.0
they 0.0 0.28061224489795916 0.0
light 0.0 0.02040816326530612 0.0
day 0.0 0.09183673469387756 0.0
in 0.0013901760889712697 0.7346938775510204 0.0010213538612850145
one 0.0009267840593141798 0.18877551020408162 0.00017495413364604413
black 0.0 0.01020408163265306 0.0
present 0.0 0.015306122448979591 0.0
as 0.0 0.3469387755102041 0.0
al 0.0 0.00510204081632653 0.0
problem 0.0 0.02040816326530612 0.0
late 0.0 0.02040816326530612 0.0
send 0.0 0.0 0.0
india 0.0 0.04081632653061224 0.0
first 0.0 0.08163265306122448 0.0
on 0.0004633920296570899 0.3520408163265306 0.0001631329083996898
face 0.0 0.025510204081632654 0.0
i 0.0 0.00510204081632653 0.0
show 0.0 0.030612244897959183 0.0
latest 0.0 0.02040816326530612 0.0
and 0.0009267840593141798 0.8571428571428571 0.0007943863365550112
be 0.00139017608897127 0.1377551020408163 0.00019150384899094023
act 0.0 0.00510204081632653 0.0
ii 0.0 0.015306122448979591 0.0
lone 0.0 0.00510204081632653 0.0
iran 0.0 0.00510204081632653 0.0
de 0.0 0.025510204081632654 0.0
iya 0.0 0.00510204081632653 0.0
origin 0.0 0.00510204081632653 0.0
it 0.0 0.2193877551020408 0.0
fact 0.0 0.02040816326530612 0.0
original 0.0 0.015306122448979591 0.0
heir 0.0 0.00510204081632653 0.0
ia 0.0 0.00510204081632653 0.0
test 0.0 0.00510204081632653 0.0
o 0.0 0.00510204081632653 0.0
hit 0.0 0.015306122448979591 0.0
j 0.0 0.00510204081632653 0.0
high 0.0 0.015306122448979591 0.0
rob 0.0 0.00510204081632653 0.0
cate 0.0 0.00510204081632653 0.0
cat 0.0 0.01020408163265306 0.0
at 0.0 0.23469387755102042 0.0
ann 0.0 0.00510204081632653 0.0
white 0.0 0.01020408163265306 0.0
en 0.0 0.00510204081632653 0.0
lack 0.0 0.01020408163265306 0.0
or 0.0 0.09183673469387756 0.0
dedicated 0.0 0.00510204081632653 0.0
shrimati 0.0 0.00510204081632653 0.0
sl 0.0 0.00510204081632653 0.0
loney 0.0 0.00510204081632653 0.0
ji 0.0 0.00510204081632653 0.0
shri 0.0 0.00510204081632653 0.0
irodov 0.0 0.00510204081632653 0.0
maanniya 0.0 0.00510204081632653 0.0
hc 0.0 0.00510204081632653 0.0
verma 0.0 0.00510204081632653 0.0
factory 0.0 0.01020408163265306 0.0
tvf 0.0 0.00510204081632653 0.0
aspirant 0.0 0.00510204081632653 0.0
to 0.0004633920296570899 0.7806122448979592 0.0003617294925384426
tv 0.0 0.00510204081632653 0.0
actor 0.0 0.00510204081632653 0.0
how 0.0 0.09183673469387756 0.0
