live 0.000574052812858783 0.05612244897959184 3.221724970125823e-05
life 0.0002870264064293915 0.20408163265306123 5.857681763865133e-05
child 0.0 0.04081632653061224 0.0
he 0.002870264064293915 0.34183673469387754 0.0009811616954474097
the 0.0008610792192881745 0.9540816326530612 0.0008215398673820848
eye 0.0 0.02040816326530612 0.0
side 0.0 0.015306122448979591 0.0
a 0.001722158438576349 0.8826530612244898 0.0015200684177230019
love 0.0 0.09183673469387756 0.0
end 0.0 0.04591836734693878 0.0
night 0.0 0.025510204081632654 0.0
in 0.000574052812858783 0.7346938775510204 0.00042175308699828957
see 0.0 0.04081632653061224 0.0
as 0.0002870264064293915 0.3469387755102041 9.958058998570725e-05
people 0.0 0.11734693877551021 0.0
when 0.0002870264064293915 0.27040816326530615 7.761428337121302e-05
police 0.0 0.08163265306122448 0.0
al 0.0 0.00510204081632653 0.0
dr 0.0 0.00510204081632653 0.0
also 0.0 0.09183673469387756 0.0
she 0.0 0.19387755102040816 0.0
alter 0.0 0.01020408163265306 0.0
childhood 0.0 0.030612244897959183 0.0
after 0.0 0.1989795918367347 0.0
under 0.0 0.0663265306122449 0.0
already 0.0 0.01020408163265306 0.0
heavy 0.0 0.01020408163265306 0.0
drug 0.000574052812858783 0.04081632653061224 2.343072705546053e-05
can 0.0 0.08673469387755102 0.0
even 0.0 0.07142857142857142 0.0
on 0.000574052812858783 0.3520408163265306 0.00020209002085334708
row 0.0 0.00510204081632653 0.0
once 0.0 0.061224489795918366 0.0
what 0.0 0.1377551020408163 0.0
i 0.0 0.00510204081632653 0.0
back 0.0 0.08673469387755102 0.0
there 0.0 0.08163265306122448 0.0
ready 0.0 0.01020408163265306 0.0
and 0.001722158438576349 0.8571428571428571 0.0014761358044940132
be 0.0002870264064293915 0.1377551020408163 3.9539351906089645e-05
all 0.0 0.17346938775510204 0.0
whose 0.0 0.04591836734693878 0.0
less 0.0 0.00510204081632653 0.0
use 0.0 0.02040816326530612 0.0
tokyo 0.0 0.00510204081632653 0.0
nasty 0.0 0.00510204081632653 0.0
underside 0.0 0.00510204081632653 0.0
primarily 0.0 0.00510204081632653 0.0
oscar 0.0 0.00510204081632653 0.0
user 0.0 0.00510204081632653 0.0
sister 0.0 0.015306122448979591 0.0
linda 0.0 0.00510204081632653 0.0
stripper 0.0 0.00510204081632653 0.0
flashback 0.0 0.0 0.0
trauma 0.0 0.01020408163265306 0.0
upend 0.0 0.0 0.0
sibling 0.0 0.0 0.0
hallucination 0.0 0.0 0.0
shoot 0.0 0.00510204081632653 0.0
float 0.0 0.00510204081632653 0.0
look 0.0 0.025510204081632654 0.0
sorrow 0.0 0.00510204081632653 0.0
room 0.0 0.00510204081632653 0.0
hotel 0.0 0.01020408163265306 0.0
molecular 0.0 0.00510204081632653 0.0
level 0.0 0.01020408163265306 0.0
spectrum 0.0 0.01020408163265306 0.0
color 0.0 0.0 0.0
beautiful 0.0 0.015306122448979591 0.0
colorless 0.0 0.00510204081632653 0.0
ugly 0.0 0.01020408163265306 0.0
afterlife 0.0 0.00510204081632653 0.0
void 0.0 0.00510204081632653 0.0
jhailey 0.0 0.00510204081632653 0.0
ss 0.0 0.00510204081632653 0.0
de 0.0 0.025510204081632654 0.0
here 0.0 0.01020408163265306 0.0
nc 0.0 0.00510204081632653 0.0
it 0.0 0.2193877551020408 0.0
rough 0.0 0.00510204081632653 0.0
hal 0.0 0.00510204081632653 0.0
we 0.0 0.01020408163265306 0.0
more 0.0 0.08163265306122448 0.0
o 0.0 0.00510204081632653 0.0
hot 0.0 0.00510204081632653 0.0
concert 0.0 0.00510204081632653 0.0
if 0.0 0.03571428571428571 0.0
strip 0.0 0.00510204081632653 0.0
allu 0.0 0.00510204081632653 0.0
j 0.0 0.00510204081632653 0.0
trip 0.0 0.02040816326530612 0.0
rip 0.0 0.01020408163265306 0.0
at 0.0 0.23469387755102042 0.0
so 0.0 0.030612244897959183 0.0
las 0.0 0.00510204081632653 0.0
through 0.0 0.08163265306122448 0.0
car 0.0 0.00510204081632653 0.0
pen 0.0 0.00510204081632653 0.0
en 0.0 0.00510204081632653 0.0
that 0.0002870264064293915 0.40816326530612246 0.00011715363527730265
or 0.0 0.09183673469387756 0.0
to 0.001148105625717566 0.7806122448979592 0.0008962253098713654
nation 0.0 0.01020408163265306 0.0
who 0.0002870264064293915 0.39285714285714285 0.0001127603739544038
