life 0.0001740341106856944 0.20408163265306123 3.551716544606008e-05
but 0.0001740341106856944 0.3112244897959184 5.416367730524163e-05
let 0.0001740341106856944 0.02040816326530612 3.551716544606008e-06
he 0.0003480682213713888 0.34183673469387754 0.00011898250424430128
red 0.0 0.01020408163265306 0.0
the 0.0013922728854855553 0.9540816326530612 0.001328341987682647
go 0.0 0.09183673469387756 0.0
eye 0.0001740341106856944 0.02040816326530612 3.551716544606008e-06
know 0.0003480682213713888 0.07142857142857142 2.4862015812242056e-05
marry 0.0003480682213713888 0.03571428571428571 1.2431007906121028e-05
sin 0.0 0.01020408163265306 0.0
two 0.0001740341106856944 0.12755102040816327 2.2198228403787552e-05
a 0.001392272885485555 0.8826530612244898 0.0012288939244336787
love 0.0001740341106856944 0.09183673469387756 1.598272445072704e-05
couple 0.0001740341106856944 0.03571428571428571 6.215503953060514e-06
power 0.0001740341106856944 0.05102040816326531 8.87929136151502e-06
they 0.0005221023320570832 0.28061224489795916 0.00014650830746499783
force 0.0001740341106856944 0.025510204081632654 4.43964568075751e-06
end 0.0 0.04591836734693878 0.0
belong 0.0001740341106856944 0.01020408163265306 1.775858272303004e-06
in 0.0005221023320570832 0.7346938775510204 0.00038358538681744893
man 0.0 0.12755102040816327 0.0
no 0.0 0.07142857142857142 0.0
able 0.0 0.030612244897959183 0.0
black 0.0 0.01020408163265306 0.0
learn 0.0001740341106856944 0.02040816326530612 3.551716544606008e-06
turn 0.0001740341106856944 0.025510204081632654 4.43964568075751e-06
as 0.000870170553428472 0.3469387755102041 0.0003018959062915107
people 0.0001740341106856944 0.11734693877551021 2.042237013148455e-05
when 0.0001740341106856944 0.27040816326530615 4.7060244216029615e-05
pow 0.0 0.00510204081632653 0.0
die 0.0 0.01020408163265306 0.0
al 0.0 0.00510204081632653 0.0
dr 0.0 0.00510204081632653 0.0
new 0.0001740341106856944 0.1377551020408163 2.3974086676090555e-05
she 0.0010442046641141664 0.19387755102040816 0.00020244784304254245
leave 0.0001740341106856944 0.02040816326530612 3.551716544606008e-06
stage 0.0001740341106856944 0.025510204081632654 4.43964568075751e-06
divorce 0.0 0.01020408163265306 0.0
single 0.0001740341106856944 0.030612244897959183 5.327574816909013e-06
best 0.0001740341106856944 0.03571428571428571 6.215503953060514e-06
cross 0.0 0.015306122448979591 0.0
place 0.0001740341106856944 0.05612244897959184 9.767220497666522e-06
world 0.0003480682213713888 0.19387755102040816 6.748261434751416e-05
friend 0.0001740341106856944 0.0663265306122449 1.1543078769969528e-05
can 0.0001740341106856944 0.08673469387755102 1.5094795314575536e-05
rise 0.0 0.02040816326530612 0.0
second 0.0 0.02040816326530612 0.0
teach 0.0 0.00510204081632653 0.0
across 0.0001740341106856944 0.04081632653061224 7.103433089212016e-06
strange 0.0 0.03571428571428571 0.0
long 0.0 0.05612244897959184 0.0
on 0.0005221023320570832 0.3520408163265306 0.0001838013311833609
row 0.0 0.00510204081632653 0.0
different 0.0001740341106856944 0.03571428571428571 6.215503953060514e-06
begin 0.0001740341106856944 0.025510204081632654 4.43964568075751e-06
once 0.0 0.061224489795918366 0.0
face 0.0001740341106856944 0.025510204081632654 4.43964568075751e-06
art 0.0 0.00510204081632653 0.0
what 0.0005221023320570832 0.1377551020408163 7.192226002827165e-05
i 0.0 0.00510204081632653 0.0
half 0.0001740341106856944 0.01020408163265306 1.775858272303004e-06
fan 0.0001740341106856944 0.00510204081632653 8.87929136151502e-07
way 0.0 0.03571428571428571 0.0
for 0.0 0.3877551020408163 0.0
capable 0.0 0.015306122448979591 0.0
and 0.000870170553428472 0.8571428571428571 0.0007458604743672616
sex 0.0 0.03571428571428571 0.0
action 0.0 0.01020408163265306 0.0
be 0.0003480682213713888 0.1377551020408163 4.794817335218111e-05
all 0.0 0.17346938775510204 0.0
act 0.0 0.00510204081632653 0.0
bet 0.0 0.00510204081632653 0.0
choose 0.0001740341106856944 0.0 0.0
age 0.0 0.025510204081632654 0.0
ss 0.0 0.00510204081632653 0.0
lie 0.0 0.00510204081632653 0.0
de 0.0 0.025510204081632654 0.0
here 0.0 0.01020408163265306 0.0
will 0.0001740341106856944 0.1989795918367347 3.462923630990858e-05
don 0.0 0.015306122448979591 0.0
form 0.0 0.01020408163265306 0.0
nc 0.0 0.00510204081632653 0.0
super 0.0 0.00510204081632653 0.0
stranger 0.0 0.015306122448979591 0.0
daughter 0.0001740341106856944 0.05102040816326531 8.87929136151502e-06
it 0.0 0.2193877551020408 0.0
unexpected 0.0001740341106856944 0.025510204081632654 4.43964568075751e-06
teacher 0.0001740341106856944 0.030612244897959183 5.327574816909013e-06
school 0.0 0.05102040816326531 0.0
truth 0.0001740341106856944 0.04081632653061224 7.103433089212016e-06
fall 0.0001740341106856944 0.01020408163265306 1.775858272303004e-06
arise 0.0001740341106856944 0.0 0.0
with 0.0005221023320570832 0.4387755102040816 0.00022908571712708752
quest 0.0 0.01020408163265306 0.0
moment 0.0001740341106856944 0.00510204081632653 8.87929136151502e-07
parker 0.0001740341106856944 0.01020408163265306 1.775858272303004e-06
stan 0.0 0.00510204081632653 0.0
away 0.0001740341106856944 0.04081632653061224 7.103433089212016e-06
reaction 0.0001740341106856944 0.01020408163265306 1.775858272303004e-06
such 0.0001740341106856944 0.025510204081632654 4.43964568075751e-06
ex 0.0 0.00510204081632653 0.0
out 0.0 0.18877551020408162 0.0
then 0.0001740341106856944 0.05612244897959184 9.767220497666522e-06
romance 0.0001740341106856944 0.01020408163265306 1.775858272303004e-06
heir 0.0 0.00510204081632653 0.0
ia 0.0 0.00510204081632653 0.0
hal 0.0 0.00510204081632653 0.0
mel 0.0 0.00510204081632653 0.0
we 0.0 0.01020408163265306 0.0
earth 0.0001740341106856944 0.05102040816326531 8.87929136151502e-06
sam 0.0 0.00510204081632653 0.0
expect 0.0 0.0 0.0
park 0.0 0.00510204081632653 0.0
where 0.0001740341106856944 0.11224489795918367 1.9534440995333044e-05
from 0.0001740341106856944 0.3520408163265306 6.126711039445365e-05
o 0.0 0.00510204081632653 0.0
evolve 0.0001740341106856944 0.0 0.0
kat 0.0006961364427427776 0.00510204081632653 3.551716544606008e-06
valdez 0.0001740341106856944 0.00510204081632653 8.87929136151502e-07
sexiest 0.0001740341106856944 0.00510204081632653 8.87929136151502e-07
celebrity 0.0001740341106856944 0.00510204081632653 8.87929136151502e-07
hot 0.0001740341106856944 0.00510204081632653 8.87929136151502e-07
music 0.0001740341106856944 0.01020408163265306 1.775858272303004e-06
supernova 0.0001740341106856944 0.00510204081632653 8.87929136151502e-07
bastian 0.0005221023320570832 0.00510204081632653 2.663787408454506e-06
inescapable 0.0001740341106856944 0.00510204081632653 8.87929136151502e-07
hit 0.0001740341106856944 0.015306122448979591 2.6637874084545063e-06
I 0.0001740341106856944 0.0 0.0
climb 0.0001740341106856944 0.0 0.0
chart 0.0001740341106856944 0.0 0.0
wed 0.0001740341106856944 0.00510204081632653 8.87929136151502e-07
audience 0.0001740341106856944 0.00510204081632653 8.87929136151502e-07
ceremony 0.0003480682213713888 0.00510204081632653 1.775858272303004e-06
stream 0.0001740341106856944 0.00510204081632653 8.87929136151502e-07
multiple 0.0001740341106856944 0.01020408163265306 1.775858272303004e-06
platform 0.0001740341106856944 0.0 0.0
divorced 0.0001740341106856944 0.00510204081632653 8.87929136151502e-07
math 0.0001740341106856944 0.00510204081632653 8.87929136151502e-07
charlie 0.0003480682213713888 0.00510204081632653 1.775858272303004e-06
gilbert 0.0001740341106856944 0.00510204081632653 8.87929136151502e-07
drag 0.0001740341106856944 0.0 0.0
concert 0.0001740341106856944 0.00510204081632653 8.87929136151502e-07
lou 0.0001740341106856944 0.00510204081632653 8.87929136151502e-07
debb 0.0001740341106856944 0.0 0.0
seconds 0.0001740341106856944 0.00510204081632653 8.87929136151502e-07
cheat 0.0001740341106856944 0.0 0.0
assistant 0.0001740341106856944 0.00510204081632653 8.87929136151502e-07
left 0.0001740341106856944 0.04081632653061224 7.103433089212016e-06
meltdown 0.0001740341106856944 0.00510204081632653 8.87929136151502e-07
question 0.0003480682213713888 0.01020408163265306 3.551716544606008e-06
loyalty 0.0001740341106856944 0.00510204081632653 8.87929136151502e-07
gossamer 0.0001740341106856944 0.00510204081632653 8.87929136151502e-07
lock 0.0001740341106856944 0.0 0.0
crowd 0.0001740341106856944 0.00510204081632653 8.87929136151502e-07
if 0.0001740341106856944 0.03571428571428571 6.215503953060514e-06
perhaps 0.0001740341106856944 0.01020408163265306 1.775858272303004e-06
answer 0.0001740341106856944 0.00510204081632653 8.87929136151502e-07
inspire 0.0001740341106856944 0.0 0.0
insanity 0.0001740341106856944 0.00510204081632653 8.87929136151502e-07
impulsive 0.0001740341106856944 0.00510204081632653 8.87929136151502e-07
conspire 0.0001740341106856944 0.00510204081632653 8.87929136151502e-07
separate 0.0001740341106856944 0.01020408163265306 1.775858272303004e-06
universal 0.0001740341106856944 0.00510204081632653 8.87929136151502e-07
bridge 0.0001740341106856944 0.00510204081632653 8.87929136151502e-07
gulf 0.0001740341106856944 0.00510204081632653 8.87929136151502e-07
build 0.0001740341106856944 0.01020408163265306 1.775858272303004e-06
mom 0.0 0.01020408163265306 0.0
val 0.0 0.00510204081632653 0.0
j 0.0 0.00510204081632653 0.0
fore 0.0 0.00510204081632653 0.0
high 0.0 0.015306122448979591 0.0
ranger 0.0 0.00510204081632653 0.0
by 0.0001740341106856944 0.33163265306122447 5.771539384984763e-05
now 0.0 0.07653061224489796 0.0
at 0.0 0.23469387755102042 0.0
so 0.0001740341106856944 0.030612244897959183 5.327574816909013e-06
en 0.0 0.00510204081632653 0.0
eat 0.0 0.00510204081632653 0.0
lack 0.0 0.01020408163265306 0.0
jesus 0.0 0.00510204081632653 0.0
ruth 0.0 0.00510204081632653 0.0
that 0.0003480682213713888 0.40816326530612246 0.00014206866178424033
or 0.0 0.09183673469387756 0.0
pa 0.0 0.00510204081632653 0.0
roman 0.0 0.00510204081632653 0.0
to 0.0006961364427427776 0.7806122448979592 0.0005434126313247193
mus 0.0 0.00510204081632653 0.0
