pushpa 0.0 0.00510204081632653 0.0
labor 0.0 0.01020408163265306 0.0
work 0.0 0.04591836734693878 0.0
small 0.0 0.07653061224489796 0.0
sum 0.0 0.01020408163265306 0.0
dream 0.0 0.015306122448979591 0.0
live 0.00026164311878597594 0.05612244897959184 1.4684052584927222e-05
life 0.0 0.20408163265306123 0.0
king 0.0 0.030612244897959183 0.0
but 0.00026164311878597594 0.3112244897959184 8.142974615277823e-05
always 0.00026164311878597594 0.02040816326530612 5.33965548542808e-06
let 0.0 0.02040816326530612 0.0
step 0.0 0.00510204081632653 0.0
brother 0.0 0.04081632653061224 0.0
illegitimate 0.0 0.01020408163265306 0.0
child 0.0 0.04081632653061224 0.0
father 0.0 0.11734693877551021 0.0
he 0.0007849293563579277 0.34183673469387754 0.000268317688142761
get 0.0 0.0663265306122449 0.0
chance 0.0 0.025510204081632654 0.0
dense 0.0 0.00510204081632653 0.0
forest 0.0 0.04081632653061224 0.0
red 0.0 0.01020408163265306 0.0
sander 0.0 0.0 0.0
smuggle 0.0 0.00510204081632653 0.0
country 0.0 0.015306122448979591 0.0
the 0.0015698587127158554 0.9540816326530612 0.0014977733636625764
scanner 0.0 0.00510204081632653 0.0
dsp 0.0 0.00510204081632653 0.0
govindappa 0.0 0.00510204081632653 0.0
dare 0.0 0.0 0.0
go 0.0 0.09183673469387756 0.0
everyone 0.0 0.03571428571428571 0.0
create 0.0 0.02040816326530612 0.0
hurdle 0.0 0.0 0.0
manage 0.0 0.0 0.0
save 0.0 0.030612244897959183 0.0
smuggling 0.0 0.00510204081632653 0.0
consignment 0.0 0.01020408163265306 0.0
worth 0.0 0.01020408163265306 0.0
crore 0.0 0.00510204081632653 0.0
eye 0.0 0.02040816326530612 0.0
become 0.0 0.05612244897959184 0.0
known 0.0 0.05612244897959184 0.0
reddy 0.0 0.00510204081632653 0.0
konda 0.0 0.00510204081632653 0.0
jakka 0.0 0.00510204081632653 0.0
jolly 0.0 0.00510204081632653 0.0
know 0.00026164311878597594 0.07142857142857142 1.8688794198998282e-05
often 0.0 0.015306122448979591 0.0
trick 0.0 0.0 0.0
bluff 0.0 0.0 0.0
team 0.0 0.04081632653061224 0.0
close 0.0 0.00510204081632653 0.0
side 0.0 0.015306122448979591 0.0
change 0.0 0.02040816326530612 0.0
lifestyle 0.0 0.00510204081632653 0.0
decide 0.0 0.03571428571428571 0.0
marry 0.0 0.03571428571428571 0.0
srivellus 0.0 0.0 0.0
disclose 0.0 0.01020408163265306 0.0
mother 0.0 0.05612244897959184 0.0
relationship 0.0 0.05612244897959184 0.0
thus 0.0 0.01020408163265306 0.0
call 0.0 0.01020408163265306 0.0
marriage 0.0 0.02040816326530612 0.0
stop 0.0 0.03571428571428571 0.0
reach 0.0 0.025510204081632654 0.0
height 0.0 0.00510204081632653 0.0
find 0.00026164311878597594 0.08163265306122448 2.135862194171232e-05
mangalam 0.0 0.00510204081632653 0.0
sinu 0.0 0.00510204081632653 0.0
syndicate 0.0 0.00510204081632653 0.0
member 0.0 0.00510204081632653 0.0
give 0.0 0.015306122448979591 0.0
gang 0.0 0.02040816326530612 0.0
much 0.0 0.03571428571428571 0.0
lesser 0.0 0.00510204081632653 0.0
share 0.0 0.030612244897959183 0.0
deserve 0.0 0.01020408163265306 0.0
ask 0.0 0.00510204081632653 0.0
hike 0.0 0.01020408163265306 0.0
profit 0.0 0.00510204081632653 0.0
take 0.0 0.09183673469387756 0.0
thing 0.0 0.00510204081632653 0.0
sin 0.0 0.01020408163265306 0.0
hand 0.0 0.0 0.0
involvement 0.0 0.01020408163265306 0.0
lead 0.0 0.02040816326530612 0.0
war 0.0 0.05612244897959184 0.0
two 0.00026164311878597594 0.12755102040816327 3.33728467839255e-05
fearless 0.0 0.01020408163265306 0.0
control 0.0 0.04591836734693878 0.0
disagreement 0.0 0.0 0.0
a 0.0013082155939298794 0.8826530612244898 0.0011547004987238223
other 0.0 0.08163265306122448 0.0
they 0.00026164311878597594 0.28061224489795916 7.34202629246361e-05
sign 0.0 0.00510204081632653 0.0
ever 0.0 0.05102040816326531 0.0
in 0.0005232862375719519 0.7346938775510204 0.00038445519495082183
try 0.0 0.01020408163265306 0.0
man 0.0 0.12755102040816327 0.0
no 0.0 0.07142857142857142 0.0
one 0.0 0.18877551020408162 0.0
as 0.0005232862375719519 0.3469387755102041 0.00018154828650455474
rest 0.0 0.025510204081632654 0.0
al 0.0 0.00510204081632653 0.0
dr 0.0 0.00510204081632653 0.0
agree 0.0 0.015306122448979591 0.0
she 0.0 0.19387755102040816 0.0
style 0.0 0.01020408163265306 0.0
leg 0.0 0.00510204081632653 0.0
ship 0.0 0.02040816326530612 0.0
under 0.0005232862375719519 0.0663265306122449 3.470776065528253e-05
every 0.00026164311878597594 0.03571428571428571 9.344397099499141e-06
lose 0.0 0.00510204081632653 0.0
can 0.00026164311878597594 0.08673469387755102 2.2693535813069343e-05
come 0.0 0.025510204081632654 0.0
on 0.0 0.3520408163265306 0.0
i 0.0 0.00510204081632653 0.0
living 0.00026164311878597594 0.05612244897959184 1.4684052584927222e-05
way 0.0 0.03571428571428571 0.0
for 0.00026164311878597594 0.3877551020408163 0.00010145345422313353
anne 0.0 0.00510204081632653 0.0
and 0.0013082155939298798 0.8571428571428571 0.001121327651939897
be 0.0013082155939298798 0.1377551020408163 0.0001802133726331977
all 0.00026164311878597594 0.17346938775510204 4.5387071626138686e-05
less 0.0 0.00510204081632653 0.0
bet 0.0 0.00510204081632653 0.0
age 0.0 0.025510204081632654 0.0
ss 0.0 0.00510204081632653 0.0
de 0.0 0.025510204081632654 0.0
here 0.0 0.01020408163265306 0.0
will 0.0 0.1989795918367347 0.0
nc 0.0 0.00510204081632653 0.0
ale 0.0 0.00510204081632653 0.0
it 0.00026164311878597594 0.2193877551020408 5.740129646835186e-05
app 0.0 0.00510204081632653 0.0
with 0.0 0.4387755102040816 0.0
rick 0.0 0.00510204081632653 0.0
not 0.0 0.14795918367346939 0.0
ex 0.0 0.00510204081632653 0.0
relation 0.0 0.0 0.0
gain 0.0 0.00510204081632653 0.0
heir 0.0 0.00510204081632653 0.0
ia 0.0 0.00510204081632653 0.0
we 0.0 0.01020408163265306 0.0
where 0.0 0.11224489795918367 0.0
o 0.0 0.00510204081632653 0.0
I 0.0 0.0 0.0
if 0.0 0.03571428571428571 0.0
fear 0.0 0.00510204081632653 0.0
serve 0.0 0.00510204081632653 0.0
top 0.0 0.00510204081632653 0.0
j 0.0 0.00510204081632653 0.0
tim 0.0 0.00510204081632653 0.0
roth 0.0 0.00510204081632653 0.0
fore 0.0 0.00510204081632653 0.0
cate 0.0 0.00510204081632653 0.0
jack 0.0 0.015306122448979591 0.0
hang 0.0 0.00510204081632653 0.0
by 0.0 0.33163265306122447 0.0
cat 0.0 0.01020408163265306 0.0
moth 0.0 0.00510204081632653 0.0
now 0.0 0.07653061224489796 0.0
at 0.0 0.23469387755102042 0.0
los 0.0 0.00510204081632653 0.0
ann 0.0 0.00510204081632653 0.0
fit 0.0 0.00510204081632653 0.0
en 0.0 0.00510204081632653 0.0
eat 0.0 0.00510204081632653 0.0
alex 0.0 0.01020408163265306 0.0
that 0.0007849293563579277 0.40816326530612246 0.0003203793291256848
or 0.0 0.09183673469387756 0.0
pa 0.0 0.00510204081632653 0.0
to 0.0 0.7806122448979592 0.0
sk 0.0 0.00510204081632653 0.0
who 0.0 0.39285714285714285 0.0
