he 0.0022189349112426036 0.34183673469387754 0.0007585134645574206
the 0.0014792899408284025 0.9540816326530612 0.0014113633619128125
a 0.0022189349112426036 0.8826530612244898 0.0019585496920661756
story 0.0 0.12755102040816327 0.0
boy 0.0 0.030612244897959183 0.0
in 0.0007396449704142013 0.7346938775510204 0.0005434126313247193
man 0.0 0.12755102040816327 0.0
time 0.0 0.14795918367346939 0.0
as 0.0 0.3469387755102041 0.0
when 0.0 0.27040816326530615 0.0
al 0.0 0.00510204081632653 0.0
early 0.0 0.030612244897959183 0.0
rise 0.0 0.02040816326530612 0.0
set 0.0 0.05102040816326531 0.0
india 0.0 0.04081632653061224 0.0
on 0.0 0.3520408163265306 0.0
meet 0.00036982248520710064 0.030612244897959183 1.1321096485931651e-05
i 0.0 0.00510204081632653 0.0
big 0.00036982248520710064 0.02040816326530612 7.547397657287768e-06
and 0.0014792899408284025 0.8571428571428571 0.001267962806424345
be 0.0011094674556213018 0.1377551020408163 0.00015283480256007728
all 0.0 0.17346938775510204 0.0
expose 0.0 0.015306122448979591 0.0
nc 0.0 0.00510204081632653 0.0
behind 0.0 0.05612244897959184 0.0
it 0.0 0.2193877551020408 0.0
pt 0.0 0.00510204081632653 0.0
fall 0.0 0.01020408163265306 0.0
capture 0.0 0.00510204081632653 0.0
such 0.0 0.025510204081632654 0.0
ex 0.0 0.00510204081632653 0.0
ia 0.0 0.00510204081632653 0.0
bombay 0.0 0.01020408163265306 0.0
o 0.0 0.00510204081632653 0.0
I 0.0 0.0 0.0
financial 0.0 0.01020408163265306 0.0
mark 0.0 0.01020408163265306 0.0
j 0.0 0.00510204081632653 0.0
tim 0.0 0.00510204081632653 0.0
at 0.0 0.23469387755102042 0.0
biggest 0.0 0.01020408163265306 0.0
shake 0.0 0.0 0.0
en 0.0 0.00510204081632653 0.0
or 0.0 0.09183673469387756 0.0
bay 0.0 0.00510204081632653 0.0
to 0.0011094674556213018 0.7806122448979592 0.0008660638811737714
nation 0.0 0.01020408163265306 0.0
market 0.0 0.00510204081632653 0.0
scam 0.0 0.00510204081632653 0.0
harshad 0.0 0.00510204081632653 0.0
mehta 0.0 0.00510204081632653 0.0
meteoric 0.0 0.00510204081632653 0.0
flamboyant 0.0 0.00510204081632653 0.0
bull 0.0 0.00510204081632653 0.0
stock 0.0 0.00510204081632653 0.0
feisty 0.0 0.00510204081632653 0.0
journalist 0.0 0.00510204081632653 0.0
sucheta 0.0 0.00510204081632653 0.0
dalal 0.0 0.00510204081632653 0.0
