he 0.0033738191632928472 0.34183673469387754 0.001153295326227657
the 0.001349527665317139 0.9540816326530612 0.00128755955823625
member 0.0 0.00510204081632653 0.0
a 0.002699055330634278 0.8826530612244898 0.002382329449998623
they 0.0 0.28061224489795916 0.0
in 0.0006747638326585695 0.7346938775510204 0.0004957448566471123
one 0.0 0.18877551020408162 0.0
this 0.0 0.17346938775510204 0.0
when 0.0 0.27040816326530615 0.0
al 0.0 0.00510204081632653 0.0
director 0.0 0.015306122448979591 0.0
family 0.0006747638326585695 0.22448979591836735 0.00015147759508661764
rise 0.0006747638326585695 0.02040816326530612 1.3770690462419783e-05
young 0.0 0.15816326530612246 0.0
core 0.0 0.01020408163265306 0.0
order 0.0 0.04081632653061224 0.0
on 0.0 0.3520408163265306 0.0
suspenseful 0.0 0.01020408163265306 0.0
lot 0.0 0.00510204081632653 0.0
i 0.0 0.00510204081632653 0.0
for 0.0 0.3877551020408163 0.0
younger 0.0 0.01020408163265306 0.0
and 0.0020242914979757085 0.8571428571428571 0.001735106998264893
be 0.0 0.1377551020408163 0.0
de 0.0 0.025510204081632654 0.0
nc 0.0 0.00510204081632653 0.0
ale 0.0 0.00510204081632653 0.0
wealthy 0.0 0.025510204081632654 0.0
it 0.0 0.2193877551020408 0.0
pt 0.0 0.00510204081632653 0.0
with 0.0 0.4387755102040816 0.0
stan 0.0 0.00510204081632653 0.0
writer 0.0 0.00510204081632653 0.0
ex 0.0 0.00510204081632653 0.0
alice 0.0 0.01020408163265306 0.0
cut 0.0 0.01020408163265306 0.0
gain 0.0 0.00510204081632653 0.0
emerge 0.0 0.00510204081632653 0.0
heir 0.0 0.00510204081632653 0.0
we 0.0 0.01020408163265306 0.0
short 0.0 0.01020408163265306 0.0
sam 0.0 0.00510204081632653 0.0
from 0.0 0.3520408163265306 0.0
o 0.0 0.00510204081632653 0.0
I 0.0 0.0 0.0
charlotte 0.0 0.02040816326530612 0.0
mexico 0.0 0.015306122448979591 0.0
tom 0.0 0.00510204081632653 0.0
j 0.0 0.00510204081632653 0.0
neil 0.0 0.01020408163265306 0.0
bennett 0.0 0.00510204081632653 0.0
tim 0.0 0.00510204081632653 0.0
roth 0.0 0.00510204081632653 0.0
gainsbourg 0.0 0.00510204081632653 0.0
vacation 0.0 0.00510204081632653 0.0
colin 0.0 0.00510204081632653 0.0
alexa 0.0 0.00510204081632653 0.0
samuel 0.0 0.00510204081632653 0.0
bottomley 0.0 0.00510204081632653 0.0
albertine 0.0 0.00510204081632653 0.0
kott 0.0 0.0 0.0
mcmillan 0.0 0.00510204081632653 0.0
distant 0.0 0.00510204081632653 0.0
emergency 0.0 0.00510204081632653 0.0
trip 0.0 0.02040816326530612 0.0
relative 0.0 0.01020408163265306 0.0
disrupt 0.0 0.00510204081632653 0.0
simmer 0.0 0.0 0.0
tension 0.0 0.0 0.0
fore 0.0 0.00510204081632653 0.0
jolt 0.0 0.00510204081632653 0.0
michel 0.0 0.00510204081632653 0.0
franco 0.0 0.00510204081632653 0.0
direct 0.0 0.00510204081632653 0.0
rip 0.0 0.01020408163265306 0.0
bennet 0.0 0.00510204081632653 0.0
cat 0.0 0.01020408163265306 0.0
at 0.0 0.23469387755102042 0.0
bottom 0.0 0.00510204081632653 0.0
dire 0.0 0.00510204081632653 0.0
ring 0.0 0.00510204081632653 0.0
pen 0.0 0.00510204081632653 0.0
en 0.0 0.00510204081632653 0.0
alex 0.0 0.01020408163265306 0.0
or 0.0 0.09183673469387756 0.0
to 0.001349527665317139 0.7806122448979592 0.0010534578203751136
