but 0.0003126954346466542 0.3112244897959184 9.73184771094179e-05
he 0.0 0.34183673469387754 0.0
red 0.0 0.01020408163265306 0.0
the 0.0009380863039399625 0.9540816326530612 0.0008950109124325152
reach 0.0 0.025510204081632654 0.0
find 0.0 0.08163265306122448 0.0
thing 0.0 0.00510204081632653 0.0
sin 0.0 0.01020408163265306 0.0
a 0.001876172607879925 0.8826530612244898 0.0016560094957307502
in 0.0003126954346466542 0.7346938775510204 0.00022973542137305207
man 0.0 0.12755102040816327 0.0
no 0.0 0.07142857142857142 0.0
happen 0.0 0.00510204081632653 0.0
officer 0.0 0.04591836734693878 0.0
when 0.0003126954346466542 0.27040816326530615 8.455539814424834e-05
rest 0.0 0.025510204081632654 0.0
cop 0.0 0.03571428571428571 0.0
police 0.0003126954346466542 0.08163265306122448 2.5526157930339117e-05
she 0.002188868042526579 0.19387755102040816 0.0004243723755918878
murder 0.0 0.030612244897959183 0.0
figure 0.0 0.01020408163265306 0.0
nothing 0.0 0.030612244897959183 0.0
arrest 0.0 0.00510204081632653 0.0
commit 0.0 0.01020408163265306 0.0
middle 0.0 0.025510204081632654 0.0
military 0.0 0.015306122448979591 0.0
on 0.0006253908692933084 0.3520408163265306 0.0002201631121491749
shady 0.0 0.01020408163265306 0.0
full 0.0003126954346466542 0.025510204081632654 7.976924353230974e-06
deadly 0.0 0.01020408163265306 0.0
what 0.0 0.1377551020408163 0.0
i 0.0 0.00510204081632653 0.0
retire 0.0 0.0 0.0
for 0.0003126954346466542 0.3877551020408163 0.00012124925016911081
and 0.0009380863039399625 0.8571428571428571 0.0008040739748056821
be 0.0009380863039399625 0.1377551020408163 0.00012922617452234175
businessman 0.0 0.01020408163265306 0.0
dead 0.0 0.015306122448979591 0.0
ss 0.0 0.00510204081632653 0.0
de 0.0 0.025510204081632654 0.0
retired 0.0 0.015306122448979591 0.0
it 0.0003126954346466542 0.2193877551020408 6.860154943778638e-05
app 0.0 0.00510204081632653 0.0
with 0.0003126954346466542 0.4387755102040816 0.00013720309887557276
not 0.0 0.14795918367346939 0.0
must 0.0 0.07653061224489796 0.0
out 0.0 0.18877551020408162 0.0
ia 0.0 0.00510204081632653 0.0
we 0.0 0.01020408163265306 0.0
business 0.0 0.025510204081632654 0.0
politician 0.0 0.00510204081632653 0.0
o 0.0 0.00510204081632653 0.0
I 0.0 0.0 0.0
mid 0.0 0.00510204081632653 0.0
j 0.0 0.00510204081632653 0.0
office 0.0 0.01020408163265306 0.0
jack 0.0 0.015306122448979591 0.0
dea 0.0 0.00510204081632653 0.0
at 0.0003126954346466542 0.23469387755102042 7.338770404972497e-05
reacher 0.0 0.00510204081632653 0.0
conspiracy 0.0 0.00510204081632653 0.0
dirty 0.0 0.00510204081632653 0.0
scheme 0.0 0.0 0.0
wit 0.0 0.0 0.0
margrave 0.0 0.00510204081632653 0.0
georgium 0.0 0.0 0.0
pen 0.0 0.00510204081632653 0.0
en 0.0 0.00510204081632653 0.0
grave 0.0 0.00510204081632653 0.0
georgia 0.0 0.01020408163265306 0.0
or 0.0 0.09183673469387756 0.0
dirt 0.0 0.00510204081632653 0.0
mus 0.0 0.00510204081632653 0.0
