work 0.0 0.04591836734693878 0.0
he 0.00022361359570661896 0.34183673469387754 7.64393413895075e-05
the 0.004025044722719142 0.9540816326530612 0.003840221240553467
a 0.0020125223613595704 0.8826530612244898 0.0017763590230367638
story 0.0 0.12755102040816327 0.0
in 0.0004472271914132379 0.7346938775510204 0.00032857507940564423
try 0.0 0.01020408163265306 0.0
man 0.00022361359570661896 0.12755102040816327 2.8522142309517725e-05
as 0.00022361359570661896 0.3469387755102041 7.75802270818882e-05
al 0.0 0.00510204081632653 0.0
dr 0.0 0.00510204081632653 0.0
also 0.0 0.09183673469387756 0.0
tell 0.0 0.015306122448979591 0.0
agency 0.0 0.02040816326530612 0.0
drama 0.0 0.05102040816326531 0.0
secret 0.0 0.061224489795918366 0.0
family 0.0 0.22448979591836735 0.0
while 0.0 0.12244897959183673 0.0
protect 0.0 0.02040816326530612 0.0
middle 0.0 0.025510204081632654 0.0
on 0.00022361359570661896 0.3520408163265306 7.872111277426892e-05
i 0.0 0.00510204081632653 0.0
series 0.0 0.07142857142857142 0.0
for 0.00022361359570661896 0.3877551020408163 8.670731262093388e-05
and 0.0004472271914132379 0.8571428571428571 0.0003833375926399182
action 0.0 0.01020408163265306 0.0
be 0.0008944543828264759 0.1377551020408163 0.00012321565477711657
special 0.0 0.025510204081632654 0.0
act 0.0 0.00510204081632653 0.0
age 0.0 0.025510204081632654 0.0
ss 0.0 0.00510204081632653 0.0
will 0.00022361359570661896 0.1989795918367347 4.449454200284765e-05
nc 0.0 0.00510204081632653 0.0
pressure 0.0 0.00510204081632653 0.0
job 0.0 0.04591836734693878 0.0
ia 0.0 0.00510204081632653 0.0
national 0.0 0.01020408163265306 0.0
from 0.00022361359570661896 0.3520408163265306 7.872111277426892e-05
o 0.0 0.00510204081632653 0.0
mid 0.0 0.00510204081632653 0.0
j 0.0 0.00510204081632653 0.0
high 0.0 0.015306122448979591 0.0
pay 0.0 0.0 0.0
impact 0.0 0.01020408163265306 0.0
class 0.0 0.00510204081632653 0.0
ram 0.0 0.00510204081632653 0.0
at 0.0004472271914132379 0.23469387755102042 0.00010496148369902524
investigation 0.0 0.025510204081632654 0.0
so 0.0 0.030612244897959183 0.0
las 0.0 0.00510204081632653 0.0
en 0.0 0.00510204081632653 0.0
or 0.0 0.09183673469387756 0.0
pa 0.0 0.00510204081632653 0.0
to 0.0013416815742397137 0.7806122448979592 0.0010473330656054908
edgy 0.0 0.00510204081632653 0.0
cell 0.0 0.00510204081632653 0.0
nation 0.0 0.01020408163265306 0.0
terrorist 0.0 0.0 0.0
secretive 0.0 0.00510204081632653 0.0
low 0.0 0.00510204081632653 0.0
invest 0.0 0.00510204081632653 0.0
who 0.0 0.39285714285714285 0.0
