live 0.0 0.05612244897959184 0.0
but 0.0 0.3112244897959184 0.0
he 0.0 0.34183673469387754 0.0
get 0.0 0.0663265306122449 0.0
red 0.0 0.01020408163265306 0.0
the 0.0038461538461538464 0.9540816326530612 0.0036695447409733125
go 0.0 0.09183673469387756 0.0
everyone 0.000641025641025641 0.03571428571428571 2.2893772893772894e-05
create 0.0 0.02040816326530612 0.0
worth 0.0 0.01020408163265306 0.0
team 0.0 0.04081632653061224 0.0
side 0.0 0.015306122448979591 0.0
much 0.0 0.03571428571428571 0.0
ask 0.0 0.00510204081632653 0.0
sin 0.0 0.01020408163265306 0.0
two 0.0 0.12755102040816327 0.0
a 0.000641025641025641 0.8826530612244898 0.000565803244374673
story 0.0 0.12755102040816327 0.0
happy 0.0 0.025510204081632654 0.0
they 0.0 0.28061224489795916 0.0
ever 0.0 0.05102040816326531 0.0
in 0.0 0.7346938775510204 0.0
man 0.0 0.12755102040816327 0.0
no 0.0 0.07142857142857142 0.0
one 0.0 0.18877551020408162 0.0
history 0.0 0.03571428571428571 0.0
time 0.0 0.14795918367346939 0.0
as 0.0 0.3469387755102041 0.0
die 0.0 0.01020408163265306 0.0
al 0.0 0.00510204081632653 0.0
new 0.0 0.1377551020408163 0.0
she 0.0 0.19387755102040816 0.0
name 0.0 0.025510204081632654 0.0
play 0.0 0.00510204081632653 0.0
final 0.0 0.02040816326530612 0.0
every 0.0 0.03571428571428571 0.0
bring 0.0 0.00510204081632653 0.0
world 0.001282051282051282 0.19387755102040816 0.0002485609628466771
indian 0.0 0.030612244897959183 0.0
while 0.0 0.12244897959183673 0.0
good 0.0 0.025510204081632654 0.0
next 0.0 0.015306122448979591 0.0
india 0.0 0.04081632653061224 0.0
put 0.000641025641025641 0.03571428571428571 2.2893772893772894e-05
first 0.0 0.08163265306122448 0.0
core 0.0 0.01020408163265306 0.0
keep 0.0 0.015306122448979591 0.0
on 0.0 0.3520408163265306 0.0
art 0.0 0.00510204081632653 0.0
land 0.0 0.030612244897959183 0.0
march 0.0 0.01020408163265306 0.0
june 0.0 0.01020408163265306 0.0
hold 0.0 0.01020408163265306 0.0
i 0.0 0.00510204081632653 0.0
hope 0.0 0.030612244897959183 0.0
cricket 0.0 0.00510204081632653 0.0
select 0.0 0.00510204081632653 0.0
third 0.0 0.00510204081632653 0.0
cup 0.0 0.00510204081632653 0.0
england 0.0 0.015306122448979591 0.0
none 0.0 0.01020408163265306 0.0
expectation 0.0 0.0 0.0
official 0.0 0.01020408163265306 0.0
appointment 0.0 0.00510204081632653 0.0
captain 0.0 0.015306122448979591 0.0
kapil 0.0 0.00510204081632653 0.0
dev 0.0 0.00510204081632653 0.0
sunil 0.0 0.00510204081632653 0.0
start 0.0 0.01020408163265306 0.0
bang 0.0 0.00510204081632653 0.0
win 0.0 0.015306122448979591 0.0
match 0.0 0.00510204081632653 0.0
giant 0.0 0.00510204081632653 0.0
west 0.0 0.02040816326530612 0.0
indy 0.0 0.0 0.0
zimbabwe 0.0 0.00510204081632653 0.0
loose 0.0 0.00510204081632653 0.0
australia 0.0 0.00510204081632653 0.0
situation 0.0 0.015306122448979591 0.0
stay 0.0 0.01020408163265306 0.0
big 0.0 0.02040816326530612 0.0
half 0.0 0.01020408163265306 0.0
back 0.0 0.08673469387755102 0.0
pavilion 0.0 0.00510204081632653 0.0
over 0.0 0.07653061224489796 0.0
score 0.0 0.00510204081632653 0.0
run 0.0 0.015306122448979591 0.0
show 0.0 0.030612244897959183 0.0
alive 0.0 0.015306122448979591 0.0
tournament 0.0 0.00510204081632653 0.0
spirit 0.0 0.01020408163265306 0.0
lord 0.0 0.01020408163265306 0.0
champion 0.0 0.0 0.0
consider 0.0 0.00510204081632653 0.0
worthy 0.0 0.01020408163265306 0.0
due 0.0 0.01020408163265306 0.0
confidence 0.0 0.00510204081632653 0.0
for 0.0 0.3877551020408163 0.0
and 0.0019230769230769232 0.8571428571428571 0.0016483516483516484
be 0.0019230769230769232 0.1377551020408163 0.00026491365777080064
during 0.0 0.04591836734693878 0.0
de 0.0 0.025510204081632654 0.0
will 0.0 0.1989795918367347 0.0
nc 0.0 0.00510204081632653 0.0
ale 0.0 0.00510204081632653 0.0
it 0.000641025641025641 0.2193877551020408 0.00014063317634746206
pt 0.0 0.00510204081632653 0.0
app 0.0 0.00510204081632653 0.0
with 0.0 0.4387755102040816 0.0
rick 0.0 0.00510204081632653 0.0
not 0.0 0.14795918367346939 0.0
ex 0.0 0.00510204081632653 0.0
lion 0.0 0.00510204081632653 0.0
gain 0.0 0.00510204081632653 0.0
heir 0.0 0.00510204081632653 0.0
star 0.0 0.00510204081632653 0.0
ia 0.0 0.00510204081632653 0.0
hal 0.0 0.00510204081632653 0.0
we 0.0 0.01020408163265306 0.0
point 0.0 0.01020408163265306 0.0
from 0.000641025641025641 0.3520408163265306 0.00022566718995290424
sun 0.0 0.00510204081632653 0.0
o 0.0 0.00510204081632653 0.0
I 0.0 0.0 0.0
j 0.0 0.00510204081632653 0.0
tim 0.0 0.00510204081632653 0.0
fore 0.0 0.00510204081632653 0.0
tour 0.0 0.00510204081632653 0.0
jack 0.0 0.015306122448979591 0.0
by 0.000641025641025641 0.33163265306122447 0.00021258503401360543
at 0.000641025641025641 0.23469387755102042 0.00015044479330193617
ring 0.0 0.00510204081632653 0.0
en 0.0 0.00510204081632653 0.0
eat 0.0 0.00510204081632653 0.0
alex 0.0 0.01020408163265306 0.0
or 0.0 0.09183673469387756 0.0
pa 0.0 0.00510204081632653 0.0
to 0.002564102564102564 0.7806122448979592 0.002001569858712716
sk 0.0 0.00510204081632653 0.0
how 0.0 0.09183673469387756 0.0
