sum 0.0 0.01020408163265306 0.0
brother 0.0 0.04081632653061224 0.0
he 0.0 0.34183673469387754 0.0
the 0.00641025641025641 0.9540816326530612 0.006115907901622187
everyone 0.0 0.03571428571428571 0.0
create 0.0 0.02040816326530612 0.0
take 0.0 0.09183673469387756 0.0
sin 0.0 0.01020408163265306 0.0
a 0.0 0.8826530612244898 0.0
force 0.0 0.025510204081632654 0.0
light 0.0 0.02040816326530612 0.0
ever 0.0 0.05102040816326531 0.0
day 0.0 0.09183673469387756 0.0
night 0.0 0.025510204081632654 0.0
in 0.0 0.7346938775510204 0.0
no 0.0 0.07142857142857142 0.0
one 0.0 0.18877551020408162 0.0
either 0.0 0.01020408163265306 0.0
when 0.0009157509157509158 0.27040816326530615 0.0002476265231367272
berlin 0.0 0.00510204081632653 0.0
summer 0.0 0.00510204081632653 0.0
city 0.0 0.09183673469387756 0.0
chaos 0.0 0.01020408163265306 0.0
law 0.0 0.01020408163265306 0.0
criminal 0.0 0.025510204081632654 0.0
survivor 0.0 0.015306122448979591 0.0
american 0.0 0.01020408163265306 0.0
cop 0.0 0.03571428571428571 0.0
max 0.0 0.00510204081632653 0.0
mclaughlin 0.0 0.00510204081632653 0.0
taylor 0.0 0.00510204081632653 0.0
kitsch 0.0 0.00510204081632653 0.0
waco 0.0 0.00510204081632653 0.0
friday 0.0 0.00510204081632653 0.0
arrive 0.0 0.02040816326530612 0.0
help 0.0 0.10204081632653061 0.0
police 0.0 0.08163265306122448 0.0
al 0.0 0.00510204081632653 0.0
capone 0.0 0.00510204081632653 0.0
dr 0.0 0.00510204081632653 0.0
werner 0.0 0.00510204081632653 0.0
gladow 0.0 0.00510204081632653 0.0
also 0.0 0.09183673469387756 0.0
private 0.0 0.01020408163265306 0.0
mission 0.0 0.07142857142857142 0.0
track 0.0 0.00510204081632653 0.0
miss 0.0 0.0 0.0
kill 0.0 0.030612244897959183 0.0
former 0.0 0.03571428571428571 0.0
nazis 0.0 0.01020408163265306 0.0
hiding 0.0 0.025510204081632654 0.0
she 0.0 0.19387755102040816 0.0
missing 0.0 0.02040816326530612 0.0
every 0.0 0.03571428571428571 0.0
can 0.0 0.08673469387755102 0.0
on 0.0009157509157509158 0.3520408163265306 0.00032238169993272035
i 0.0 0.00510204081632653 0.0
there 0.0 0.08163265306122448 0.0
for 0.0 0.3877551020408163 0.0
and 0.0 0.8571428571428571 0.0
be 0.0 0.1377551020408163 0.0
nazi 0.0 0.01020408163265306 0.0
ss 0.0 0.00510204081632653 0.0
here 0.0 0.01020408163265306 0.0
form 0.0 0.01020408163265306 0.0
hide 0.0 0.00510204081632653 0.0
it 0.0 0.2193877551020408 0.0
we 0.0 0.01020408163265306 0.0
america 0.0 0.02040816326530612 0.0
o 0.0 0.00510204081632653 0.0
I 0.0 0.0 0.0
roth 0.0 0.00510204081632653 0.0
at 0.0 0.23469387755102042 0.0
so 0.0 0.030612244897959183 0.0
en 0.0 0.00510204081632653 0.0
eat 0.0 0.00510204081632653 0.0
or 0.0 0.09183673469387756 0.0
to 0.0018315018315018315 0.7806122448979592 0.0014296927562233686
killing 0.0 0.025510204081632654 0.0
who 0.0 0.39285714285714285 0.0
