he 0.0009380863039399625 0.34183673469387754 0.00032067235899988514
get 0.0 0.0663265306122449 0.0
the 0.0015634771732332708 0.9540816326530612 0.001491684854054192
sin 0.0 0.01020408163265306 0.0
a 0.0015634771732332708 0.8826530612244898 0.0013800079131089584
story 0.0 0.12755102040816327 0.0
other 0.0 0.08163265306122448 0.0
end 0.0 0.04591836734693878 0.0
in 0.0 0.7346938775510204 0.0
try 0.0 0.01020408163265306 0.0
one 0.0 0.18877551020408162 0.0
as 0.0 0.3469387755102041 0.0
chaos 0.0 0.01020408163265306 0.0
police 0.0003126954346466542 0.08163265306122448 2.5526157930339117e-05
dr 0.0 0.00510204081632653 0.0
want 0.0 0.01020408163265306 0.0
she 0.0 0.19387755102040816 0.0
make 0.0 0.061224489795918366 0.0
partner 0.0 0.01020408163265306 0.0
compelling 0.0 0.00510204081632653 0.0
family 0.0 0.22448979591836735 0.0
friend 0.0 0.0663265306122449 0.0
foe 0.0 0.00510204081632653 0.0
indian 0.0 0.030612244897959183 0.0
drug 0.0003126954346466542 0.04081632653061224 1.2763078965169559e-05
industry 0.0 0.015306122448979591 0.0
while 0.0 0.12244897959183673 0.0
bigger 0.0 0.01020408163265306 0.0
slice 0.0 0.00510204081632653 0.0
pie 0.0 0.00510204081632653 0.0
ensue 0.0 0.0 0.0
difficult 0.0 0.02040816326530612 0.0
can 0.0009380863039399625 0.08673469387755102 8.136462840295593e-05
aarya 0.0 0.00510204081632653 0.0
rise 0.0 0.02040816326530612 0.0
occasion 0.0 0.00510204081632653 0.0
india 0.0 0.04081632653061224 0.0
part 0.0 0.04081632653061224 0.0
on 0.0009380863039399625 0.3520408163265306 0.0003302446682237623
art 0.0 0.00510204081632653 0.0
i 0.0 0.00510204081632653 0.0
big 0.0 0.02040816326530612 0.0
and 0.0012507817385866169 0.8571428571428571 0.001072098633074243
be 0.0006253908692933084 0.1377551020408163 8.615078301489452e-05
it 0.0003126954346466542 0.2193877551020408 6.860154943778638e-05
out 0.0 0.18877551020408162 0.0
ia 0.0 0.00510204081632653 0.0
we 0.0 0.01020408163265306 0.0
from 0.0 0.3520408163265306 0.0
singh 0.0 0.015306122448979591 0.0
o 0.0 0.00510204081632653 0.0
if 0.0 0.03571428571428571 0.0
at 0.0003126954346466542 0.23469387755102042 7.338770404972497e-05
en 0.0 0.00510204081632653 0.0
cult 0.0 0.00510204081632653 0.0
that 0.0003126954346466542 0.40816326530612246 0.0001276307896516956
or 0.0 0.09183673469387756 0.0
pa 0.0 0.00510204081632653 0.0
sl 0.0 0.00510204081632653 0.0
to 0.0003126954346466542 0.7806122448979592 0.00024409388520886785
