he 0.0015182186234817814 0.34183673469387754 0.0005189828968024456
the 0.0 0.9540816326530612 0.0
a 0.0025303643724696357 0.8826530612244898 0.0022334338593737093
human 0.0 0.05612244897959184 0.0
in 0.0005060728744939271 0.7346938775510204 0.00037180864248533425
man 0.0005060728744939271 0.12755102040816327 6.455011154259275e-05
al 0.0 0.00510204081632653 0.0
dr 0.0 0.00510204081632653 0.0
drama 0.0 0.05102040816326531 0.0
under 0.0005060728744939271 0.0663265306122449 3.3566058002148234e-05
world 0.0 0.19387755102040816 0.0
drug 0.0 0.04081632653061224 0.0
on 0.0005060728744939271 0.3520408163265306 0.00017815830785755597
i 0.0 0.00510204081632653 0.0
and 0.0005060728744939271 0.8571428571428571 0.00043377674956622325
de 0.0 0.025510204081632654 0.0
emotional 0.0 0.03571428571428571 0.0
will 0.0 0.1989795918367347 0.0
out 0.0 0.18877551020408162 0.0
test 0.0 0.00510204081632653 0.0
o 0.0 0.00510204081632653 0.0
I 0.0 0.0 0.0
ram 0.0 0.00510204081632653 0.0
medical 0.0 0.015306122448979591 0.0
bell 0.0 0.00510204081632653 0.0
or 0.0 0.09183673469387756 0.0
scam 0.0 0.00510204081632653 0.0
underbelly 0.0 0.00510204081632653 0.0
testing 0.0 0.00510204081632653 0.0
