let 0.0 0.02040816326530612 0.0
he 0.0 0.34183673469387754 0.0
red 0.0 0.01020408163265306 0.0
the 0.0014245014245014244 0.9540816326530612 0.0013590906448049305
go 0.0003561253561253561 0.09183673469387756 3.2705389848246986e-05
consignment 0.0 0.01020408163265306 0.0
find 0.0003561253561253561 0.08163265306122448 2.907145764288621e-05
lead 0.0 0.02040816326530612 0.0
control 0.0 0.04591836734693878 0.0
a 0.0003561253561253561 0.8826530612244898 0.0003143351357637072
among 0.0 0.02040816326530612 0.0
they 0.0 0.28061224489795916 0.0
sign 0.0 0.00510204081632653 0.0
in 0.0017806267806267804 0.7346938775510204 0.0013082155939298796
man 0.0 0.12755102040816327 0.0
no 0.0010683760683760683 0.07142857142857142 7.63125763125763e-05
present 0.0 0.015306122448979591 0.0
russian 0.0 0.04081632653061224 0.0
when 0.0 0.27040816326530615 0.0
al 0.0 0.00510204081632653 0.0
kill 0.0 0.030612244897959183 0.0
break 0.0 0.01020408163265306 0.0
new 0.0 0.1377551020408163 0.0
year 0.0 0.01020408163265306 0.0
leave 0.0 0.02040816326530612 0.0
ship 0.0 0.02040816326530612 0.0
murder 0.0 0.030612244897959183 0.0
problem 0.0 0.02040816326530612 0.0
son 0.0 0.08163265306122448 0.0
send 0.0 0.0 0.0
cross 0.0 0.015306122448979591 0.0
place 0.0 0.05612244897959184 0.0
prison 0.0 0.015306122448979591 0.0
across 0.0 0.04081632653061224 0.0
major 0.0 0.04081632653061224 0.0
site 0.0 0.00510204081632653 0.0
number 0.0 0.01020408163265306 0.0
on 0.0010683760683760683 0.3520408163265306 0.0003761119832548404
death 0.0 0.04591836734693878 0.0
far 0.0 0.030612244897959183 0.0
rus 0.0 0.00510204081632653 0.0
i 0.0 0.00510204081632653 0.0
freeze 0.0 0.0 0.0
win 0.0 0.015306122448979591 0.0
loose 0.0 0.00510204081632653 0.0
home 0.0 0.07653061224489796 0.0
for 0.0 0.3877551020408163 0.0
and 0.0007122507122507122 0.8571428571428571 0.0006105006105006104
be 0.0014245014245014244 0.1377551020408163 0.0001962323390894819
sake 0.0 0.015306122448979591 0.0
abolition 0.0 0.00510204081632653 0.0
penalty 0.0 0.00510204081632653 0.0
overflow 0.0 0.0 0.0
globe 0.0 0.00510204081632653 0.0
authority 0.0 0.00510204081632653 0.0
solution 0.0 0.00510204081632653 0.0
colonize 0.0 0.00510204081632653 0.0
deposit 0.0 0.0 0.0
pile 0.0 0.00510204081632653 0.0
key 0.0 0.015306122448979591 0.0
unlock 0.0 0.015306122448979591 0.0
chain 0.0 0.00510204081632653 0.0
retreat 0.0 0.00510204081632653 0.0
safe 0.0 0.01020408163265306 0.0
distance 0.0 0.00510204081632653 0.0
all 0.0003561253561253561 0.17346938775510204 6.177684749113319e-05
hell 0.0 0.015306122448979591 0.0
scene 0.0 0.00510204081632653 0.0
carnage 0.0 0.00510204081632653 0.0
chechen 0.0 0.0 0.0
uncontrolled 0.0 0.00510204081632653 0.0
act 0.0 0.00510204081632653 0.0
murderous 0.0 0.00510204081632653 0.0
violence 0.0 0.01020408163265306 0.0
kardaris 0.0 0.00510204081632653 0.0
russia 0.0 0.02040816326530612 0.0
age 0.0 0.025510204081632654 0.0
ss 0.0 0.00510204081632653 0.0
de 0.0 0.025510204081632654 0.0
free 0.0 0.025510204081632654 0.0
nc 0.0 0.00510204081632653 0.0
it 0.0 0.2193877551020408 0.0
with 0.0 0.4387755102040816 0.0
stan 0.0 0.00510204081632653 0.0
then 0.0 0.05612244897959184 0.0
heir 0.0 0.00510204081632653 0.0
roll 0.0 0.00510204081632653 0.0
ia 0.0 0.00510204081632653 0.0
we 0.0 0.01020408163265306 0.0
o 0.0 0.00510204081632653 0.0
I 0.0 0.0 0.0
j 0.0 0.00510204081632653 0.0
rob 0.0 0.00510204081632653 0.0
dea 0.0 0.00510204081632653 0.0
at 0.0 0.23469387755102042 0.0
god 0.0 0.01020408163265306 0.0
tie 0.0 0.0 0.0
so 0.0 0.030612244897959183 0.0
car 0.0003561253561253561 0.00510204081632653 1.816966102680388e-06
pen 0.0 0.00510204081632653 0.0
en 0.0 0.00510204081632653 0.0
eat 0.0 0.00510204081632653 0.0
or 0.0003561253561253561 0.09183673469387756 3.2705389848246986e-05
to 0.0 0.7806122448979592 0.0
low 0.0 0.00510204081632653 0.0
flu 0.0 0.00510204081632653 0.0
