small 0.0005128205128205128 0.07653061224489796 3.924646781789639e-05
dream 0.0 0.015306122448979591 0.0
father 0.0 0.11734693877551021 0.0
he 0.0 0.34183673469387754 0.0
the 0.002564102564102564 0.9540816326530612 0.002446363160648875
save 0.0 0.030612244897959183 0.0
call 0.0 0.01020408163265306 0.0
stop 0.0 0.03571428571428571 0.0
lead 0.0005128205128205128 0.02040816326530612 1.0465724751439036e-05
a 0.003076923076923077 0.8826530612244898 0.00271585557299843
ever 0.0 0.05102040816326531 0.0
in 0.0005128205128205128 0.7346938775510204 0.00037676609105180537
try 0.0 0.01020408163265306 0.0
man 0.0 0.12755102040816327 0.0
no 0.0 0.07142857142857142 0.0
mysterious 0.0 0.08673469387755102 0.0
as 0.0 0.3469387755102041 0.0
era 0.0 0.01020408163265306 0.0
when 0.0 0.27040816326530615 0.0
join 0.0 0.02040816326530612 0.0
city 0.0 0.09183673469387756 0.0
help 0.0 0.10204081632653061 0.0
al 0.0 0.00510204081632653 0.0
dr 0.0 0.00510204081632653 0.0
new 0.0 0.1377551020408163 0.0
she 0.0 0.19387755102040816 0.0
year 0.0 0.01020408163265306 0.0
group 0.0 0.05102040816326531 0.0
son 0.0 0.08163265306122448 0.0
fight 0.0 0.03571428571428571 0.0
world 0.0 0.19387755102040816 0.0
young 0.0 0.15816326530612246 0.0
six 0.0 0.025510204081632654 0.0
first 0.0 0.08163265306122448 0.0
fireman 0.0 0.00510204081632653 0.0
burn 0.0 0.0 0.0
on 0.0010256410256410256 0.3520408163265306 0.00036106750392464677
begin 0.0010256410256410256 0.025510204081632654 2.6164311878597592e-05
art 0.0 0.00510204081632653 0.0
old 0.0 0.05612244897959184 0.0
i 0.0 0.00510204081632653 0.0
start 0.0005128205128205128 0.01020408163265306 5.232862375719518e-06
way 0.0 0.03571428571428571 0.0
and 0.0005128205128205128 0.8571428571428571 0.00043956043956043956
be 0.0 0.1377551020408163 0.0
all 0.0 0.17346938775510204 0.0
vanish 0.0 0.00510204081632653 0.0
de 0.0 0.025510204081632654 0.0
will 0.0 0.1989795918367347 0.0
nc 0.0 0.00510204081632653 0.0
misfit 0.0 0.00510204081632653 0.0
ale 0.0 0.00510204081632653 0.0
rio 0.0 0.025510204081632654 0.0
it 0.0 0.2193877551020408 0.0
app 0.0 0.00510204081632653 0.0
female 0.0 0.02040816326530612 0.0
male 0.0 0.00510204081632653 0.0
desperate 0.0 0.01020408163265306 0.0
out 0.0 0.18877551020408162 0.0
star 0.0 0.00510204081632653 0.0
ia 0.0 0.00510204081632653 0.0
we 0.0 0.01020408163265306 0.0
guise 0.0 0.00510204081632653 0.0
fire 0.0 0.00510204081632653 0.0
o 0.0 0.00510204081632653 0.0
I 0.0 0.0 0.0
disappearance 0.0005128205128205128 0.01020408163265306 5.232862375719518e-06
top 0.0 0.00510204081632653 0.0
j 0.0005128205128205128 0.00510204081632653 2.616431187859759e-06
york 0.0 0.015306122448979591 0.0
road 0.0 0.00510204081632653 0.0
by 0.0 0.33163265306122447 0.0
at 0.0005128205128205128 0.23469387755102042 0.00012035583464154893
may 0.0 0.015306122448979591 0.0
investigation 0.0 0.025510204081632654 0.0
so 0.0 0.030612244897959183 0.0
fit 0.0 0.00510204081632653 0.0
georgium 0.0 0.0 0.0
en 0.0 0.00510204081632653 0.0
georgia 0.0 0.01020408163265306 0.0
nolan 0.0 0.00510204081632653 0.0
firefighter 0.0 0.00510204081632653 0.0
arsonist 0.0 0.00510204081632653 0.0
broadway 0.0 0.00510204081632653 0.0
shawn 0.0 0.00510204081632653 0.0
retirement 0.0 0.00510204081632653 0.0
mayor 0.0 0.01020408163265306 0.0
disguise 0.0 0.0 0.0
joe 0.0 0.00510204081632653 0.0
or 0.0 0.09183673469387756 0.0
fighter 0.0 0.00510204081632653 0.0
to 0.0015384615384615385 0.7806122448979592 0.0012009419152276297
invest 0.0 0.00510204081632653 0.0
appearance 0.0 0.00510204081632653 0.0
