live 0.0 0.05612244897959184 0.0
life 0.0 0.20408163265306123 0.0
let 0.0 0.02040816326530612 0.0
step 0.0 0.00510204081632653 0.0
father 0.0 0.11734693877551021 0.0
he 0.0020242914979757085 0.34183673469387754 0.0006919771957365942
get 0.0 0.0663265306122449 0.0
red 0.0 0.01020408163265306 0.0
the 0.002699055330634278 0.9540816326530612 0.0025751191164725
go 0.0 0.09183673469387756 0.0
manage 0.0 0.0 0.0
mother 0.0 0.05612244897959184 0.0
call 0.0 0.01020408163265306 0.0
give 0.0 0.015306122448979591 0.0
gang 0.0 0.02040816326530612 0.0
share 0.0 0.030612244897959183 0.0
sin 0.0 0.01020408163265306 0.0
a 0.001349527665317139 0.8826530612244898 0.0011911647249993114
human 0.0006747638326585695 0.05612244897959184 3.786939877165441e-05
they 0.0006747638326585695 0.28061224489795916 0.00018934699385827203
end 0.0 0.04591836734693878 0.0
in 0.0006747638326585695 0.7346938775510204 0.0004957448566471123
man 0.0 0.12755102040816327 0.0
no 0.0 0.07142857142857142 0.0
one 0.0 0.18877551020408162 0.0
this 0.0006747638326585695 0.17346938775510204 0.00011705086893056818
time 0.0 0.14795918367346939 0.0
as 0.0006747638326585695 0.3469387755102041 0.00023410173786113635
travel 0.0 0.015306122448979591 0.0
when 0.0006747638326585695 0.27040816326530615 0.00018246164862706216
arrive 0.0 0.02040816326530612 0.0
al 0.0 0.00510204081632653 0.0
kill 0.0 0.030612244897959183 0.0
she 0.0 0.19387755102040816 0.0
year 0.0 0.01020408163265306 0.0
tell 0.0 0.015306122448979591 0.0
name 0.0006747638326585695 0.025510204081632654 1.721336307802473e-05
leave 0.0 0.02040816326530612 0.0
agent 0.0 0.015306122448979591 0.0
paris 0.0 0.04591836734693878 0.0
agency 0.0 0.02040816326530612 0.0
friend 0.0 0.0663265306122449 0.0
good 0.0 0.025510204081632654 0.0
strange 0.0 0.03571428571428571 0.0
even 0.0 0.07142857142857142 0.0
on 0.0006747638326585695 0.3520408163265306 0.0002375444104767413
pete 0.0 0.01020408163265306 0.0
peter 0.0 0.02040816326530612 0.0
art 0.0 0.00510204081632653 0.0
old 0.0 0.05612244897959184 0.0
i 0.0 0.00510204081632653 0.0
sea 0.0 0.015306122448979591 0.0
convince 0.0 0.01020408163265306 0.0
retire 0.0 0.0 0.0
girl 0.0006747638326585695 0.08673469387755102 5.852543446528409e-05
for 0.0 0.3877551020408163 0.0
and 0.0006747638326585695 0.8571428571428571 0.000578368999421631
be 0.0 0.1377551020408163 0.0
all 0.0 0.17346938775510204 0.0
promise 0.0 0.0 0.0
ride 0.0 0.00510204081632653 0.0
kidnap 0.0 0.00510204081632653 0.0
use 0.0 0.02040816326530612 0.0
lone 0.0 0.00510204081632653 0.0
age 0.0 0.025510204081632654 0.0
de 0.0 0.025510204081632654 0.0
near 0.0 0.015306122448979591 0.0
search 0.0 0.030612244897959183 0.0
wish 0.0 0.00510204081632653 0.0
free 0.0006747638326585695 0.025510204081632654 1.721336307802473e-05
form 0.0 0.01020408163265306 0.0
nc 0.0 0.00510204081632653 0.0
seventeen 0.0 0.00510204081632653 0.0
kim 0.0 0.00510204081632653 0.0
pride 0.0 0.00510204081632653 0.0
joy 0.0 0.01020408163265306 0.0
bryan 0.0 0.00510204081632653 0.0
mill 0.0 0.0 0.0
retired 0.0 0.015306122448979591 0.0
central 0.0 0.02040816326530612 0.0
intelligence 0.0 0.01020408163265306 0.0
california 0.0 0.00510204081632653 0.0
lenore 0.0 0.00510204081632653 0.0
wealthy 0.0 0.025510204081632654 0.0
stepfather 0.0 0.01020408163265306 0.0
stuart 0.0 0.00510204081632653 0.0
reluctant 0.0 0.00510204081632653 0.0
allow 0.0 0.00510204081632653 0.0
amanda 0.0 0.00510204081632653 0.0
cab 0.0 0.00510204081632653 0.0
stranger 0.0 0.015306122448979591 0.0
slip 0.0 0.00510204081632653 0.0
alone 0.0 0.015306122448979591 0.0
information 0.0 0.00510204081632653 0.0
albanian 0.0 0.00510204081632653 0.0
trafficker 0.0 0.0 0.0
barely 0.0 0.00510204081632653 0.0
speak 0.0 0.00510204081632653 0.0
briefly 0.0 0.00510204081632653 0.0
kidnapper 0.0 0.00510204081632653 0.0
daughter 0.0 0.05102040816326531 0.0
luck 0.0 0.00510204081632653 0.0
carvalho 0.0 0.02040816326530612 0.0
rio 0.0 0.025510204081632654 0.0
janeiro 0.0 0.02040816326530612 0.0
brazil 0.0 0.02040816326530612 0.0
it 0.0006747638326585695 0.2193877551020408 0.00014803492247101268
app 0.0 0.00510204081632653 0.0
kid 0.0 0.00510204081632653 0.0
with 0.0006747638326585695 0.4387755102040816 0.00029606984494202535
omi 0.0 0.00510204081632653 0.0
not 0.0 0.14795918367346939 0.0
seven 0.0 0.00510204081632653 0.0
ia 0.0 0.00510204081632653 0.0
we 0.0 0.01020408163265306 0.0
dna 0.0 0.00510204081632653 0.0
o 0.0 0.00510204081632653 0.0
I 0.0 0.0 0.0
left 0.0 0.04081632653061224 0.0
if 0.0 0.03571428571428571 0.0
val 0.0 0.00510204081632653 0.0
j 0.0 0.00510204081632653 0.0
tim 0.0 0.00510204081632653 0.0
brie 0.0 0.00510204081632653 0.0
ranger 0.0 0.00510204081632653 0.0
jane 0.0 0.00510204081632653 0.0
moth 0.0 0.00510204081632653 0.0
at 0.0 0.23469387755102042 0.0
so 0.0 0.030612244897959183 0.0
car 0.0 0.00510204081632653 0.0
fly 0.0 0.00510204081632653 0.0
en 0.0 0.00510204081632653 0.0
that 0.0 0.40816326530612246 0.0
or 0.0 0.09183673469387756 0.0
pa 0.0 0.00510204081632653 0.0
sl 0.0 0.00510204081632653 0.0
to 0.0 0.7806122448979592 0.0
low 0.0 0.00510204081632653 0.0
who 0.0 0.39285714285714285 0.0
