live 0.00040064102564102563 0.05612244897959184 2.2484955520669807e-05
king 0.0 0.030612244897959183 0.0
he 0.002403846153846154 0.34183673469387754 0.0008217229199372057
the 0.001201923076923077 0.9540816326530612 0.0011467327315541603
change 0.0 0.02040816326530612 0.0
a 0.0016025641025641025 0.8826530612244898 0.0014145081109366825
they 0.0 0.28061224489795916 0.0
century 0.0 0.03571428571428571 0.0
end 0.0 0.04591836734693878 0.0
ever 0.0 0.05102040816326531 0.0
in 0.00040064102564102563 0.7346938775510204 0.00029434850863422295
man 0.0 0.12755102040816327 0.0
no 0.0 0.07142857142857142 0.0
as 0.0 0.3469387755102041 0.0
al 0.0 0.00510204081632653 0.0
dr 0.0 0.00510204081632653 0.0
leg 0.0 0.00510204081632653 0.0
son 0.0 0.08163265306122448 0.0
fight 0.0 0.03571428571428571 0.0
early 0.0 0.030612244897959183 0.0
world 0.0 0.19387755102040816 0.0
lived 0.0 0.01020408163265306 0.0
on 0.0 0.3520408163265306 0.0
path 0.0 0.025510204081632654 0.0
begin 0.0 0.025510204081632654 0.0
adventure 0.0 0.0 0.0
i 0.0 0.00510204081632653 0.0
vike 0.0 0.0 0.0
conquer 0.0 0.00510204081632653 0.0
for 0.0 0.3877551020408163 0.0
woman 0.0 0.07142857142857142 0.0
and 0.0016025641025641025 0.8571428571428571 0.0013736263736263735
be 0.00040064102564102563 0.1377551020408163 5.519034536891679e-05
all 0.00040064102564102563 0.17346938775510204 6.949895342752486e-05
dead 0.0 0.015306122448979591 0.0
legendary 0.0 0.025510204081632654 0.0
ss 0.0 0.00510204081632653 0.0
de 0.0 0.025510204081632654 0.0
will 0.0 0.1989795918367347 0.0
norman 0.0 0.01020408163265306 0.0
survival 0.00040064102564102563 0.015306122448979591 6.13226059654631e-06
line 0.0 0.01020408163265306 0.0
ia 0.0 0.00510204081632653 0.0
hal 0.0 0.00510204081632653 0.0
we 0.0 0.01020408163265306 0.0
o 0.0 0.00510204081632653 0.0
viking 0.0 0.00510204081632653 0.0
valhalla 0.0 0.00510204081632653 0.0
chronicle 0.0 0.0 0.0
famous 0.0 0.00510204081632653 0.0
leif 0.0 0.00510204081632653 0.0
eriksson 0.0 0.00510204081632653 0.0
freydi 0.0 0.0 0.0
eriksdotter 0.0 0.00510204081632653 0.0
harald 0.0 0.00510204081632653 0.0
hardrada 0.0 0.00510204081632653 0.0
william 0.0 0.00510204081632653 0.0
conqueror 0.0 0.01020408163265306 0.0
these 0.0 0.05102040816326531 0.0
blaze 0.0 0.00510204081632653 0.0
evolve 0.0 0.0 0.0
I 0.0 0.0 0.0
if 0.0 0.03571428571428571 0.0
val 0.0 0.00510204081632653 0.0
hang 0.0 0.00510204081632653 0.0
dea 0.0 0.00510204081632653 0.0
most 0.0 0.07653061224489796 0.0
at 0.0 0.23469387755102042 0.0
so 0.0 0.030612244897959183 0.0
hard 0.0 0.01020408163265306 0.0
en 0.0 0.00510204081632653 0.0
or 0.0 0.09183673469387756 0.0
pa 0.0 0.00510204081632653 0.0
who 0.0 0.39285714285714285 0.0
