live 0.0 0.05612244897959184 0.0
he 0.0 0.34183673469387754 0.0
the 0.004524886877828054 0.9540816326530612 0.0043171114599686025
go 0.0 0.09183673469387756 0.0
sin 0.0 0.01020408163265306 0.0
control 0.0 0.04591836734693878 0.0
a 0.002262443438914027 0.8826530612244898 0.001996952627204728
among 0.0 0.02040816326530612 0.0
normal 0.0 0.00510204081632653 0.0
human 0.002262443438914027 0.05612244897959184 0.00012697386646966477
other 0.0 0.08163265306122448 0.0
possess 0.0 0.0 0.0
various 0.0 0.025510204081632654 0.0
supernatural 0.0 0.015306122448979591 0.0
power 0.0 0.05102040816326531 0.0
they 0.0 0.28061224489795916 0.0
divide 0.0 0.0 0.0
force 0.0 0.025510204081632654 0.0
light 0.0 0.02040816326530612 0.0
dark 0.0 0.025510204081632654 0.0
sign 0.0 0.00510204081632653 0.0
truce 0.0 0.00510204081632653 0.0
several 0.0 0.02040816326530612 0.0
century 0.0 0.03571428571428571 0.0
ago 0.0 0.025510204081632654 0.0
end 0.0 0.04591836734693878 0.0
devastating 0.0 0.00510204081632653 0.0
battle 0.0 0.061224489795918366 0.0
ever 0.0 0.05102040816326531 0.0
since 0.0 0.01020408163265306 0.0
govern 0.0 0.00510204081632653 0.0
day 0.0 0.09183673469387756 0.0
night 0.0 0.025510204081632654 0.0
belong 0.0 0.01020408163265306 0.0
opponent 0.0 0.0 0.0
in 0.0 0.7346938775510204 0.0
modern 0.0 0.015306122448979591 0.0
moscow 0.0 0.05102040816326531 0.0
actually 0.0 0.02040816326530612 0.0
roam 0.0 0.00510204081632653 0.0
vampire 0.0 0.0 0.0
watch 0.0 0.01020408163265306 0.0
anton 0.0 0.01020408163265306 0.0
movie 0.0 0.030612244897959183 0.0
protagonist 0.0 0.00510204081632653 0.0
try 0.0 0.01020408163265306 0.0
limit 0.0 0.00510204081632653 0.0
outrage 0.0 0.00510204081632653 0.0
ortmann 0.0 0.00510204081632653 0.0
armin 0.0 0.00510204081632653 0.0
man 0.0 0.12755102040816327 0.0
no 0.0 0.07142857142857142 0.0
one 0.0 0.18877551020408162 0.0
as 0.0 0.3469387755102041 0.0
era 0.0 0.01020408163265306 0.0
pow 0.0 0.00510204081632653 0.0
berlin 0.0 0.00510204081632653 0.0
al 0.0 0.00510204081632653 0.0
she 0.0 0.19387755102040816 0.0
arm 0.0 0.00510204081632653 0.0
while 0.0 0.12244897959183673 0.0
long 0.0 0.05612244897959184 0.0
on 0.0 0.3520408163265306 0.0
i 0.0 0.00510204081632653 0.0
dev 0.0 0.00510204081632653 0.0
for 0.0 0.3877551020408163 0.0
and 0.002262443438914027 0.8571428571428571 0.00193923723335488
be 0.0 0.1377551020408163 0.0
all 0.0 0.17346938775510204 0.0
act 0.0 0.00510204081632653 0.0
age 0.0 0.025510204081632654 0.0
ss 0.0 0.00510204081632653 0.0
de 0.0 0.025510204081632654 0.0
nc 0.0 0.00510204081632653 0.0
super 0.0 0.00510204081632653 0.0
rio 0.0 0.025510204081632654 0.0
it 0.0 0.2193877551020408 0.0
actual 0.0 0.00510204081632653 0.0
out 0.0 0.18877551020408162 0.0
heir 0.0 0.00510204081632653 0.0
we 0.0 0.01020408163265306 0.0
o 0.0 0.00510204081632653 0.0
math 0.0 0.00510204081632653 0.0
rage 0.0 0.01020408163265306 0.0
at 0.0 0.23469387755102042 0.0
ann 0.0 0.00510204081632653 0.0
natural 0.0 0.00510204081632653 0.0
en 0.0 0.00510204081632653 0.0
or 0.0 0.09183673469387756 0.0
deva 0.0 0.00510204081632653 0.0
to 0.0 0.7806122448979592 0.0
ural 0.0 0.00510204081632653 0.0
who 0.0 0.39285714285714285 0.0
