let 0.0 0.02040816326530612 0.0
he 0.0 0.34183673469387754 0.0
get 0.0 0.0663265306122449 0.0
the 0.001221001221001221 0.9540816326530612 0.001164934838404226
go 0.0 0.09183673469387756 0.0
thing 0.0 0.00510204081632653 0.0
a 0.003663003663003663 0.8826530612244898 0.0032331613964267027
end 0.0 0.04591836734693878 0.0
ever 0.0 0.05102040816326531 0.0
in 0.0 0.7346938775510204 0.0
man 0.0 0.12755102040816327 0.0
no 0.0 0.07142857142857142 0.0
able 0.0 0.030612244897959183 0.0
as 0.0 0.3469387755102041 0.0
move 0.0 0.025510204081632654 0.0
arrive 0.0 0.02040816326530612 0.0
al 0.0 0.00510204081632653 0.0
new 0.0 0.1377551020408163 0.0
she 0.0 0.19387755102040816 0.0
wake 0.0 0.00510204081632653 0.0
leave 0.0 0.02040816326530612 0.0
final 0.0 0.02040816326530612 0.0
however 0.0 0.04081632653061224 0.0
finally 0.0 0.03571428571428571 0.0
rigana 0.0 0.0 0.0
deep 0.0 0.015306122448979591 0.0
world 0.0 0.19387755102040816 0.0
belief 0.0 0.00510204081632653 0.0
family 0.0 0.22448979591836735 0.0
put 0.0 0.03571428571428571 0.0
strange 0.0 0.03571428571428571 0.0
never 0.0 0.03571428571428571 0.0
long 0.0 0.05612244897959184 0.0
descend 0.0 0.00510204081632653 0.0
fresh 0.0 0.01020408163265306 0.0
on 0.0 0.3520408163265306 0.0
meet 0.0 0.030612244897959183 0.0
art 0.0 0.00510204081632653 0.0
would 0.0 0.030612244897959183 0.0
i 0.0 0.00510204081632653 0.0
home 0.0 0.07653061224489796 0.0
there 0.0 0.08163265306122448 0.0
raise 0.0 0.01020408163265306 0.0
for 0.0 0.3877551020408163 0.0
and 0.0006105006105006105 0.8571428571428571 0.0005232862375719518
be 0.0006105006105006105 0.1377551020408163 8.409957389549225e-05
all 0.0 0.17346938775510204 0.0
transform 0.0 0.015306122448979591 0.0
hunger 0.0 0.01020408163265306 0.0
lie 0.0 0.00510204081632653 0.0
de 0.0 0.025510204081632654 0.0
here 0.0 0.01020408163265306 0.0
will 0.0006105006105006105 0.1989795918367347 0.00012147716229348882
form 0.0006105006105006105 0.01020408163265306 6.2295980663327594e-06
nc 0.0 0.00510204081632653 0.0
hide 0.0 0.00510204081632653 0.0
tradition 0.0 0.00510204081632653 0.0
it 0.0 0.2193877551020408 0.0
pt 0.0 0.00510204081632653 0.0
school 0.0 0.05102040816326531 0.0
tendency 0.0 0.0 0.0
ex 0.0 0.00510204081632653 0.0
equally 0.0 0.01020408163265306 0.0
ia 0.0 0.00510204081632653 0.0
we 0.0 0.01020408163265306 0.0
more 0.0 0.08163265306122448 0.0
something 0.0 0.025510204081632654 0.0
flesh 0.0 0.015306122448979591 0.0
aka 0.0 0.00510204081632653 0.0
rigorous 0.0 0.00510204081632653 0.0
vegetarian 0.0 0.00510204081632653 0.0
freshman 0.0 0.00510204081632653 0.0
justine 0.0 0.00510204081632653 0.0
reputable 0.0 0.00510204081632653 0.0
veterinary 0.0 0.00510204081632653 0.0
leaf 0.0 0.0 0.0
abruptly 0.0 0.00510204081632653 0.0
mad 0.0 0.00510204081632653 0.0
vicious 0.0 0.01020408163265306 0.0
initiation 0.0 0.00510204081632653 0.0
test 0.0 0.00510204081632653 0.0
chew 0.0 0.00510204081632653 0.0
unshakable 0.0 0.00510204081632653 0.0
herbivorous 0.0 0.00510204081632653 0.0
deeper 0.0 0.01020408163265306 0.0
hidden 0.0 0.030612244897959183 0.0
uncharted 0.0 0.00510204081632653 0.0
animalistic 0.0 0.00510204081632653 0.0
unprecedented 0.0 0.00510204081632653 0.0
morbid 0.0 0.00510204081632653 0.0
craving 0.0 0.00510204081632653 0.0
meat 0.0 0.01020408163265306 0.0
expect 0.0 0.0 0.0
corporeal 0.0 0.00510204081632653 0.0
awakening 0.0 0.00510204081632653 0.0
complete 0.0 0.00510204081632653 0.0
point 0.0 0.01020408163265306 0.0
deny 0.0 0.0 0.0
raw 0.0 0.01020408163265306 0.0
o 0.0 0.00510204081632653 0.0
I 0.0 0.0 0.0
real 0.0 0.030612244897959183 0.0
j 0.0 0.00510204081632653 0.0
fore 0.0 0.00510204081632653 0.0
hang 0.0 0.00510204081632653 0.0
now 0.0 0.07653061224489796 0.0
at 0.0 0.23469387755102042 0.0
so 0.0 0.030612244897959183 0.0
rai 0.0 0.00510204081632653 0.0
en 0.0 0.00510204081632653 0.0
eat 0.0 0.00510204081632653 0.0
that 0.0 0.40816326530612246 0.0
or 0.0 0.09183673469387756 0.0
to 0.0 0.7806122448979592 0.0
igor 0.0 0.01020408163265306 0.0
how 0.0 0.09183673469387756 0.0
