life 0.00075046904315197 0.20408163265306123 0.0001531569475820347
he 0.0 0.34183673469387754 0.0
the 0.0013133208255159475 0.9540816326530612 0.0012530152774055214
a 0.0016885553470919325 0.8826530612244898 0.0014904085461576752
end 0.0 0.04591836734693878 0.0
leg 0.0 0.00510204081632653 0.0
i 0.0 0.00510204081632653 0.0
rock 0.0 0.01020408163265306 0.0
and 0.00075046904315197 0.8571428571428571 0.0006432591798445457
be 0.00075046904315197 0.1377551020408163 0.0001033809396178734
look 0.0 0.025510204081632654 0.0
legendary 0.0 0.025510204081632654 0.0
roll 0.0 0.00510204081632653 0.0
star 0.0 0.00510204081632653 0.0
elvis 0.0 0.00510204081632653 0.0
presley 0.0 0.00510204081632653 0.0
o 0.0 0.00510204081632653 0.0
if 0.0 0.03571428571428571 0.0
at 0.0001876172607879925 0.23469387755102042 4.4032622429834976e-05
en 0.0 0.00510204081632653 0.0
sl 0.0 0.00510204081632653 0.0
