but 0.0 0.3112244897959184 0.0
he 0.0015860428231562252 0.34183673469387754 0.0005421676997523831
the 0.001189532117367169 0.9540816326530612 0.0011349107446309214
known 0.0 0.05612244897959184 0.0
know 0.0 0.07142857142857142 0.0
side 0.0 0.015306122448979591 0.0
call 0.0 0.01020408163265306 0.0
sin 0.0 0.01020408163265306 0.0
lead 0.0 0.02040816326530612 0.0
war 0.0 0.05612244897959184 0.0
two 0.0 0.12755102040816327 0.0
a 0.0005947660586835845 0.8826530612244898 0.0005249720824094904
love 0.0 0.09183673469387756 0.0
involve 0.0 0.0 0.0
power 0.0 0.05102040816326531 0.0
they 0.0 0.28061224489795916 0.0
light 0.0 0.02040816326530612 0.0
end 0.0 0.04591836734693878 0.0
day 0.00019825535289452815 0.09183673469387756 1.8207124245415853e-05
in 0.0005947660586835845 0.7346938775510204 0.00043697098188998047
man 0.0 0.12755102040816327 0.0
no 0.0003965107057890563 0.07142857142857142 2.8322193270646877e-05
learn 0.0 0.02040816326530612 0.0
as 0.0 0.3469387755102041 0.0
pow 0.0 0.00510204081632653 0.0
rest 0.0 0.025510204081632654 0.0
city 0.0 0.09183673469387756 0.0
cop 0.0 0.03571428571428571 0.0
al 0.0 0.00510204081632653 0.0
dr 0.0 0.00510204081632653 0.0
mission 0.0 0.07142857142857142 0.0
new 0.0003965107057890563 0.1377551020408163 5.4621372736247545e-05
she 0.0 0.19387755102040816 0.0
paris 0.0 0.04591836734693878 0.0
carry 0.0 0.01020408163265306 0.0
feel 0.0 0.00510204081632653 0.0
teenager 0.0 0.01020408163265306 0.0
secret 0.0 0.061224489795918366 0.0
magic 0.0 0.025510204081632654 0.0
evil 0.0 0.03571428571428571 0.0
family 0.00019825535289452815 0.22448979591836735 4.4506303711016525e-05
friend 0.0 0.0663265306122449 0.0
protect 0.0 0.02040816326530612 0.0
hero 0.0 0.025510204081632654 0.0
put 0.0 0.03571428571428571 0.0
teenage 0.0 0.025510204081632654 0.0
ordinary 0.0 0.03571428571428571 0.0
order 0.0 0.04081632653061224 0.0
on 0.0 0.3520408163265306 0.0
creature 0.0 0.0 0.0
i 0.0 0.00510204081632653 0.0
feeling 0.0 0.00510204081632653 0.0
aware 0.0 0.01020408163265306 0.0
for 0.0 0.3877551020408163 0.0
perform 0.0 0.01020408163265306 0.0
and 0.0015860428231562252 0.8571428571428571 0.0013594652769910501
be 0.0007930214115781126 0.1377551020408163 0.00010924274547249509
anti 0.0 0.00510204081632653 0.0
all 0.0005947660586835845 0.17346938775510204 0.00010317370405735649
transform 0.0 0.015306122448979591 0.0
use 0.0 0.02040816326530612 0.0
age 0.0 0.025510204081632654 0.0
ss 0.0 0.00510204081632653 0.0
de 0.0 0.025510204081632654 0.0
will 0.0 0.1989795918367347 0.0
form 0.0 0.01020408163265306 0.0
magical 0.0 0.015306122448979591 0.0
super 0.0 0.00510204081632653 0.0
it 0.0 0.2193877551020408 0.0
well 0.0 0.02040816326530612 0.0
school 0.0003965107057890563 0.05102040816326531 2.0230138050462058e-05
with 0.0009912767644726407 0.4387755102040816 0.0004349479680849342
identity 0.0 0.00510204081632653 0.0
trouble 0.00019825535289452815 0.00510204081632653 1.0115069025231028e-06
must 0.0 0.07653061224489796 0.0
heir 0.0 0.00510204081632653 0.0
we 0.0 0.01020408163265306 0.0
from 0.00019825535289452815 0.3520408163265306 6.979397627409409e-05
o 0.0 0.00510204081632653 0.0
pain 0.0 0.00510204081632653 0.0
lady 0.0 0.00510204081632653 0.0
true 0.0 0.02040816326530612 0.0
by 0.00019825535289452815 0.33163265306122447 6.574794866400168e-05
daylight 0.0 0.00510204081632653 0.0
marinette 0.0 0.00510204081632653 0.0
adrien 0.0 0.00510204081632653 0.0
agreste 0.0 0.00510204081632653 0.0
unbeknownst 0.0 0.01020408163265306 0.0
huge 0.0 0.01020408163265306 0.0
kwamus 0.0 0.0 0.0
superhero 0.0 0.00510204081632653 0.0
ladybug 0.0 0.00510204081632653 0.0
cat 0.0 0.01020408163265306 0.0
noir 0.0 0.00510204081632653 0.0
hawk 0.0 0.00510204081632653 0.0
moth 0.0 0.00510204081632653 0.0
cope 0.0 0.00510204081632653 0.0
responsibility 0.0 0.0 0.0
most 0.0 0.07653061224489796 0.0
romantic 0.0 0.00510204081632653 0.0
aside 0.0 0.00510204081632653 0.0
duty 0.0 0.00510204081632653 0.0
unaware 0.0 0.00510204081632653 0.0
moon 0.0 0.01020408163265306 0.0
now 0.0 0.07653061224489796 0.0
at 0.00019825535289452815 0.23469387755102042 4.652931751606273e-05
rue 0.0 0.00510204081632653 0.0
tie 0.0 0.0 0.0
car 0.0 0.00510204081632653 0.0
en 0.0 0.00510204081632653 0.0
eat 0.0 0.00510204081632653 0.0
or 0.0 0.09183673469387756 0.0
pa 0.0 0.00510204081632653 0.0
roman 0.0 0.00510204081632653 0.0
to 0.001387787470261697 0.7806122448979592 0.001083323892602243
mus 0.0 0.00510204081632653 0.0
