but 0.0 0.3112244897959184 0.0
he 0.001282051282051282 0.34183673469387754 0.00043825222396650965
the 0.0 0.9540816326530612 0.0
change 0.0 0.02040816326530612 0.0
war 0.0 0.05612244897959184 0.0
a 0.002564102564102564 0.8826530612244898 0.002263212977498692
story 0.0 0.12755102040816327 0.0
among 0.0 0.02040816326530612 0.0
various 0.0 0.025510204081632654 0.0
force 0.0 0.025510204081632654 0.0
in 0.001282051282051282 0.7346938775510204 0.0009419152276295134
man 0.0 0.12755102040816327 0.0
one 0.0 0.18877551020408162 0.0
see 0.0 0.04081632653061224 0.0
this 0.0 0.17346938775510204 0.0
time 0.0 0.14795918367346939 0.0
as 0.0 0.3469387755102041 0.0
era 0.0 0.01020408163265306 0.0
camp 0.0 0.02040816326530612 0.0
prisoner 0.0 0.00510204081632653 0.0
later 0.0 0.061224489795918366 0.0
law 0.0 0.01020408163265306 0.0
al 0.0 0.00510204081632653 0.0
opera 0.0 0.01020408163265306 0.0
son 0.0 0.08163265306122448 0.0
late 0.0 0.02040816326530612 0.0
saw 0.0 0.00510204081632653 0.0
world 0.001282051282051282 0.19387755102040816 0.0002485609628466771
family 0.0 0.22448979591836735 0.0
prison 0.0 0.015306122448979591 0.0
ordinary 0.0 0.03571428571428571 0.0
station 0.0 0.025510204081632654 0.0
on 0.0 0.3520408163265306 0.0
release 0.0 0.0 0.0
begin 0.0 0.025510204081632654 0.0
once 0.0 0.061224489795918366 0.0
i 0.0 0.00510204081632653 0.0
for 0.0 0.3877551020408163 0.0
be 0.0 0.1377551020408163 0.0
during 0.0 0.04591836734693878 0.0
all 0.0 0.17346938775510204 0.0
ii 0.0 0.015306122448979591 0.0
concentration 0.0 0.01020408163265306 0.0
jewish 0.0 0.015306122448979591 0.0
de 0.0 0.025510204081632654 0.0
ruin 0.0 0.01020408163265306 0.0
wish 0.0 0.00510204081632653 0.0
will 0.0 0.1989795918367347 0.0
nc 0.0 0.00510204081632653 0.0
extraordinary 0.0 0.02040816326530612 0.0
hide 0.001282051282051282 0.00510204081632653 6.541077969649398e-06
rio 0.0 0.025510204081632654 0.0
pt 0.0 0.00510204081632653 0.0
survival 0.0 0.015306122448979591 0.0
ex 0.0 0.00510204081632653 0.0
auto 0.0 0.015306122448979591 0.0
ia 0.0 0.00510204081632653 0.0
we 0.0 0.01020408163265306 0.0
from 0.0 0.3520408163265306 0.0
o 0.0 0.00510204081632653 0.0
I 0.0 0.0 0.0
separate 0.0 0.01020408163265306 0.0
val 0.0 0.00510204081632653 0.0
j 0.0 0.00510204081632653 0.0
tim 0.0 0.00510204081632653 0.0
grad 0.0 0.00510204081632653 0.0
location 0.0 0.00510204081632653 0.0
hang 0.0 0.00510204081632653 0.0
lady 0.0 0.00510204081632653 0.0
adaptation 0.0 0.00510204081632653 0.0
autobiography 0.0 0.00510204081632653 0.0
pianist 0.0 0.00510204081632653 0.0
true 0.0 0.02040816326530612 0.0
warsaw 0.0 0.00510204081632653 0.0
wladyslaw 0.0 0.00510204081632653 0.0
szpilman 0.0 0.00510204081632653 0.0
polish 0.0 0.00510204081632653 0.0
radio 0.0 0.00510204081632653 0.0
gradually 0.0 0.00510204081632653 0.0
ghetto 0.0 0.00510204081632653 0.0
operation 0.0 0.00510204081632653 0.0
reinhard 0.0 0.00510204081632653 0.0
cat 0.0 0.01020408163265306 0.0
at 0.0 0.23469387755102042 0.0
rue 0.0 0.00510204081632653 0.0
so 0.0 0.030612244897959183 0.0
hard 0.0 0.01020408163265306 0.0
ring 0.0 0.00510204081632653 0.0
en 0.0 0.00510204081632653 0.0
or 0.0 0.09183673469387756 0.0
pa 0.0 0.00510204081632653 0.0
sl 0.0 0.00510204081632653 0.0
to 0.001282051282051282 0.7806122448979592 0.001000784929356358
