he 0.0004995004995004995 0.34183673469387754 0.00017074761972721156
the 0.00024975024975024975 0.9540816326530612 0.00023828212603722808
create 0.0 0.02040816326530612 0.0
ask 0.0 0.00510204081632653 0.0
a 0.0014985014985014985 0.8826530612244898 0.001322656934901833
force 0.0 0.025510204081632654 0.0
in 0.0004995004995004995 0.7346938775510204 0.00036697995881669355
as 0.0 0.3469387755102041 0.0
people 0.0004995004995004995 0.11734693877551021 5.8614854533221885e-05
arm 0.0 0.00510204081632653 0.0
six 0.0 0.025510204081632654 0.0
i 0.0 0.00510204081632653 0.0
for 0.0 0.3877551020408163 0.0
nc 0.0 0.00510204081632653 0.0
it 0.0 0.2193877551020408 0.0
with 0.0007492507492507493 0.4387755102040816 0.00032875287977328794
task 0.0 0.00510204081632653 0.0
sixth 0.0 0.01020408163265306 0.0
branch 0.0 0.01020408163265306 0.0
armed 0.0 0.00510204081632653 0.0
service 0.0 0.0 0.0
space 0.0 0.02040816326530612 0.0
ranch 0.0 0.00510204081632653 0.0
o 0.0 0.00510204081632653 0.0
I 0.0 0.0 0.0
at 0.0 0.23469387755102042 0.0
eat 0.0 0.00510204081632653 0.0
or 0.0 0.09183673469387756 0.0
pa 0.0 0.00510204081632653 0.0
sk 0.0 0.00510204081632653 0.0
