he 0.0 0.34183673469387754 0.0
the 0.0030464584920030465 0.9540816326530612 0.0029065700918600493
go 0.0 0.09183673469387756 0.0
become 0.0 0.05612244897959184 0.0
stop 0.0 0.03571428571428571 0.0
gang 0.0 0.02040816326530612 0.0
sin 0.0 0.01020408163265306 0.0
a 0.0003808073115003808 0.8826530612244898 0.000336120739232479
power 0.0 0.05102040816326531 0.0
dark 0.0 0.025510204081632654 0.0
in 0.0015232292460015233 0.7346938775510204 0.0011191072011439763
as 0.0 0.3469387755102041 0.0
journey 0.0 0.08163265306122448 0.0
pow 0.0 0.00510204081632653 0.0
city 0.0003808073115003808 0.09183673469387756 3.497210003574926e-05
cop 0.0 0.03571428571428571 0.0
al 0.0 0.00510204081632653 0.0
after 0.0 0.1989795918367347 0.0
arm 0.0 0.00510204081632653 0.0
son 0.0 0.08163265306122448 0.0
family 0.0 0.22448979591836735 0.0
while 0.0 0.12244897959183673 0.0
rise 0.0 0.02040816326530612 0.0
follow 0.0003808073115003808 0.015306122448979591 5.828683339291543e-06
come 0.0 0.025510204081632654 0.0
on 0.0 0.3520408163265306 0.0
gangster 0.0 0.02040816326530612 0.0
far 0.0 0.030612244897959183 0.0
art 0.0 0.00510204081632653 0.0
i 0.0 0.00510204081632653 0.0
start 0.0 0.01020408163265306 0.0
win 0.0 0.015306122448979591 0.0
suffer 0.0 0.0 0.0
for 0.0003808073115003808 0.3877551020408163 0.00014765997792871909
and 0.001904036557501904 0.8571428571428571 0.0016320313350016318
be 0.0003808073115003808 0.1377551020408163 5.245815005362388e-05
all 0.0 0.17346938775510204 0.0
ss 0.0 0.00510204081632653 0.0
powerful 0.0003808073115003808 0.03571428571428571 1.36002611250136e-05
it 0.0 0.2193877551020408 0.0
rough 0.0 0.00510204081632653 0.0
meanwhile 0.0 0.030612244897959183 0.0
star 0.0 0.00510204081632653 0.0
we 0.0 0.01020408163265306 0.0
politics 0.0 0.01020408163265306 0.0
o 0.0 0.00510204081632653 0.0
I 0.0 0.0 0.0
top 0.0 0.00510204081632653 0.0
j 0.0 0.00510204081632653 0.0
spiral 0.0 0.01020408163265306 0.0
witness 0.0 0.00510204081632653 0.0
fore 0.0 0.00510204081632653 0.0
pain 0.0 0.00510204081632653 0.0
farmer 0.0 0.00510204081632653 0.0
game 0.0 0.02040816326530612 0.0
strict 0.0 0.00510204081632653 0.0
trail 0.0 0.00510204081632653 0.0
so 0.0 0.030612244897959183 0.0
rai 0.0 0.00510204081632653 0.0
through 0.0 0.08163265306122448 0.0
ring 0.0 0.00510204081632653 0.0
en 0.0 0.00510204081632653 0.0
or 0.0 0.09183673469387756 0.0
pa 0.0 0.00510204081632653 0.0
to 0.0003808073115003808 0.7806122448979592 0.0002972628503038687
low 0.0 0.00510204081632653 0.0
