live 0.00018580453363062057 0.05612244897959184 1.0427805458861358e-05
life 0.00018580453363062057 0.20408163265306123 3.791929257767767e-05
he 0.00037160906726124113 0.34183673469387754 0.00012702963013522017
the 0.002787068004459309 0.9540816326530612 0.0026590903920096468
change 0.0 0.02040816326530612 0.0
a 0.00018580453363062057 0.8826530612244898 0.0001640009403984559
they 0.0005574136008918618 0.28061224489795916 0.00015641708188292037
end 0.0 0.04591836734693878 0.0
ever 0.0 0.05102040816326531 0.0
in 0.00037160906726124113 0.7346938775510204 0.00027301890655927923
ship 0.0 0.02040816326530612 0.0
hear 0.0 0.00510204081632653 0.0
lose 0.0 0.00510204081632653 0.0
friend 0.0 0.0663265306122449 0.0
can 0.0 0.08673469387755102 0.0
on 0.00018580453363062057 0.3520408163265306 6.541077969649397e-05
art 0.0 0.00510204081632653 0.0
i 0.0 0.00510204081632653 0.0
girl 0.0 0.08673469387755102 0.0
for 0.00018580453363062057 0.3877551020408163 7.204665589758757e-05
and 0.0011148272017837235 0.8571428571428571 0.0009555661729574773
rescue 0.0 0.00510204081632653 0.0
wolf 0.0 0.00510204081632653 0.0
ss 0.0 0.00510204081632653 0.0
de 0.0 0.025510204081632654 0.0
will 0.0 0.1989795918367347 0.0
heart 0.0 0.030612244897959183 0.0
pup 0.0 0.00510204081632653 0.0
lion 0.0 0.00510204081632653 0.0
cub 0.0 0.00510204081632653 0.0
canadian 0.0 0.00510204081632653 0.0
wilderness 0.0 0.00510204081632653 0.0
friendship 0.0 0.01020408163265306 0.0
forever 0.0 0.00510204081632653 0.0
heir 0.0 0.00510204081632653 0.0
ia 0.0 0.00510204081632653 0.0
o 0.0 0.00510204081632653 0.0
fore 0.0 0.00510204081632653 0.0
hang 0.0 0.00510204081632653 0.0
by 0.0 0.33163265306122447 0.0
los 0.0 0.00510204081632653 0.0
en 0.0 0.00510204081632653 0.0
or 0.00037160906726124113 0.09183673469387756 3.4127363319909904e-05
