sum 0.0 0.01020408163265306 0.0
but 0.0 0.3112244897959184 0.0
he 0.0 0.34183673469387754 0.0
red 0.0 0.01020408163265306 0.0
the 0.004962779156327543 0.9540816326530612 0.004734896439965565
go 0.0 0.09183673469387756 0.0
thing 0.0 0.00510204081632653 0.0
two 0.0 0.12755102040816327 0.0
a 0.0 0.8826530612244898 0.0
day 0.0 0.09183673469387756 0.0
in 0.0012406947890818859 0.7346938775510204 0.0009115308654479162
try 0.0 0.01020408163265306 0.0
man 0.0 0.12755102040816327 0.0
able 0.0 0.030612244897959183 0.0
as 0.0 0.3469387755102041 0.0
dr 0.0 0.00510204081632653 0.0
leave 0.0 0.02040816326530612 0.0
son 0.0 0.08163265306122448 0.0
plan 0.0 0.02040816326530612 0.0
prison 0.0 0.015306122448979591 0.0
part 0.0 0.04081632653061224 0.0
on 0.0 0.3520408163265306 0.0
art 0.0 0.00510204081632653 0.0
i 0.0 0.00510204081632653 0.0
convince 0.0 0.01020408163265306 0.0
anne 0.0 0.00510204081632653 0.0
be 0.0012406947890818859 0.1377551020408163 0.00017091203727148427
during 0.0 0.04591836734693878 0.0
use 0.0 0.02040816326530612 0.0
de 0.0 0.025510204081632654 0.0
will 0.0 0.1989795918367347 0.0
don 0.0 0.015306122448979591 0.0
nc 0.0 0.00510204081632653 0.0
it 0.0 0.2193877551020408 0.0
with 0.0 0.4387755102040816 0.0
unable 0.0 0.01020408163265306 0.0
gain 0.0 0.00510204081632653 0.0
we 0.0 0.01020408163265306 0.0
rahim 0.0 0.01020408163265306 0.0
raw 0.0 0.01020408163265306 0.0
o 0.0 0.00510204081632653 0.0
I 0.0 0.0 0.0
debt 0.0 0.00510204081632653 0.0
repay 0.0 0.00510204081632653 0.0
creditor 0.0 0.00510204081632653 0.0
withdraw 0.0 0.00510204081632653 0.0
complaint 0.0 0.00510204081632653 0.0
payment 0.0 0.00510204081632653 0.0
so 0.0 0.030612244897959183 0.0
ann 0.0 0.00510204081632653 0.0
ring 0.0 0.00510204081632653 0.0
en 0.0 0.00510204081632653 0.0
or 0.0 0.09183673469387756 0.0
pa 0.0 0.00510204081632653 0.0
to 0.0 0.7806122448979592 0.0
