king 0.0 0.030612244897959183 0.0
he 0.0008361204013377926 0.34183673469387754 0.00028581666780424543
the 0.0016722408026755853 0.9540816326530612 0.001595454235205788
war 0.0 0.05612244897959184 0.0
a 0.0016722408026755853 0.8826530612244898 0.0014760084635861033
story 0.0 0.12755102040816327 0.0
human 0.0 0.05612244897959184 0.0
they 0.0 0.28061224489795916 0.0
force 0.0 0.025510204081632654 0.0
in 0.0 0.7346938775510204 0.0
man 0.0 0.12755102040816327 0.0
able 0.0 0.030612244897959183 0.0
as 0.0 0.3469387755102041 0.0
travel 0.0 0.015306122448979591 0.0
people 0.0 0.11734693877551021 0.0
journey 0.0 0.08163265306122448 0.0
al 0.0 0.00510204081632653 0.0
she 0.0 0.19387755102040816 0.0
tell 0.0 0.015306122448979591 0.0
under 0.0 0.0663265306122449 0.0
understand 0.0 0.015306122448979591 0.0
family 0.0 0.22448979591836735 0.0
can 0.0 0.08673469387755102 0.0
plan 0.0008361204013377926 0.02040816326530612 1.706368165995495e-05
young 0.0 0.15816326530612246 0.0
hero 0.0 0.025510204081632654 0.0
on 0.0016722408026755853 0.3520408163265306 0.0005886970172684458
great 0.0 0.03571428571428571 0.0
dangerous 0.0 0.04591836734693878 0.0
i 0.0 0.00510204081632653 0.0
conquer 0.0 0.00510204081632653 0.0
for 0.0 0.3877551020408163 0.0
capable 0.0 0.015306122448979591 0.0
and 0.0 0.8571428571428571 0.0
greatest 0.0 0.025510204081632654 0.0
be 0.0 0.1377551020408163 0.0
unlock 0.0 0.015306122448979591 0.0
all 0.0 0.17346938775510204 0.0
exist 0.0 0.01020408163265306 0.0
plane 0.0 0.01020408163265306 0.0
bear 0.0 0.0 0.0
myth 0.0 0.015306122448979591 0.0
charge 0.0 0.01020408163265306 0.0
de 0.0 0.025510204081632654 0.0
emotional 0.0 0.03571428571428571 0.0
will 0.0 0.1989795918367347 0.0
nc 0.0 0.00510204081632653 0.0
gift 0.0 0.00510204081632653 0.0
danger 0.0 0.01020408163265306 0.0
ale 0.0 0.00510204081632653 0.0
it 0.0 0.2193877551020408 0.0
male 0.0 0.00510204081632653 0.0
potential 0.0 0.00510204081632653 0.0
stan 0.0 0.00510204081632653 0.0
warn 0.0 0.00510204081632653 0.0
survive 0.0 0.02040816326530612 0.0
ex 0.0 0.00510204081632653 0.0
must 0.0 0.07653061224489796 0.0
future 0.0 0.030612244897959183 0.0
conflict 0.0 0.01020408163265306 0.0
heir 0.0 0.00510204081632653 0.0
ia 0.0 0.00510204081632653 0.0
we 0.0 0.01020408163265306 0.0
universe 0.0 0.015306122448979591 0.0
test 0.0 0.00510204081632653 0.0
o 0.0 0.00510204081632653 0.0
if 0.0 0.03571428571428571 0.0
planet 0.0 0.01020408163265306 0.0
charged 0.0 0.01020408163265306 0.0
mythic 0.0 0.00510204081632653 0.0
emotionally 0.0 0.00510204081632653 0.0
dune 0.0 0.00510204081632653 0.0
paul 0.0 0.00510204081632653 0.0
atreide 0.0 0.0 0.0
brilliant 0.0 0.01020408163265306 0.0
gifted 0.0 0.01020408163265306 0.0
destiny 0.0 0.01020408163265306 0.0
beyond 0.0 0.01020408163265306 0.0
understanding 0.0 0.00510204081632653 0.0
ensure 0.0 0.01020408163265306 0.0
malevolent 0.0 0.01020408163265306 0.0
explode 0.0 0.00510204081632653 0.0
exclusive 0.0 0.00510204081632653 0.0
supply 0.0 0.00510204081632653 0.0
precious 0.0 0.00510204081632653 0.0
resource 0.0 0.00510204081632653 0.0
commodity 0.0 0.00510204081632653 0.0
humanity 0.0 0.015306122448979591 0.0
fear 0.0 0.00510204081632653 0.0
bro 0.0 0.0 0.0
stand 0.0 0.02040816326530612 0.0
j 0.0 0.00510204081632653 0.0
most 0.0 0.07653061224489796 0.0
at 0.0 0.23469387755102042 0.0
existence 0.0 0.00510204081632653 0.0
so 0.0 0.030612244897959183 0.0
en 0.0 0.00510204081632653 0.0
eat 0.0 0.00510204081632653 0.0
or 0.0 0.09183673469387756 0.0
pa 0.0 0.00510204081632653 0.0
to 0.0016722408026755853 0.7806122448979592 0.0013053716469865538
tent 0.0 0.00510204081632653 0.0
mus 0.0 0.00510204081632653 0.0
who 0.0 0.39285714285714285 0.0
