live 0.0 0.05612244897959184 0.0
life 0.000413564929693962 0.20408163265306123 8.440100605999225e-05
but 0.0 0.3112244897959184 0.0
he 0.0024813895781637717 0.34183673469387754 0.000848230110902922
the 0.0020678246484698098 0.9540816326530612 0.0019728735166523186
become 0.0 0.05612244897959184 0.0
marry 0.0 0.03571428571428571 0.0
mother 0.0 0.05612244897959184 0.0
relationship 0.0 0.05612244897959184 0.0
call 0.0 0.01020408163265306 0.0
give 0.000413564929693962 0.015306122448979591 6.330075454499418e-06
ask 0.0 0.00510204081632653 0.0
lead 0.0 0.02040816326530612 0.0
two 0.0 0.12755102040816327 0.0
a 0.001654259718775848 0.8826530612244898 0.001460137404837866
love 0.0 0.09183673469387756 0.0
they 0.0 0.28061224489795916 0.0
force 0.0 0.025510204081632654 0.0
end 0.0 0.04591836734693878 0.0
day 0.0 0.09183673469387756 0.0
in 0.0 0.7346938775510204 0.0
man 0.000413564929693962 0.12755102040816327 5.2750628787495157e-05
no 0.0 0.07142857142857142 0.0
one 0.0 0.18877551020408162 0.0
french 0.0 0.03571428571428571 0.0
this 0.0 0.17346938775510204 0.0
as 0.0 0.3469387755102041 0.0
later 0.0 0.061224489795918366 0.0
rest 0.0 0.025510204081632654 0.0
american 0.0 0.01020408163265306 0.0
al 0.0 0.00510204081632653 0.0
dr 0.0 0.00510204081632653 0.0
girlfriend 0.0 0.02040816326530612 0.0
she 0.0 0.19387755102040816 0.0
year 0.0 0.01020408163265306 0.0
recall 0.0 0.0 0.0
name 0.0 0.025510204081632654 0.0
ship 0.0 0.02040816326530612 0.0
paris 0.0 0.04591836734693878 0.0
hear 0.0 0.00510204081632653 0.0
result 0.0 0.01020408163265306 0.0
late 0.0 0.02040816326530612 0.0
teenager 0.0 0.01020408163265306 0.0
friend 0.0 0.0663265306122449 0.0
drug 0.0 0.04081632653061224 0.0
can 0.0 0.08673469387755102 0.0
plan 0.0 0.02040816326530612 0.0
next 0.0 0.015306122448979591 0.0
pregnant 0.0 0.01020408163265306 0.0
come 0.0 0.025510204081632654 0.0
young 0.0 0.15816326530612246 0.0
teenage 0.0 0.025510204081632654 0.0
first 0.0 0.08163265306122448 0.0
three 0.0 0.030612244897959183 0.0
phone 0.0 0.01020408163265306 0.0
on 0.0 0.3520408163265306 0.0
meet 0.0 0.030612244897959183 0.0
i 0.0 0.00510204081632653 0.0
back 0.0 0.08673469387755102 0.0
series 0.0 0.07142857142857142 0.0
girl 0.0 0.08673469387755102 0.0
living 0.0 0.05612244897959184 0.0
way 0.0 0.03571428571428571 0.0
for 0.0 0.3877551020408163 0.0
anne 0.0 0.00510204081632653 0.0
woman 0.0 0.07142857142857142 0.0
and 0.000827129859387924 0.8571428571428571 0.0007089684509039348
sex 0.0 0.03571428571428571 0.0
be 0.000827129859387924 0.1377551020408163 0.00011394135818098952
all 0.0 0.17346938775510204 0.0
another 0.0 0.030612244897959183 0.0
student 0.0 0.025510204081632654 0.0
bet 0.0 0.00510204081632653 0.0
use 0.0 0.02040816326530612 0.0
flashback 0.0 0.0 0.0
age 0.0 0.025510204081632654 0.0
de 0.0 0.025510204081632654 0.0
near 0.0 0.015306122448979591 0.0
date 0.0 0.0 0.0
will 0.0 0.1989795918367347 0.0
nc 0.0 0.00510204081632653 0.0
behind 0.0 0.05612244897959184 0.0
daughter 0.0 0.05102040816326531 0.0
it 0.0 0.2193877551020408 0.0
school 0.0 0.05102040816326531 0.0
with 0.000413564929693962 0.4387755102040816 0.00018146216302898332
abuse 0.0 0.01020408163265306 0.0
murphy 0.0 0.00510204081632653 0.0
cinema 0.0 0.00510204081632653 0.0
electra 0.0 0.00510204081632653 0.0
threesome 0.0 0.00510204081632653 0.0
blonde 0.0 0.00510204081632653 0.0
danish 0.0 0.00510204081632653 0.0
omi 0.0 0.00510204081632653 0.0
add 0.0 0.00510204081632653 0.0
excitement 0.0 0.00510204081632653 0.0
unplanned 0.0 0.00510204081632653 0.0
pregnancy 0.0 0.01020408163265306 0.0
horrible 0.0 0.00510204081632653 0.0
note 0.0 0.00510204081632653 0.0
morning 0.0 0.01020408163265306 0.0
nora 0.0 0.00510204081632653 0.0
month 0.0 0.01020408163265306 0.0
suicidal 0.0 0.00510204081632653 0.0
tendency 0.0 0.0 0.0
past 0.0 0.04591836734693878 0.0
fragment 0.0 0.0 0.0
nonlinear 0.0 0.00510204081632653 0.0
quick 0.0 0.00510204081632653 0.0
hookup 0.0 0.00510204081632653 0.0
fill 0.0 0.0 0.0
rough 0.0 0.00510204081632653 0.0
tender 0.0 0.00510204081632653 0.0
moment 0.0 0.00510204081632653 0.0
not 0.0 0.14795918367346939 0.0
ex 0.0 0.00510204081632653 0.0
relation 0.0 0.0 0.0
line 0.0 0.01020408163265306 0.0
heir 0.0 0.00510204081632653 0.0
we 0.0 0.01020408163265306 0.0
america 0.0 0.02040816326530612 0.0
from 0.0 0.3520408163265306 0.0
o 0.0 0.00510204081632653 0.0
I 0.0 0.0 0.0
if 0.0 0.03571428571428571 0.0
mom 0.0 0.01020408163265306 0.0
moth 0.0 0.00510204081632653 0.0
at 0.0 0.23469387755102042 0.0
so 0.0 0.030612244897959183 0.0
ann 0.0 0.00510204081632653 0.0
las 0.0 0.00510204081632653 0.0
ring 0.0 0.00510204081632653 0.0
en 0.0 0.00510204081632653 0.0
or 0.0 0.09183673469387756 0.0
pa 0.0 0.00510204081632653 0.0
to 0.0012406947890818859 0.7806122448979592 0.000968501544538411
whom 0.0 0.02040816326530612 0.0
sk 0.0 0.00510204081632653 0.0
how 0.0 0.09183673469387756 0.0
who 0.000827129859387924 0.39285714285714285 0.00032494387333097016
