live 0.00015762925598991173 0.05612244897959184 8.846539876984841e-06
life 0.00015762925598991173 0.20408163265306123 3.216923591630852e-05
but 0.0006305170239596469 0.3112244897959184 0.00019623233908948196
brother 0.0004728877679697352 0.04081632653061224 1.930154154978511e-05
he 0.0015762925598991175 0.34183673469387754 0.0005388347015981677
the 0.0007881462799495585 0.9540816326530612 0.0007519558895437115
go 0.00015762925598991173 0.09183673469387756 1.4476156162338833e-05
known 0.00031525851197982345 0.05612244897959184 1.7693079753969682e-05
know 0.00031525851197982345 0.07142857142857142 2.251846514141596e-05
decide 0.0004728877679697352 0.03571428571428571 1.688884885606197e-05
relationship 0.00015762925598991173 0.05612244897959184 8.846539876984841e-06
gang 0.00031525851197982345 0.02040816326530612 6.4338471832617026e-06
ask 0.00031525851197982345 0.00510204081632653 1.6084617958154256e-06
take 0.00031525851197982345 0.09183673469387756 2.8952312324677666e-05
sin 0.00015762925598991173 0.01020408163265306 1.6084617958154256e-06
a 0.0007881462799495587 0.8826530612244898 0.0006956597266901717
boy 0.0 0.030612244897959183 0.0
power 0.0 0.05102040816326531 0.0
they 0.0004728877679697352 0.28061224489795916 0.0001326980981547726
force 0.0 0.025510204081632654 0.0
end 0.0 0.04591836734693878 0.0
in 0.00031525851197982345 0.7346938775510204 0.00023161849859742133
man 0.0 0.12755102040816327 0.0
no 0.0 0.07142857142857142 0.0
turn 0.0 0.025510204081632654 0.0
time 0.0 0.14795918367346939 0.0
as 0.00015762925598991173 0.3469387755102041 5.468770105772447e-05
when 0.0 0.27040816326530615 0.0
pow 0.0 0.00510204081632653 0.0
help 0.0 0.10204081632653061 0.0
al 0.0 0.00510204081632653 0.0
actress 0.0 0.025510204081632654 0.0
want 0.0 0.01020408163265306 0.0
agree 0.0 0.015306122448979591 0.0
she 0.0 0.19387755102040816 0.0
year 0.0 0.01020408163265306 0.0
ship 0.0 0.02040816326530612 0.0
final 0.0 0.02040816326530612 0.0
finally 0.0 0.03571428571428571 0.0
friend 0.0 0.0663265306122449 0.0
soon 0.0 0.04081632653061224 0.0
elope 0.0 0.0 0.0
come 0.0 0.025510204081632654 0.0
site 0.0 0.00510204081632653 0.0
on 0.0 0.3520408163265306 0.0
full 0.0 0.025510204081632654 0.0
would 0.0 0.030612244897959183 0.0
old 0.0 0.05612244897959184 0.0
i 0.0 0.00510204081632653 0.0
dev 0.0 0.00510204081632653 0.0
back 0.0 0.08673469387755102 0.0
fully 0.0 0.00510204081632653 0.0
girl 0.0 0.08673469387755102 0.0
for 0.0004728877679697352 0.3877551020408163 0.00018336464472295852
woman 0.0 0.07142857142857142 0.0
and 0.0011034047919293822 0.8571428571428571 0.0009457755359394704
little 0.0 0.04591836734693878 0.0
be 0.0004728877679697352 0.1377551020408163 6.514270273052474e-05
all 0.0 0.17346938775510204 0.0
act 0.0 0.00510204081632653 0.0
boyfriend 0.0 0.03571428571428571 0.0
forcefully 0.0 0.015306122448979591 0.0
return 0.0 0.030612244897959183 0.0
develop 0.0 0.0 0.0
fellow 0.0 0.025510204081632654 0.0
bet 0.0 0.00510204081632653 0.0
unit 0.0 0.00510204081632653 0.0
ss 0.0 0.00510204081632653 0.0
de 0.0 0.025510204081632654 0.0
powerful 0.0 0.03571428571428571 0.0
mafia 0.0 0.02040816326530612 0.0
will 0.00015762925598991173 0.1989795918367347 3.1365005018400804e-05
don 0.0 0.015306122448979591 0.0
nc 0.0 0.00510204081632653 0.0
ale 0.0 0.00510204081632653 0.0
it 0.0 0.2193877551020408 0.0
pt 0.0 0.00510204081632653 0.0
fall 0.0 0.01020408163265306 0.0
with 0.00031525851197982345 0.4387755102040816 0.00013832771444012663
omi 0.0 0.00510204081632653 0.0
tender 0.0 0.00510204081632653 0.0
not 0.00015762925598991173 0.14795918367346939 2.3322696039323673e-05
ex 0.0 0.00510204081632653 0.0
relation 0.0 0.0 0.0
gain 0.0 0.00510204081632653 0.0
heir 0.0 0.00510204081632653 0.0
ia 0.0 0.00510204081632653 0.0
we 0.0 0.01020408163265306 0.0
support 0.0 0.01020408163265306 0.0
enter 0.0 0.02040816326530612 0.0
business 0.0 0.025510204081632654 0.0
sell 0.0 0.0 0.0
brothel 0.0 0.00510204081632653 0.0
rashmibai 0.0 0.00510204081632653 0.0
flesh 0.0 0.015306122448979591 0.0
gangubai 0.0 0.00510204081632653 0.0
kathiawadi 0.0 0.00510204081632653 0.0
aka 0.0 0.00510204081632653 0.0
ganga 0.0 0.00510204081632653 0.0
bombay 0.0 0.01020408163265306 0.0
ramnik 0.0 0.00510204081632653 0.0
shelia 0.0 0.00510204081632653 0.0
option 0.0 0.00510204081632653 0.0
hence 0.0 0.00510204081632653 0.0
prostitute 0.0 0.00510204081632653 0.0
respect 0.0 0.00510204081632653 0.0
main 0.0 0.02040816326530612 0.0
sheila 0.0 0.00510204081632653 0.0
bond 0.0 0.0 0.0
rahim 0.0 0.01020408163265306 0.0
lala 0.0 0.00510204081632653 0.0
brotherly 0.0 0.00510204081632653 0.0
queen 0.0 0.00510204081632653 0.0
better 0.0 0.01020408163265306 0.0
politics 0.0 0.01020408163265306 0.0
contender 0.0 0.00510204081632653 0.0
raziabai 0.0 0.00510204081632653 0.0
opposite 0.0 0.00510204081632653 0.0
from 0.0 0.3520408163265306 0.0
o 0.0 0.00510204081632653 0.0
kat 0.0 0.00510204081632653 0.0
I 0.0 0.0 0.0
community 0.0 0.01020408163265306 0.0
j 0.0 0.00510204081632653 0.0
tim 0.0 0.00510204081632653 0.0
roth 0.0 0.00510204081632653 0.0
jack 0.0 0.015306122448979591 0.0
contend 0.0 0.00510204081632653 0.0
ram 0.0 0.00510204081632653 0.0
now 0.00015762925598991173 0.07653061224489796 1.2063463468615694e-05
at 0.0 0.23469387755102042 0.0
so 0.0 0.030612244897959183 0.0
trade 0.0 0.00510204081632653 0.0
en 0.0 0.00510204081632653 0.0
alex 0.0 0.01020408163265306 0.0
or 0.0 0.09183673469387756 0.0
bay 0.0 0.00510204081632653 0.0
to 0.0022068095838587644 0.7806122448979592 0.0017226625833183212
low 0.0 0.00510204081632653 0.0
sk 0.0 0.00510204081632653 0.0
who 0.00015762925598991173 0.39285714285714285 6.192577913889389e-05
