he 0.0 0.34183673469387754 0.0
the 0.0021607605877268796 0.9540816326530612 0.0020615419893108495
go 0.000432152117545376 0.09183673469387756 3.968743936641208e-05
become 0.0 0.05612244897959184 0.0
lead 0.0 0.02040816326530612 0.0
a 0.0021607605877268796 0.8826530612244898 0.0019072019473303581
story 0.000864304235090752 0.12755102040816327 0.00011024288712892245
power 0.0 0.05102040816326531 0.0
light 0.0 0.02040816326530612 0.0
ago 0.0 0.025510204081632654 0.0
in 0.000864304235090752 0.7346938775510204 0.0006349990298625933
movie 0.0 0.030612244897959183 0.0
no 0.0 0.07142857142857142 0.0
as 0.0 0.3469387755102041 0.0
pow 0.0 0.00510204081632653 0.0
al 0.0 0.00510204081632653 0.0
say 0.0 0.0 0.0
she 0.001728608470181504 0.19387755102040816 0.0003351383768719242
name 0.0 0.025510204081632654 0.0
after 0.0 0.1989795918367347 0.0
son 0.0 0.08163265306122448 0.0
village 0.0 0.025510204081632654 0.0
follow 0.000432152117545376 0.015306122448979591 6.614573227735346e-06
come 0.0 0.025510204081632654 0.0
hero 0.0 0.025510204081632654 0.0
on 0.0 0.3520408163265306 0.0
i 0.0 0.00510204081632653 0.0
clash 0.0 0.015306122448979591 0.0
and 0.0012964563526361278 0.8571428571428571 0.0011112483022595382
be 0.000864304235090752 0.1377551020408163 0.00011906231809923623
bet 0.0 0.00510204081632653 0.0
age 0.0 0.025510204081632654 0.0
nc 0.0 0.00510204081632653 0.0
super 0.0 0.00510204081632653 0.0
strength 0.0 0.015306122448979591 0.0
explore 0.0 0.015306122448979591 0.0
it 0.0 0.2193877551020408 0.0
villain 0.0 0.00510204081632653 0.0
such 0.0 0.025510204081632654 0.0
ex 0.0 0.00510204081632653 0.0
we 0.0 0.01020408163265306 0.0
main 0.0 0.02040816326530612 0.0
from 0.0 0.3520408163265306 0.0
sun 0.0 0.00510204081632653 0.0
o 0.0 0.00510204081632653 0.0
hit 0.0 0.015306122448979591 0.0
I 0.0 0.0 0.0
murali 0.0 0.01020408163265306 0.0
j 0.0 0.00510204081632653 0.0
ram 0.0 0.00510204081632653 0.0
by 0.0 0.33163265306122447 0.0
superhero 0.0 0.00510204081632653 0.0
so 0.0 0.030612244897959183 0.0
las 0.0 0.00510204081632653 0.0
ring 0.0 0.00510204081632653 0.0
en 0.0 0.00510204081632653 0.0
or 0.0 0.09183673469387756 0.0
to 0.0012964563526361278 0.7806122448979592 0.001012029703843508
ural 0.0 0.00510204081632653 0.0
low 0.0 0.00510204081632653 0.0
jaison 0.0 0.00510204081632653 0.0
tovino 0.0 0.00510204081632653 0.0
thoma 0.0 0.0 0.0
tailor 0.0 0.00510204081632653 0.0
kurukkanmoola 0.0 0.00510204081632653 0.0
obtain 0.0 0.0 0.0
superpower 0.0 0.0 0.0
enhance 0.0 0.0 0.0
speed 0.0 0.00510204081632653 0.0
agility 0.0 0.00510204081632653 0.0
reflex 0.0 0.0 0.0
bolt 0.0 0.00510204081632653 0.0
lightning 0.0 0.00510204081632653 0.0
minnal 0.0 0.00510204081632653 0.0
antagonist 0.0 0.00510204081632653 0.0
selvan 0.0 0.00510204081632653 0.0
guru 0.0 0.00510204081632653 0.0
somasundaram 0.0 0.00510204081632653 0.0
vellidi 0.0 0.00510204081632653 0.0
venkitus 0.0 0.0 0.0
pranav 0.0 0.00510204081632653 0.0
how 0.0 0.09183673469387756 0.0
