king 0.0 0.030612244897959183 0.0
but 0.001201923076923077 0.3112244897959184 0.00037406789638932497
let 0.0 0.02040816326530612 0.0
father 0.0 0.11734693877551021 0.0
he 0.0 0.34183673469387754 0.0
the 0.001201923076923077 0.9540816326530612 0.0011467327315541603
become 0.0 0.05612244897959184 0.0
decide 0.0 0.03571428571428571 0.0
sin 0.0 0.01020408163265306 0.0
lead 0.0 0.02040816326530612 0.0
a 0.006009615384615385 0.8826530612244898 0.005304405416012559
they 0.0 0.28061224489795916 0.0
force 0.0 0.025510204081632654 0.0
in 0.0 0.7346938775510204 0.0
no 0.0 0.07142857142857142 0.0
french 0.0 0.03571428571428571 0.0
palace 0.0 0.015306122448979591 0.0
as 0.0 0.3469387755102041 0.0
move 0.0 0.025510204081632654 0.0
al 0.0 0.00510204081632653 0.0
mission 0.0 0.07142857142857142 0.0
former 0.0 0.03571428571428571 0.0
new 0.0 0.1377551020408163 0.0
she 0.0 0.19387755102040816 0.0
wake 0.0 0.00510204081632653 0.0
paris 0.0 0.04591836734693878 0.0
place 0.0 0.05612244897959184 0.0
come 0.0 0.025510204081632654 0.0
court 0.0 0.015306122448979591 0.0
young 0.0 0.15816326530612246 0.0
hunt 0.0 0.0 0.0
on 0.0 0.3520408163265306 0.0
begin 0.0 0.025510204081632654 0.0
intrigue 0.0 0.00510204081632653 0.0
dangerous 0.0 0.04591836734693878 0.0
i 0.0 0.00510204081632653 0.0
for 0.0 0.3877551020408163 0.0
and 0.001201923076923077 0.8571428571428571 0.0010302197802197802
be 0.0 0.1377551020408163 0.0
nobility 0.0 0.01020408163265306 0.0
ss 0.0 0.00510204081632653 0.0
fronde 0.0 0.00510204081632653 0.0
defy 0.0 0.00510204081632653 0.0
disobey 0.0 0.00510204081632653 0.0
monarchy 0.0 0.00510204081632653 0.0
loui 0.0 0.0 0.0
xiv 0.0 0.00510204081632653 0.0
château 0.0 0.00510204081632653 0.0
de 0.0 0.025510204081632654 0.0
near 0.0 0.015306122448979591 0.0
hunting 0.0 0.015306122448979591 0.0
lodge 0.0 0.01020408163265306 0.0
hamlet 0.0 0.00510204081632653 0.0
versaille 0.0 0.0 0.0
mean 0.0 0.0 0.0
submission 0.0 0.00510204081632653 0.0
renovate 0.0 0.0 0.0
expand 0.0 0.0 0.0
usual 0.0 0.00510204081632653 0.0
surroundings 0.0 0.00510204081632653 0.0
compel 0.0 0.0 0.0
surround 0.0 0.00510204081632653 0.0
embroil 0.0 0.0 0.0
increasingly 0.0 0.01020408163265306 0.0
form 0.0 0.01020408163265306 0.0
nc 0.0 0.00510204081632653 0.0
danger 0.0 0.01020408163265306 0.0
it 0.001201923076923077 0.2193877551020408 0.00026368720565149136
ex 0.0 0.00510204081632653 0.0
heir 0.0 0.00510204081632653 0.0
we 0.0 0.01020408163265306 0.0
main 0.0 0.02040816326530612 0.0
oil 0.0 0.00510204081632653 0.0
from 0.0 0.3520408163265306 0.0
o 0.0 0.00510204081632653 0.0
I 0.0 0.0 0.0
lou 0.0 0.00510204081632653 0.0
increase 0.0 0.0 0.0
at 0.0 0.23469387755102042 0.0
so 0.0 0.030612244897959183 0.0
en 0.0 0.00510204081632653 0.0
or 0.0 0.09183673469387756 0.0
pa 0.0 0.00510204081632653 0.0
to 0.0 0.7806122448979592 0.0
