labor 0.0 0.01020408163265306 0.0
dream 0.0 0.015306122448979591 0.0
life 0.0 0.20408163265306123 0.0
but 0.00038850038850038855 0.3112244897959184 0.0001209108351965495
he 0.0011655011655011655 0.34183673469387754 0.00039841111269682696
the 0.0011655011655011655 0.9540816326530612 0.0011119832548403977
go 0.0 0.09183673469387756 0.0
worth 0.0 0.01020408163265306 0.0
eye 0.0 0.02040816326530612 0.0
known 0.0 0.05612244897959184 0.0
know 0.0 0.07142857142857142 0.0
deserve 0.0 0.01020408163265306 0.0
a 0.002331002331002331 0.8826530612244898 0.002057466343180629
love 0.0 0.09183673469387756 0.0
ever 0.0 0.05102040816326531 0.0
in 0.00038850038850038855 0.7346938775510204 0.00028542885685742833
try 0.0 0.01020408163265306 0.0
man 0.0 0.12755102040816327 0.0
no 0.0 0.07142857142857142 0.0
one 0.0 0.18877551020408162 0.0
able 0.0 0.030612244897959183 0.0
mysterious 0.0 0.08673469387755102 0.0
time 0.00038850038850038855 0.14795918367346939 5.74822003393432e-05
as 0.0 0.3469387755102041 0.0
era 0.0 0.01020408163265306 0.0
move 0.0 0.025510204081632654 0.0
city 0.0 0.09183673469387756 0.0
survivor 0.0 0.015306122448979591 0.0
al 0.0 0.00510204081632653 0.0
dr 0.0 0.00510204081632653 0.0
director 0.0 0.015306122448979591 0.0
film 0.0 0.061224489795918366 0.0
actress 0.0 0.025510204081632654 0.0
apartment 0.0 0.02040816326530612 0.0
she 0.0 0.19387755102040816 0.0
alter 0.0 0.01020408163265306 0.0
amnesiac 0.0 0.01020408163265306 0.0
after 0.0 0.1989795918367347 0.0
still 0.0 0.02040816326530612 0.0
stage 0.0 0.025510204081632654 0.0
however 0.0 0.04081632653061224 0.0
rigana 0.0 0.0 0.0
secret 0.0 0.061224489795918366 0.0
evil 0.0 0.03571428571428571 0.0
industry 0.0 0.015306122448979591 0.0
plan 0.00038850038850038855 0.02040816326530612 7.928579357150786e-06
set 0.0 0.05102040816326531 0.0
young 0.00038850038850038855 0.15816326530612246 6.14464900179186e-05
strange 0.0 0.03571428571428571 0.0
even 0.0 0.07142857142857142 0.0
part 0.0 0.04081632653061224 0.0
on 0.0 0.3520408163265306 0.0
face 0.0 0.025510204081632654 0.0
encounter 0.0 0.02040816326530612 0.0
art 0.0 0.00510204081632653 0.0
what 0.00038850038850038855 0.1377551020408163 5.3517910660767806e-05
dangerous 0.0 0.04591836734693878 0.0
land 0.0 0.030612244897959183 0.0
rus 0.0 0.00510204081632653 0.0
i 0.0 0.00510204081632653 0.0
hope 0.0 0.030612244897959183 0.0
dev 0.0 0.00510204081632653 0.0
win 0.0 0.015306122448979591 0.0
half 0.0 0.01020408163265306 0.0
run 0.0 0.015306122448979591 0.0
experience 0.0 0.02040816326530612 0.0
for 0.0011655011655011655 0.3877551020408163 0.0004519290233575948
shed 0.0 0.00510204081632653 0.0
woman 0.00038850038850038855 0.07142857142857142 2.7750027750027753e-05
and 0.0007770007770007771 0.8571428571428571 0.0006660006660006661
be 0.0019425019425019425 0.1377551020408163 0.000267589553303839
till 0.0 0.00510204081632653 0.0
memory 0.0 0.01020408163265306 0.0
key 0.0 0.015306122448979591 0.0
all 0.00038850038850038855 0.17346938775510204 6.73929245357817e-05
act 0.0 0.00510204081632653 0.0
promise 0.0 0.0 0.0
eager 0.0 0.01020408163265306 0.0
bet 0.0 0.00510204081632653 0.0
aunt 0.0 0.01020408163265306 0.0
ugly 0.0 0.01020408163265306 0.0
age 0.0 0.025510204081632654 0.0
ss 0.0 0.00510204081632653 0.0
lie 0.0 0.00510204081632653 0.0
false 0.0 0.01020408163265306 0.0
de 0.0 0.025510204081632654 0.0
will 0.00038850038850038855 0.1989795918367347 7.730364873222017e-05
nc 0.0 0.00510204081632653 0.0
danger 0.0 0.01020408163265306 0.0
stranger 0.0 0.015306122448979591 0.0
rio 0.0 0.025510204081632654 0.0
it 0.0 0.2193877551020408 0.0
unexpected 0.0 0.025510204081632654 0.0
pt 0.0 0.00510204081632653 0.0
truth 0.0 0.04081632653061224 0.0
with 0.00038850038850038855 0.4387755102040816 0.00017046445617874192
omi 0.0 0.00510204081632653 0.0
past 0.0 0.04591836734693878 0.0
ex 0.0 0.00510204081632653 0.0
cub 0.0 0.00510204081632653 0.0
blue 0.0 0.00510204081632653 0.0
prove 0.0 0.01020408163265306 0.0
ia 0.0 0.00510204081632653 0.0
hal 0.0 0.00510204081632653 0.0
we 0.0 0.01020408163265306 0.0
expect 0.0 0.0 0.0
sun 0.0 0.00510204081632653 0.0
o 0.0 0.00510204081632653 0.0
I 0.0 0.0 0.0
if 0.0 0.03571428571428571 0.0
answer 0.0 0.00510204081632653 0.0
unknown 0.00038850038850038855 0.02040816326530612 7.928579357150786e-06
serve 0.0 0.00510204081632653 0.0
holland 0.0 0.00510204081632653 0.0
decipher 0.0 0.00510204081632653 0.0
apart 0.0 0.01020408163265306 0.0
tim 0.0 0.00510204081632653 0.0
fate 0.0 0.015306122448979591 0.0
direct 0.0 0.00510204081632653 0.0
ranger 0.0 0.00510204081632653 0.0
drive 0.0 0.015306122448979591 0.0
by 0.0 0.33163265306122447 0.0
unbeknownst 0.0 0.01020408163265306 0.0
now 0.00038850038850038855 0.07653061224489796 2.973217258931545e-05
at 0.00038850038850038855 0.23469387755102042 9.117866260723406e-05
car 0.0 0.00510204081632653 0.0
dire 0.0 0.00510204081632653 0.0
fly 0.0 0.00510204081632653 0.0
ring 0.0 0.00510204081632653 0.0
pen 0.0 0.00510204081632653 0.0
en 0.0 0.00510204081632653 0.0
untarnished 0.0 0.00510204081632653 0.0
rapacious 0.0 0.00510204081632653 0.0
betty 0.0 0.00510204081632653 0.0
foot 0.0 0.00510204081632653 0.0
bustling 0.0 0.00510204081632653 0.0
hollywood 0.0 0.00510204081632653 0.0
brim 0.0 0.0 0.0
spread 0.0 0.01020408163265306 0.0
wing 0.0 0.0 0.0
ruth 0.0 0.00510204081632653 0.0
expensive 0.0 0.00510204081632653 0.0
store 0.0 0.00510204081632653 0.0
setting 0.0 0.00510204081632653 0.0
indecipherable 0.0 0.00510204081632653 0.0
centre 0.0 0.00510204081632653 0.0
elaborate 0.0 0.00510204081632653 0.0
labyrinth 0.0 0.00510204081632653 0.0
fade 0.0 0.0 0.0
unrequited 0.0 0.00510204081632653 0.0
keyhole 0.0 0.00510204081632653 0.0
cube 0.0 0.00510204081632653 0.0
adam 0.0 0.00510204081632653 0.0
cryptic 0.0 0.00510204081632653 0.0
brunette 0.0 0.00510204081632653 0.0
devilishly 0.0 0.00510204081632653 0.0
seductive 0.0 0.00510204081632653 0.0
rita 0.0 0.00510204081632653 0.0
opaque 0.0 0.00510204081632653 0.0
demand 0.0 0.0 0.0
serpentine 0.0 0.00510204081632653 0.0
mulholland 0.0 0.00510204081632653 0.0
that 0.00038850038850038855 0.40816326530612246 0.00015857158714301575
or 0.00038850038850038855 0.09183673469387756 3.567860710717854e-05
pa 0.0 0.00510204081632653 0.0
quite 0.0 0.01020408163265306 0.0
crash 0.0 0.01020408163265306 0.0
to 0.0007770007770007771 0.7806122448979592 0.0006065363208220352
how 0.0 0.09183673469387756 0.0
