labor 0.0 0.01020408163265306 0.0
but 0.0 0.3112244897959184 0.0
father 0.0 0.11734693877551021 0.0
he 0.0 0.34183673469387754 0.0
the 0.004006410256410257 0.9540816326530612 0.0038224424385138677
go 0.0 0.09183673469387756 0.0
team 0.0 0.04081632653061224 0.0
decide 0.0 0.03571428571428571 0.0
call 0.0 0.01020408163265306 0.0
lead 0.0 0.02040816326530612 0.0
a 0.0 0.8826530612244898 0.0
love 0.0 0.09183673469387756 0.0
human 0.0 0.05612244897959184 0.0
century 0.0 0.03571428571428571 0.0
ever 0.0 0.05102040816326531 0.0
in 0.0016025641025641025 0.7346938775510204 0.0011773940345368918
man 0.0 0.12755102040816327 0.0
one 0.0 0.18877551020408162 0.0
as 0.0 0.3469387755102041 0.0
escape 0.0 0.04591836734693878 0.0
help 0.0 0.10204081632653061 0.0
police 0.0 0.08163265306122448 0.0
al 0.0 0.00510204081632653 0.0
dr 0.0 0.00510204081632653 0.0
mission 0.0 0.07142857142857142 0.0
kill 0.0 0.030612244897959183 0.0
former 0.0 0.03571428571428571 0.0
she 0.0 0.19387755102040816 0.0
year 0.0 0.01020408163265306 0.0
laboratory 0.0 0.01020408163265306 0.0
scientist 0.0 0.01020408163265306 0.0
tell 0.0 0.015306122448979591 0.0
mercenary 0.0 0.015306122448979591 0.0
however 0.0 0.04081632653061224 0.0
every 0.0 0.03571428571428571 0.0
bring 0.0 0.00510204081632653 0.0
evil 0.0 0.03571428571428571 0.0
upon 0.0 0.025510204081632654 0.0
while 0.0008012820512820513 0.12244897959183673 9.811616954474097e-05
protect 0.0 0.02040816326530612 0.0
thou 0.0 0.01020408163265306 0.0
come 0.0 0.025510204081632654 0.0
major 0.0 0.04081632653061224 0.0
water 0.0 0.015306122448979591 0.0
on 0.0008012820512820513 0.3520408163265306 0.0002820839874411303
meet 0.0 0.030612244897959183 0.0
art 0.0 0.00510204081632653 0.0
i 0.0 0.00510204081632653 0.0
hope 0.0 0.030612244897959183 0.0
third 0.0 0.00510204081632653 0.0
back 0.0 0.08673469387755102 0.0
driver 0.0 0.00510204081632653 0.0
for 0.0 0.3877551020408163 0.0
and 0.0 0.8571428571428571 0.0
cruel 0.0 0.01020408163265306 0.0
mankind 0.0 0.030612244897959183 0.0
be 0.0 0.1377551020408163 0.0
command 0.0 0.01020408163265306 0.0
five 0.0 0.030612244897959183 0.0
all 0.0 0.17346938775510204 0.0
air 0.0 0.01020408163265306 0.0
elite 0.0 0.01020408163265306 0.0
use 0.0 0.02040816326530612 0.0
void 0.0 0.00510204081632653 0.0
ss 0.0 0.00510204081632653 0.0
avoid 0.0 0.00510204081632653 0.0
de 0.0 0.025510204081632654 0.0
remain 0.0 0.0 0.0
rebuild 0.0 0.01020408163265306 0.0
form 0.0 0.01020408163265306 0.0
greed 0.0 0.015306122448979591 0.0
threaten 0.0 0.01020408163265306 0.0
carvalho 0.0 0.02040816326530612 0.0
rio 0.0 0.025510204081632654 0.0
janeiro 0.0 0.02040816326530612 0.0
brazil 0.0 0.02040816326530612 0.0
it 0.0 0.2193877551020408 0.0
pt 0.0 0.00510204081632653 0.0
fall 0.0 0.01020408163265306 0.0
with 0.0 0.4387755102040816 0.0
destroy 0.0 0.01020408163265306 0.0
meanwhile 0.0 0.030612244897959183 0.0
perfect 0.0 0.01020408163265306 0.0
stumble 0.0 0.0 0.0
must 0.0 0.07653061224489796 0.0
skilled 0.0 0.015306122448979591 0.0
protection 0.0 0.01020408163265306 0.0
lee 0.0 0.00510204081632653 0.0
space 0.0 0.02040816326530612 0.0
we 0.0 0.01020408163265306 0.0
main 0.0 0.02040816326530612 0.0
universe 0.0 0.015306122448979591 0.0
fifth 0.0 0.00510204081632653 0.0
element 0.0 0.00510204081632653 0.0
earth 0.0 0.05102040816326531 0.0
thousand 0.0 0.00510204081632653 0.0
four 0.0 0.02040816326530612 0.0
stone 0.0 0.01020408163265306 0.0
fire 0.0 0.00510204081632653 0.0
mondoshawan 0.0 0.00510204081632653 0.0
spacecraft 0.0 0.01020408163265306 0.0
mangalore 0.0 0.0 0.0
dna 0.0 0.00510204081632653 0.0
leeloo 0.0 0.00510204081632653 0.0
taxi 0.0 0.00510204081632653 0.0
commando 0.0 0.00510204081632653 0.0
korben 0.0 0.00510204081632653 0.0
dallas 0.0 0.00510204081632653 0.0
vito 0.0 0.00510204081632653 0.0
cornelius 0.0 0.00510204081632653 0.0
accomplish 0.0 0.00510204081632653 0.0
greedy 0.0 0.01020408163265306 0.0
emanuel 0.0 0.00510204081632653 0.0
zorg 0.0 0.00510204081632653 0.0
retrieve 0.0 0.01020408163265306 0.0
dalla 0.0 0.0 0.0
from 0.0 0.3520408163265306 0.0
threat 0.0 0.015306122448979591 0.0
o 0.0 0.00510204081632653 0.0
I 0.0 0.0 0.0
if 0.0 0.03571428571428571 0.0
build 0.0 0.01020408163265306 0.0
val 0.0 0.00510204081632653 0.0
j 0.0 0.00510204081632653 0.0
drive 0.0 0.015306122448979591 0.0
remains 0.0 0.015306122448979591 0.0
jane 0.0 0.00510204081632653 0.0
by 0.0008012820512820513 0.33163265306122447 0.00026573129251700677
at 0.0 0.23469387755102042 0.0
roy 0.0 0.00510204081632653 0.0
rue 0.0 0.00510204081632653 0.0
las 0.0 0.00510204081632653 0.0
car 0.0 0.00510204081632653 0.0
ring 0.0 0.00510204081632653 0.0
en 0.0 0.00510204081632653 0.0
eat 0.0 0.00510204081632653 0.0
that 0.0 0.40816326530612246 0.0
or 0.0016025641025641025 0.09183673469387756 0.00014717425431711148
pa 0.0 0.00510204081632653 0.0
to 0.0008012820512820513 0.7806122448979592 0.0006254905808477237
ski 0.0 0.00510204081632653 0.0
sk 0.0 0.00510204081632653 0.0
mus 0.0 0.00510204081632653 0.0
manu 0.0 0.00510204081632653 0.0
how 0.0 0.09183673469387756 0.0
who 0.0 0.39285714285714285 0.0
