but 0.0 0.3112244897959184 0.0
father 0.0 0.11734693877551021 0.0
he 0.001326259946949602 0.34183673469387754 0.0004533643696205272
red 0.0 0.01020408163265306 0.0
the 0.0 0.9540816326530612 0.0
go 0.001326259946949602 0.09183673469387756 0.00012179938288312672
eye 0.0 0.02040816326530612 0.0
mother 0.0 0.05612244897959184 0.0
sin 0.0 0.01020408163265306 0.0
a 0.003978779840848806 0.8826530612244898 0.0035118822064634874
sign 0.0 0.00510204081632653 0.0
century 0.0 0.03571428571428571 0.0
since 0.0 0.01020408163265306 0.0
govern 0.0 0.00510204081632653 0.0
in 0.0 0.7346938775510204 0.0
man 0.0 0.12755102040816327 0.0
no 0.0 0.07142857142857142 0.0
able 0.0 0.030612244897959183 0.0
as 0.0 0.3469387755102041 0.0
desire 0.0 0.02040816326530612 0.0
when 0.001326259946949602 0.27040816326530615 0.0003586315162669843
escape 0.0 0.04591836734693878 0.0
later 0.0 0.061224489795918366 0.0
rest 0.0 0.025510204081632654 0.0
al 0.0 0.00510204081632653 0.0
she 0.0 0.19387755102040816 0.0
year 0.0 0.01020408163265306 0.0
flee 0.0 0.015306122448979591 0.0
under 0.0 0.0663265306122449 0.0
late 0.0 0.02040816326530612 0.0
rigana 0.0 0.0 0.0
europe 0.0 0.025510204081632654 0.0
bring 0.0 0.00510204081632653 0.0
deep 0.0 0.015306122448979591 0.0
while 0.0 0.12244897959183673 0.0
can 0.0 0.08673469387755102 0.0
young 0.0 0.15816326530612246 0.0
put 0.0 0.03571428571428571 0.0
long 0.0 0.05612244897959184 0.0
on 0.0 0.3520408163265306 0.0
art 0.0 0.00510204081632653 0.0
old 0.0 0.05612244897959184 0.0
i 0.0 0.00510204081632653 0.0
dev 0.0 0.00510204081632653 0.0
body 0.0 0.02040816326530612 0.0
there 0.0 0.08163265306122448 0.0
for 0.0 0.3877551020408163 0.0
woman 0.0 0.07142857142857142 0.0
and 0.0 0.8571428571428571 0.0
enemy 0.0 0.025510204081632654 0.0
be 0.0 0.1377551020408163 0.0
ride 0.0 0.00510204081632653 0.0
bride 0.0 0.01020408163265306 0.0
use 0.0 0.02040816326530612 0.0
sister 0.0 0.015306122448979591 0.0
suddenly 0.0 0.030612244897959183 0.0
ss 0.0 0.00510204081632653 0.0
de 0.0 0.025510204081632654 0.0
here 0.0 0.01020408163265306 0.0
will 0.0 0.1989795918367347 0.0
nc 0.0 0.00510204081632653 0.0
it 0.0 0.2193877551020408 0.0
with 0.0 0.4387755102040816 0.0
abuse 0.0 0.01020408163265306 0.0
omi 0.0 0.00510204081632653 0.0
rough 0.0 0.00510204081632653 0.0
holy 0.0 0.01020408163265306 0.0
out 0.001326259946949602 0.18877551020408162 0.00025036539814864936
lee 0.0 0.00510204081632653 0.0
emerge 0.0 0.00510204081632653 0.0
ia 0.0 0.00510204081632653 0.0
we 0.0 0.01020408163265306 0.0
flesh 0.0 0.015306122448979591 0.0
earth 0.0 0.05102040816326531 0.0
test 0.0 0.00510204081632653 0.0
intense 0.0 0.01020408163265306 0.0
violent 0.0 0.015306122448979591 0.0
from 0.001326259946949602 0.3520408163265306 0.0004668976343853191
threat 0.001326259946949602 0.015306122448979591 2.0299897147187787e-05
o 0.0 0.00510204081632653 0.0
I 0.0 0.0 0.0
if 0.0 0.03571428571428571 0.0
forbidden 0.0 0.01020408163265306 0.0
deeply 0.0 0.015306122448979591 0.0
devout 0.0 0.015306122448979591 0.0
j 0.0 0.00510204081632653 0.0
tim 0.0 0.00510204081632653 0.0
obsession 0.0 0.00510204081632653 0.0
guilt 0.0 0.01020408163265306 0.0
cat 0.0 0.01020408163265306 0.0
moth 0.0 0.00510204081632653 0.0
now 0.0 0.07653061224489796 0.0
at 0.0 0.23469387755102042 0.0
intimacy 0.0 0.01020408163265306 0.0
session 0.0 0.0 0.0
god 0.0 0.01020408163265306 0.0
car 0.0 0.00510204081632653 0.0
en 0.0 0.00510204081632653 0.0
sinister 0.0 0.01020408163265306 0.0
eat 0.0 0.00510204081632653 0.0
tuscany 0.0 0.00510204081632653 0.0
italy 0.0 0.00510204081632653 0.0
plague 0.0 0.01020408163265306 0.0
loom 0.0 0.0 0.0
sincerely 0.0 0.00510204081632653 0.0
novice 0.0 0.00510204081632653 0.0
benedetta 0.0 0.00510204081632653 0.0
carlini 0.0 0.00510204081632653 0.0
theatine 0.0 0.00510204081632653 0.0
convent 0.0 0.00510204081632653 0.0
pescia 0.0 0.00510204081632653 0.0
jesus 0.0 0.00510204081632653 0.0
christ 0.0 0.00510204081632653 0.0
eighteen 0.0 0.00510204081632653 0.0
ominous 0.0 0.00510204081632653 0.0
whisper 0.0 0.0 0.0
disputable 0.0 0.00510204081632653 0.0
miracle 0.0 0.0 0.0
scandalise 0.0 0.00510204081632653 0.0
cloistered 0.0 0.00510204081632653 0.0
faith 0.0 0.00510204081632653 0.0
await 0.0 0.0 0.0
pious 0.0 0.00510204081632653 0.0
shape 0.0 0.00510204081632653 0.0
bruise 0.0 0.0 0.0
earthly 0.0 0.00510204081632653 0.0
bartolomea 0.0 0.00510204081632653 0.0
vigilant 0.0 0.00510204081632653 0.0
cynical 0.0 0.00510204081632653 0.0
abbess 0.0 0.00510204081632653 0.0
felicita 0.0 0.00510204081632653 0.0
fleeting 0.0 0.00510204081632653 0.0
glimpse 0.0 0.0 0.0
forbid 0.0 0.0 0.0
fruit 0.0 0.00510204081632653 0.0
invite 0.0 0.00510204081632653 0.0
tentative 0.0 0.00510204081632653 0.0
ungovernable 0.0 0.00510204081632653 0.0
diabolical 0.0 0.00510204081632653 0.0
manifest 0.0 0.00510204081632653 0.0
wrestle 0.0 0.00510204081632653 0.0
unscathed 0.0 0.00510204081632653 0.0
or 0.0 0.09183673469387756 0.0
to 0.002652519893899204 0.7806122448979592 0.0020705895090131544
tent 0.0 0.00510204081632653 0.0
mira 0.0 0.00510204081632653 0.0
