live 0.0 0.05612244897959184 0.0
but 0.0 0.3112244897959184 0.0
he 0.001183431952662722 0.34183673469387754 0.0004045405144306243
get 0.0 0.0663265306122449 0.0
red 0.0 0.01020408163265306 0.0
the 0.003550295857988166 0.9540816326530612 0.00338727206859075
go 0.0 0.09183673469387756 0.0
side 0.0 0.015306122448979591 0.0
change 0.0 0.02040816326530612 0.0
find 0.000591715976331361 0.08163265306122448 4.8303345006641706e-05
lead 0.0 0.02040816326530612 0.0
war 0.0 0.05612244897959184 0.0
a 0.001183431952662722 0.8826530612244898 0.001044559835768627
human 0.0 0.05612244897959184 0.0
power 0.0 0.05102040816326531 0.0
night 0.0 0.025510204081632654 0.0
in 0.000591715976331361 0.7346938775510204 0.0004347301050597754
man 0.0 0.12755102040816327 0.0
no 0.0 0.07142857142857142 0.0
able 0.0 0.030612244897959183 0.0
mysterious 0.0 0.08673469387755102 0.0
french 0.0 0.03571428571428571 0.0
turn 0.0 0.025510204081632654 0.0
as 0.000591715976331361 0.3469387755102041 0.00020528921627822728
when 0.0 0.27040816326530615 0.0
pow 0.0 0.00510204081632653 0.0
catch 0.0 0.0 0.0
help 0.0 0.10204081632653061 0.0
police 0.000591715976331361 0.08163265306122448 4.8303345006641706e-05
al 0.0 0.00510204081632653 0.0
dr 0.0 0.00510204081632653 0.0
new 0.0 0.1377551020408163 0.0
she 0.0 0.19387755102040816 0.0
inside 0.0 0.02040816326530612 0.0
carry 0.0 0.01020408163265306 0.0
under 0.0 0.0663265306122449 0.0
simple 0.0 0.025510204081632654 0.0
case 0.0 0.030612244897959183 0.0
drug 0.0 0.04081632653061224 0.0
pie 0.0 0.00510204081632653 0.0
on 0.000591715976331361 0.3520408163265306 0.0002083081753411424
begin 0.0 0.025510204081632654 0.0
receive 0.0 0.00510204081632653 0.0
full 0.0 0.025510204081632654 0.0
i 0.0 0.00510204081632653 0.0
warrior 0.0 0.015306122448979591 0.0
captain 0.000591715976331361 0.015306122448979591 9.05687718874532e-06
back 0.0 0.08673469387755102 0.0
body 0.0 0.02040816326530612 0.0
for 0.0 0.3877551020408163 0.0
and 0.0 0.8571428571428571 0.0
be 0.000591715976331361 0.1377551020408163 8.151189469870787e-05
media 0.0 0.025510204081632654 0.0
authority 0.0 0.00510204081632653 0.0
unlock 0.0 0.015306122448979591 0.0
all 0.0 0.17346938775510204 0.0
less 0.0 0.00510204081632653 0.0
ss 0.0 0.00510204081632653 0.0
de 0.0 0.025510204081632654 0.0
powerful 0.0 0.03571428571428571 0.0
here 0.0 0.01020408163265306 0.0
nc 0.0 0.00510204081632653 0.0
rio 0.0 0.025510204081632654 0.0
it 0.0 0.2193877551020408 0.0
pt 0.0 0.00510204081632653 0.0
suppose 0.0 0.0 0.0
job 0.0 0.04591836734693878 0.0
lucy 0.0 0.00510204081632653 0.0
deliver 0.0 0.00510204081632653 0.0
briefcase 0.0 0.00510204081632653 0.0
jang 0.0 0.00510204081632653 0.0
immediately 0.0 0.00510204081632653 0.0
nightmarish 0.0 0.01020408163265306 0.0
deal 0.0 0.015306122448979591 0.0
capture 0.0 0.00510204081632653 0.0
mule 0.0 0.00510204081632653 0.0
synthetic 0.0 0.00510204081632653 0.0
bag 0.0 0.00510204081632653 0.0
stomach 0.0 0.00510204081632653 0.0
leak 0.0 0.0 0.0
undergo 0.0 0.0 0.0
unimaginable 0.0 0.00510204081632653 0.0
mind 0.0 0.01020408163265306 0.0
potential 0.0 0.00510204081632653 0.0
with 0.000591715976331361 0.4387755102040816 0.0002596304794106992
merciless 0.0 0.00510204081632653 0.0
intent 0.0 0.00510204081632653 0.0
captor 0.0 0.0 0.0
invaluable 0.0 0.00510204081632653 0.0
professor 0.0 0.015306122448979591 0.0
norman 0.0 0.01020408163265306 0.0
pierre 0.000591715976331361 0.015306122448979591 9.05687718874532e-06
del 0.0 0.00510204081632653 0.0
ia 0.0 0.00510204081632653 0.0
we 0.0 0.01020408163265306 0.0
where 0.0 0.11224489795918367 0.0
from 0.000591715976331361 0.3520408163265306 0.0002083081753411424
o 0.0 0.00510204081632653 0.0
I 0.0 0.0 0.0
val 0.0 0.00510204081632653 0.0
tom 0.0 0.00510204081632653 0.0
j 0.0 0.00510204081632653 0.0
brie 0.0 0.00510204081632653 0.0
hang 0.0 0.00510204081632653 0.0
dea 0.0 0.00510204081632653 0.0
at 0.0 0.23469387755102042 0.0
so 0.0 0.030612244897959183 0.0
car 0.0 0.00510204081632653 0.0
en 0.0 0.00510204081632653 0.0
that 0.0 0.40816326530612246 0.0
or 0.0 0.09183673469387756 0.0
to 0.001183431952662722 0.7806122448979592 0.0009238014732520228
tent 0.0 0.00510204081632653 0.0
