child 0.0 0.04081632653061224 0.0
father 0.0 0.11734693877551021 0.0
he 0.0 0.34183673469387754 0.0
the 0.0037831021437578815 0.9540816326530612 0.0036093882698098154
go 0.0006305170239596469 0.09183673469387756 5.790462464935533e-05
mother 0.0 0.05612244897959184 0.0
reach 0.0 0.025510204081632654 0.0
ask 0.0 0.00510204081632653 0.0
two 0.0 0.12755102040816327 0.0
control 0.0 0.04591836734693878 0.0
a 0.0018915510718789407 0.8826530612244898 0.0016695833440564121
human 0.0 0.05612244897959184 0.0
they 0.0006305170239596469 0.28061224489795916 0.00017693079753969683
end 0.0 0.04591836734693878 0.0
in 0.0006305170239596469 0.7346938775510204 0.00046323699719484266
man 0.0 0.12755102040816327 0.0
mysterious 0.0 0.08673469387755102 0.0
this 0.0 0.17346938775510204 0.0
as 0.0006305170239596469 0.3469387755102041 0.0002187508042308979
people 0.0 0.11734693877551021 0.0
al 0.0 0.00510204081632653 0.0
dr 0.0 0.00510204081632653 0.0
she 0.0 0.19387755102040816 0.0
make 0.0 0.061224489795918366 0.0
after 0.0 0.1989795918367347 0.0
attempt 0.0 0.00510204081632653 0.0
send 0.0 0.0 0.0
deep 0.0 0.015306122448979591 0.0
belief 0.0 0.00510204081632653 0.0
difficult 0.0 0.02040816326530612 0.0
plan 0.0 0.02040816326530612 0.0
follow 0.0 0.015306122448979591 0.0
hero 0.0 0.025510204081632654 0.0
part 0.0 0.04081632653061224 0.0
order 0.0 0.04081632653061224 0.0
edge 0.0 0.01020408163265306 0.0
on 0.0 0.3520408163265306 0.0
art 0.0 0.00510204081632653 0.0
dangerous 0.0 0.04591836734693878 0.0
land 0.0 0.030612244897959183 0.0
i 0.0 0.00510204081632653 0.0
treacherous 0.0 0.01020408163265306 0.0
dev 0.0 0.00510204081632653 0.0
start 0.0 0.01020408163265306 0.0
raise 0.0 0.01020408163265306 0.0
and 0.0006305170239596469 0.8571428571428571 0.0005404431633939831
be 0.0 0.1377551020408163 0.0
act 0.0 0.00510204081632653 0.0
race 0.0 0.03571428571428571 0.0
plane 0.0 0.01020408163265306 0.0
less 0.0 0.00510204081632653 0.0
wolf 0.0 0.00510204081632653 0.0
ss 0.0 0.00510204081632653 0.0
lie 0.0 0.00510204081632653 0.0
de 0.0 0.025510204081632654 0.0
struggle 0.0 0.015306122448979591 0.0
will 0.0 0.1989795918367347 0.0
nc 0.0 0.00510204081632653 0.0
danger 0.0 0.01020408163265306 0.0
rio 0.0 0.025510204081632654 0.0
it 0.0 0.2193877551020408 0.0
pt 0.0 0.00510204081632653 0.0
with 0.0 0.4387755102040816 0.0
survive 0.0006305170239596469 0.02040816326530612 1.2867694366523405e-05
contact 0.0 0.015306122448979591 0.0
ex 0.0 0.00510204081632653 0.0
peace 0.0 0.015306122448979591 0.0
out 0.0012610340479192938 0.18877551020408162 0.000238052345780683
cut 0.0 0.01020408163265306 0.0
task 0.0 0.00510204081632653 0.0
heir 0.0 0.00510204081632653 0.0
star 0.0 0.00510204081632653 0.0
we 0.0 0.01020408163265306 0.0
earth 0.0 0.05102040816326531 0.0
from 0.0006305170239596469 0.3520408163265306 0.00022196772782252875
o 0.0 0.00510204081632653 0.0
hit 0.0 0.015306122448979591 0.0
lou 0.0 0.00510204081632653 0.0
if 0.0 0.03571428571428571 0.0
planet 0.0 0.01020408163265306 0.0
heist 0.0 0.00510204081632653 0.0
val 0.0 0.00510204081632653 0.0
tear 0.0 0.00510204081632653 0.0
apart 0.0 0.01020408163265306 0.0
religious 0.0 0.00510204081632653 0.0
difference 0.0 0.0 0.0
teeter 0.0 0.0 0.0
extinction 0.0 0.00510204081632653 0.0
atheistic 0.0 0.00510204081632653 0.0
android 0.0 0.00510204081632653 0.0
architect 0.0 0.01020408163265306 0.0
creation 0.0 0.0 0.0
peaceful 0.0 0.01020408163265306 0.0
godless 0.0 0.00510204081632653 0.0
colony 0.0 0.00510204081632653 0.0
executive 0.0 0.01020408163265306 0.0
producer 0.0 0.00510204081632653 0.0
ridley 0.0 0.00510204081632653 0.0
scott 0.0 0.01020408163265306 0.0
virgin 0.0 0.00510204081632653 0.0
jeopardized 0.0 0.00510204081632653 0.0
arrival 0.0 0.01020408163265306 0.0
mithraic 0.0 0.00510204081632653 0.0
deeply 0.0 0.015306122448979591 0.0
devout 0.0 0.015306122448979591 0.0
zealous 0.0 0.00510204081632653 0.0
fiercely 0.0 0.00510204081632653 0.0
j 0.0 0.00510204081632653 0.0
determine 0.0 0.00510204081632653 0.0
by 0.0 0.33163265306122447 0.0
moth 0.0 0.00510204081632653 0.0
at 0.0 0.23469387755102042 0.0
god 0.0 0.01020408163265306 0.0
fierce 0.0 0.00510204081632653 0.0
rai 0.0 0.00510204081632653 0.0
reacher 0.0 0.00510204081632653 0.0
en 0.0 0.00510204081632653 0.0
eat 0.0 0.00510204081632653 0.0
cult 0.0 0.00510204081632653 0.0
that 0.0012610340479192938 0.40816326530612246 0.0005147077746609363
or 0.0 0.09183673469387756 0.0
pa 0.0 0.00510204081632653 0.0
to 0.0006305170239596469 0.7806122448979592 0.0004921893095195203
low 0.0 0.00510204081632653 0.0
sk 0.0 0.00510204081632653 0.0
