he 0.0 0.34183673469387754 0.0
the 0.001955671447196871 0.9540816326530612 0.0018658702072745657
a 0.0032594524119947846 0.8826530612244898 0.0028769656493627437
love 0.0 0.09183673469387756 0.0
couple 0.0 0.03571428571428571 0.0
in 0.001303780964797914 0.7346938775510204 0.0009578798925045899
no 0.0 0.07142857142857142 0.0
journey 0.0 0.08163265306122448 0.0
dr 0.0 0.00510204081632653 0.0
mercenary 0.0 0.015306122448979591 0.0
trace 0.0 0.015306122448979591 0.0
set 0.0 0.05102040816326531 0.0
pulsate 0.0 0.0 0.0
backdrop 0.0 0.00510204081632653 0.0
rustic 0.0 0.00510204081632653 0.0
north 0.0 0.01020408163265306 0.0
india 0.0 0.04081632653061224 0.0
hostel 0.0 0.00510204081632653 0.0
volatile 0.0 0.00510204081632653 0.0
spirited 0.0 0.01020408163265306 0.0
young 0.0 0.15816326530612246 0.0
hunt 0.0 0.0 0.0
ruthless 0.0 0.025510204081632654 0.0
rus 0.0 0.00510204081632653 0.0
i 0.0 0.00510204081632653 0.0
back 0.0 0.08673469387755102 0.0
spirit 0.0 0.01020408163265306 0.0
be 0.0 0.1377551020408163 0.0
ace 0.0 0.0 0.0
race 0.0 0.03571428571428571 0.0
less 0.0 0.00510204081632653 0.0
ss 0.0 0.00510204081632653 0.0
it 0.0 0.2193877551020408 0.0
gain 0.0 0.00510204081632653 0.0
ia 0.0 0.00510204081632653 0.0
we 0.0 0.01020408163265306 0.0
o 0.0 0.00510204081632653 0.0
I 0.0 0.0 0.0
j 0.0 0.00510204081632653 0.0
by 0.0 0.33163265306122447 0.0
at 0.0 0.23469387755102042 0.0
en 0.0 0.00510204081632653 0.0
drop 0.0 0.00510204081632653 0.0
ruth 0.0 0.00510204081632653 0.0
or 0.0 0.09183673469387756 0.0
