father 0.0 0.11734693877551021 0.0
he 0.0 0.34183673469387754 0.0
red 0.0 0.01020408163265306 0.0
the 0.0021367521367521365 0.9540816326530612 0.002038635967207396
side 0.0 0.015306122448979591 0.0
call 0.0 0.01020408163265306 0.0
hike 0.0 0.01020408163265306 0.0
sin 0.0 0.01020408163265306 0.0
a 0.0015262515262515263 0.8826530612244898 0.0013471505818444594
power 0.0 0.05102040816326531 0.0
they 0.001221001221001221 0.28061224489795916 0.00034262789364830176
end 0.0 0.04591836734693878 0.0
ever 0.0 0.05102040816326531 0.0
night 0.00030525030525030525 0.025510204081632654 7.78699758291595e-06
in 0.0009157509157509158 0.7346938775510204 0.0006727965911639381
man 0.0 0.12755102040816327 0.0
quickly 0.00030525030525030525 0.02040816326530612 6.2295980663327594e-06
as 0.0 0.3469387755102041 0.0
house 0.0 0.061224489795918366 0.0
pow 0.0 0.00510204081632653 0.0
al 0.0 0.00510204081632653 0.0
dr 0.0 0.00510204081632653 0.0
kill 0.0 0.030612244897959183 0.0
she 0.0 0.19387755102040816 0.0
make 0.00030525030525030525 0.061224489795918366 1.8688794198998282e-05
every 0.0 0.03571428571428571 0.0
teenager 0.0 0.01020408163265306 0.0
family 0.0 0.22448979591836735 0.0
can 0.0 0.08673469387755102 0.0
teenage 0.0 0.025510204081632654 0.0
never 0.0 0.03571428571428571 0.0
station 0.0 0.025510204081632654 0.0
on 0.0 0.3520408163265306 0.0
meet 0.0 0.030612244897959183 0.0
what 0.0 0.1377551020408163 0.0
old 0.0 0.05612244897959184 0.0
i 0.0 0.00510204081632653 0.0
social 0.0 0.04081632653061224 0.0
home 0.0 0.07653061224489796 0.0
for 0.0006105006105006105 0.3877551020408163 0.0002367247265206449
and 0.001221001221001221 0.8571428571428571 0.0010465724751439036
be 0.0 0.1377551020408163 0.0
five 0.0 0.030612244897959183 0.0
all 0.0 0.17346938775510204 0.0
use 0.0 0.02040816326530612 0.0
pick 0.0 0.00510204081632653 0.0
age 0.0 0.025510204081632654 0.0
de 0.0 0.025510204081632654 0.0
here 0.0 0.01020408163265306 0.0
it 0.0006105006105006105 0.2193877551020408 0.00013393635842615434
app 0.0 0.00510204081632653 0.0
del 0.0 0.00510204081632653 0.0
past 0.0 0.04591836734693878 0.0
quick 0.0 0.00510204081632653 0.0
skill 0.0 0.0 0.0
out 0.0 0.18877551020408162 0.0
heir 0.0 0.00510204081632653 0.0
ia 0.0 0.00510204081632653 0.0
we 0.0 0.01020408163265306 0.0
more 0.0 0.08163265306122448 0.0
meat 0.0 0.01020408163265306 0.0
where 0.0 0.11224489795918367 0.0
michael 0.0 0.015306122448979591 0.0
o 0.0 0.00510204081632653 0.0
hit 0.0 0.015306122448979591 0.0
I 0.0 0.0 0.0
plunge 0.00030525030525030525 0.00510204081632653 1.5573995165831899e-06
fore 0.0 0.00510204081632653 0.0
road 0.0 0.00510204081632653 0.0
drive 0.0 0.015306122448979591 0.0
grandfather 0.0 0.01020408163265306 0.0
at 0.00030525030525030525 0.23469387755102042 7.164037776282674e-05
so 0.0 0.030612244897959183 0.0
ann 0.0 0.00510204081632653 0.0
en 0.0 0.00510204081632653 0.0
route 0.0 0.00510204081632653 0.0
visit 0.0 0.00510204081632653 0.0
grave 0.0 0.00510204081632653 0.0
apparently 0.0 0.00510204081632653 0.0
ritualistically 0.0 0.00510204081632653 0.0
desecrate 0.0 0.0 0.0
slaughterhouse 0.0 0.00510204081632653 0.0
drop 0.0 0.00510204081632653 0.0
sinister 0.0 0.01020408163265306 0.0
eat 0.0 0.00510204081632653 0.0
delicious 0.0 0.00510204081632653 0.0
roadside 0.0 0.00510204081632653 0.0
gas 0.0 0.00510204081632653 0.0
nightmare 0.0 0.00510204081632653 0.0
cannibal 0.0 0.0 0.0
tool 0.0 0.0 0.0
lack 0.0 0.01020408163265306 0.0
brooke 0.0 0.00510204081632653 0.0
or 0.0 0.09183673469387756 0.0
pa 0.0 0.00510204081632653 0.0
sl 0.0 0.00510204081632653 0.0
to 0.001221001221001221 0.7806122448979592 0.0009531285041489123
ski 0.0 0.00510204081632653 0.0
sk 0.0 0.00510204081632653 0.0
who 0.00030525030525030525 0.39285714285714285 0.00011991976277690563
