he 0.0 0.34183673469387754 0.0
the 0.003235082674335011 0.9540816326530612 0.003086532959697179
go 0.0 0.09183673469387756 0.0
call 0.0 0.01020408163265306 0.0
gang 0.0 0.02040816326530612 0.0
sin 0.0 0.01020408163265306 0.0
a 0.0017972681524083393 0.8826530612244898 0.0015863642365645037
force 0.0 0.025510204081632654 0.0
battle 0.0 0.061224489795918366 0.0
in 0.0 0.7346938775510204 0.0
man 0.0 0.12755102040816327 0.0
no 0.0 0.07142857142857142 0.0
one 0.0 0.18877551020408162 0.0
time 0.0 0.14795918367346939 0.0
officer 0.0 0.04591836734693878 0.0
city 0.0 0.09183673469387756 0.0
law 0.0 0.01020408163265306 0.0
cop 0.0 0.03571428571428571 0.0
police 0.0 0.08163265306122448 0.0
al 0.0 0.00510204081632653 0.0
indian 0.0 0.030612244897959183 0.0
india 0.0 0.04081632653061224 0.0
ruthless 0.0 0.025510204081632654 0.0
phone 0.0 0.01020408163265306 0.0
on 0.0 0.3520408163265306 0.0
begin 0.0 0.025510204081632654 0.0
gangster 0.0 0.02040816326530612 0.0
receive 0.0 0.00510204081632653 0.0
meet 0.0 0.030612244897959183 0.0
art 0.0 0.00510204081632653 0.0
i 0.0 0.00510204081632653 0.0
body 0.0 0.02040816326530612 0.0
for 0.0003594536304816678 0.3877551020408163 0.000139379979166361
and 0.0014378145219266713 0.8571428571428571 0.0012324124473657183
all 0.0003594536304816678 0.17346938775510204 6.23542012060036e-05
less 0.0 0.00510204081632653 0.0
bet 0.0 0.00510204081632653 0.0
ss 0.0 0.00510204081632653 0.0
mumbai 0.0 0.01020408163265306 0.0
threaten 0.0 0.01020408163265306 0.0
it 0.0003594536304816678 0.2193877551020408 7.885972505465161e-05
pt 0.0 0.00510204081632653 0.0
cinema 0.0 0.00510204081632653 0.0
entire 0.0 0.01020408163265306 0.0
stan 0.0 0.00510204081632653 0.0
ia 0.0 0.00510204081632653 0.0
we 0.0 0.01020408163265306 0.0
from 0.0 0.3520408163265306 0.0
threat 0.0 0.015306122448979591 0.0
singh 0.0 0.015306122448979591 0.0
o 0.0 0.00510204081632653 0.0
I 0.0 0.0 0.0
mid 0.0 0.00510204081632653 0.0
stand 0.0 0.02040816326530612 0.0
j 0.0 0.00510204081632653 0.0
corrupt 0.0 0.015306122448979591 0.0
tim 0.0 0.00510204081632653 0.0
office 0.0 0.01020408163265306 0.0
anonymous 0.0 0.01020408163265306 0.0
at 0.0003594536304816678 0.23469387755102042 8.436156633753428e-05
god 0.0 0.01020408163265306 0.0
so 0.0 0.030612244897959183 0.0
en 0.0 0.00510204081632653 0.0
eat 0.0 0.00510204081632653 0.0
ruth 0.0 0.00510204081632653 0.0
or 0.0 0.09183673469387756 0.0
sometimes 0.0 0.01020408163265306 0.0
to 0.0014378145219266713 0.7806122448979592 0.001122375621708065
low 0.0 0.00510204081632653 0.0
sartaj 0.0 0.00510204081632653 0.0
blow 0.0 0.00510204081632653 0.0
amid 0.0 0.00510204081632653 0.0
standard 0.0 0.0 0.0
enforcement 0.0 0.00510204081632653 0.0
perceive 0.0 0.0 0.0
theory 0.0 0.0 0.0
who 0.0 0.39285714285714285 0.0
