small 0.000651890482398957 0.07653061224489796 4.988957773461405e-05
life 0.0003259452411994785 0.20408163265306123 6.651943697948541e-05
king 0.0 0.030612244897959183 0.0
but 0.0 0.3112244897959184 0.0
he 0.000651890482398957 0.34183673469387754 0.0002228401138812761
red 0.0 0.01020408163265306 0.0
the 0.0016297262059973923 0.9540816326530612 0.0015548918393954712
go 0.0 0.09183673469387756 0.0
side 0.0 0.015306122448979591 0.0
find 0.0 0.08163265306122448 0.0
thing 0.0 0.00510204081632653 0.0
war 0.0 0.05612244897959184 0.0
a 0.001955671447196871 0.8826530612244898 0.0017261793896176465
force 0.0 0.025510204081632654 0.0
ever 0.0 0.05102040816326531 0.0
in 0.000651890482398957 0.7346938775510204 0.00047893994625229495
man 0.0 0.12755102040816327 0.0
no 0.0 0.07142857142857142 0.0
as 0.0 0.3469387755102041 0.0
city 0.0 0.09183673469387756 0.0
al 0.0 0.00510204081632653 0.0
she 0.0 0.19387755102040816 0.0
like 0.0 0.03571428571428571 0.0
still 0.0 0.02040816326530612 0.0
every 0.0 0.03571428571428571 0.0
europe 0.0 0.025510204081632654 0.0
east 0.0 0.015306122448979591 0.0
world 0.0 0.19387755102040816 0.0
report 0.0 0.0 0.0
town 0.0003259452411994785 0.05102040816326531 1.6629859244871353e-05
put 0.0 0.03571428571428571 0.0
long 0.0 0.05612244897959184 0.0
station 0.0 0.025510204081632654 0.0
even 0.0 0.07142857142857142 0.0
military 0.0 0.015306122448979591 0.0
corpse 0.0 0.0 0.0
on 0.000651890482398957 0.3520408163265306 0.00022949205757922465
meet 0.0 0.030612244897959183 0.0
art 0.0 0.00510204081632653 0.0
what 0.0 0.1377551020408163 0.0
eastern 0.0 0.01020408163265306 0.0
i 0.0 0.00510204081632653 0.0
start 0.0 0.01020408163265306 0.0
there 0.0 0.08163265306122448 0.0
wrong 0.0 0.015306122448979591 0.0
way 0.0 0.03571428571428571 0.0
for 0.0 0.3877551020408163 0.0
and 0.0009778357235984355 0.8571428571428571 0.0008381449059415161
mankind 0.0 0.030612244897959183 0.0
be 0.000651890482398957 0.1377551020408163 8.980123992230529e-05
till 0.0 0.00510204081632653 0.0
outpost 0.0 0.01020408163265306 0.0
all 0.0 0.17346938775510204 0.0
act 0.0 0.00510204081632653 0.0
bet 0.0 0.00510204081632653 0.0
last 0.0 0.04591836734693878 0.0
dead 0.0 0.015306122448979591 0.0
severe 0.0 0.00510204081632653 0.0
de 0.0 0.025510204081632654 0.0
here 0.0 0.01020408163265306 0.0
will 0.0 0.1989795918367347 0.0
danger 0.0 0.01020408163265306 0.0
it 0.0 0.2193877551020408 0.0
omi 0.0 0.00510204081632653 0.0
destroy 0.0 0.01020408163265306 0.0
survive 0.0 0.02040816326530612 0.0
contact 0.0 0.015306122448979591 0.0
out 0.0 0.18877551020408162 0.0
space 0.0 0.02040816326530612 0.0
star 0.0 0.00510204081632653 0.0
we 0.0 0.01020408163265306 0.0
area 0.0 0.025510204081632654 0.0
something 0.0 0.025510204081632654 0.0
earth 0.0 0.05102040816326531 0.0
where 0.0003259452411994785 0.11224489795918367 3.658569033871697e-05
from 0.0003259452411994785 0.3520408163265306 0.00011474602878961232
o 0.0 0.00510204081632653 0.0
hit 0.0 0.015306122448979591 0.0
I 0.0 0.0 0.0
if 0.0 0.03571428571428571 0.0
electric 0.0 0.00510204081632653 0.0
tom 0.0 0.00510204081632653 0.0
road 0.0 0.00510204081632653 0.0
dea 0.0 0.00510204081632653 0.0
most 0.0 0.07653061224489796 0.0
at 0.0 0.23469387755102042 0.0
roy 0.0 0.00510204081632653 0.0
may 0.0 0.015306122448979591 0.0
hospital 0.0 0.01020408163265306 0.0
everywhere 0.0 0.01020408163265306 0.0
so 0.0 0.030612244897959183 0.0
outside 0.0 0.02040816326530612 0.0
maybe 0.0 0.01020408163265306 0.0
shocking 0.0 0.015306122448979591 0.0
rai 0.0 0.00510204081632653 0.0
las 0.0 0.00510204081632653 0.0
car 0.0 0.00510204081632653 0.0
railway 0.0 0.01020408163265306 0.0
ring 0.0 0.00510204081632653 0.0
en 0.0 0.00510204081632653 0.0
store 0.0 0.00510204081632653 0.0
or 0.0 0.09183673469387756 0.0
pa 0.0 0.00510204081632653 0.0
to 0.001303780964797914 0.7806122448979592 0.0010177473857861266
terrorist 0.0 0.0 0.0
electricity 0.0 0.01020408163265306 0.0
how 0.0 0.09183673469387756 0.0
meteorite 0.0 0.0 0.0
atomic 0.0 0.00510204081632653 0.0
sever 0.0 0.0 0.0
who 0.000651890482398957 0.39285714285714285 0.0002560998323710188
