he 0.0008944543828264759 0.34183673469387754 0.00030575736555803
the 0.0035778175313059034 0.9540816326530612 0.0034135299916030815
a 0.0008944543828264759 0.8826530612244898 0.0007894928991274507
involve 0.0 0.0 0.0
in 0.0004472271914132379 0.7346938775510204 0.00032857507940564423
officer 0.0004472271914132379 0.04591836734693878 2.0535942462852764e-05
al 0.0 0.00510204081632653 0.0
mission 0.0 0.07142857142857142 0.0
leg 0.0 0.00510204081632653 0.0
murder 0.0 0.030612244897959183 0.0
theft 0.0 0.01020408163265306 0.0
set 0.0 0.05102040816326531 0.0
hunt 0.0 0.0 0.0
on 0.0008944543828264759 0.3520408163265306 0.0003148844510970757
i 0.0 0.00510204081632653 0.0
for 0.0 0.3877551020408163 0.0
and 0.0013416815742397137 0.8571428571428571 0.0011500127779197546
be 0.0004472271914132379 0.1377551020408163 6.160782738855828e-05
ss 0.0 0.00510204081632653 0.0
de 0.0 0.025510204081632654 0.0
hunting 0.0 0.015306122448979591 0.0
arjun 0.0 0.01020408163265306 0.0
ip 0.0 0.0 0.0
illegal 0.0 0.00510204081632653 0.0
biker 0.0 0.0 0.0
out 0.0 0.18877551020408162 0.0
o 0.0 0.00510204081632653 0.0
j 0.0 0.00510204081632653 0.0
office 0.0 0.01020408163265306 0.0
legal 0.0 0.00510204081632653 0.0
or 0.0 0.09183673469387756 0.0
