work 0.0 0.04591836734693878 0.0
live 0.0 0.05612244897959184 0.0
life 0.0 0.20408163265306123 0.0
king 0.0 0.030612244897959183 0.0
he 0.0012145748987854252 0.34183673469387754 0.00041518631744195657
the 0.0024291497975708503 0.9540816326530612 0.0023176072048252503
decide 0.0 0.03571428571428571 0.0
give 0.0 0.015306122448979591 0.0
thing 0.0 0.00510204081632653 0.0
two 0.0 0.12755102040816327 0.0
a 0.0012145748987854252 0.8826530612244898 0.0010720482524993805
regular 0.0 0.015306122448979591 0.0
in 0.0008097165991902834 0.7346938775510204 0.0005948938279765348
try 0.0 0.01020408163265306 0.0
man 0.0004048582995951417 0.12755102040816327 5.16400892340742e-05
no 0.0 0.07142857142857142 0.0
one 0.0 0.18877551020408162 0.0
this 0.0 0.17346938775510204 0.0
as 0.0004048582995951417 0.3469387755102041 0.00014046104271668182
when 0.0 0.27040816326530615 0.0
al 0.0 0.00510204081632653 0.0
dr 0.0 0.00510204081632653 0.0
track 0.0 0.00510204081632653 0.0
former 0.0 0.03571428571428571 0.0
new 0.0 0.1377551020408163 0.0
she 0.0 0.19387755102040816 0.0
year 0.0 0.01020408163265306 0.0
alter 0.0 0.01020408163265306 0.0
wife 0.0 0.05612244897959184 0.0
play 0.0 0.00510204081632653 0.0
stage 0.0 0.025510204081632654 0.0
son 0.0 0.08163265306122448 0.0
lose 0.0 0.00510204081632653 0.0
nothing 0.0 0.030612244897959183 0.0
world 0.0 0.19387755102040816 0.0
family 0.0004048582995951417 0.22448979591836735 9.088655705197059e-05
drug 0.0 0.04081632653061224 0.0
can 0.0004048582995951417 0.08673469387755102 3.5115260679170454e-05
crime 0.0 0.030612244897959183 0.0
teach 0.0 0.00510204081632653 0.0
teenage 0.0 0.025510204081632654 0.0
major 0.0 0.04081632653061224 0.0
on 0.0 0.3520408163265306 0.0
begin 0.0 0.025510204081632654 0.0
meet 0.0 0.030612244897959183 0.0
i 0.0 0.00510204081632653 0.0
series 0.0 0.07142857142857142 0.0
rock 0.0 0.01020408163265306 0.0
for 0.0 0.3877551020408163 0.0
and 0.0012145748987854252 0.8571428571428571 0.0010410641989589359
be 0.0 0.1377551020408163 0.0
act 0.0 0.00510204081632653 0.0
student 0.0 0.025510204081632654 0.0
ii 0.0 0.015306122448979591 0.0
iii 0.0 0.01020408163265306 0.0
transform 0.0 0.015306122448979591 0.0
age 0.0 0.025510204081632654 0.0
de 0.0 0.025510204081632654 0.0
will 0.0004048582995951417 0.1989795918367347 8.055853920515574e-05
form 0.0 0.01020408163265306 0.0
nc 0.0 0.00510204081632653 0.0
explore 0.0 0.015306122448979591 0.0
it 0.0 0.2193877551020408 0.0
well 0.0 0.02040816326530612 0.0
teacher 0.0 0.030612244897959183 0.0
with 0.0 0.4387755102040816 0.0
embark 0.0 0.00510204081632653 0.0
career 0.0 0.02040816326530612 0.0
not 0.0 0.14795918367346939 0.0
ex 0.0 0.00510204081632653 0.0
future 0.0004048582995951417 0.030612244897959183 1.2393621416177806e-05
fact 0.0 0.02040816326530612 0.0
prove 0.0 0.01020408163265306 0.0
ia 0.0 0.00510204081632653 0.0
we 0.0 0.01020408163265306 0.0
sell 0.0 0.0 0.0
o 0.0 0.00510204081632653 0.0
hit 0.0 0.015306122448979591 0.0
I 0.0 0.0 0.0
if 0.0 0.03571428571428571 0.0
ensure 0.0004048582995951417 0.01020408163265306 4.131207138725935e-06
mexico 0.0 0.015306122448979591 0.0
mark 0.0 0.01020408163265306 0.0
j 0.0 0.00510204081632653 0.0
secure 0.0 0.00510204081632653 0.0
care 0.0 0.01020408163265306 0.0
jack 0.0 0.015306122448979591 0.0
impact 0.0 0.01020408163265306 0.0
determine 0.0 0.00510204081632653 0.0
at 0.0 0.23469387755102042 0.0
player 0.0 0.01020408163265306 0.0
affect 0.0 0.0 0.0
so 0.0 0.030612244897959183 0.0
los 0.0 0.00510204081632653 0.0
car 0.0 0.00510204081632653 0.0
chemistry 0.0 0.00510204081632653 0.0
walter 0.0 0.00510204081632653 0.0
white 0.0 0.01020408163265306 0.0
diagnose 0.0 0.0 0.0
cancer 0.0 0.00510204081632653 0.0
cerebral 0.0 0.00510204081632653 0.0
palsy 0.0 0.00510204081632653 0.0
determined 0.0 0.01020408163265306 0.0
walt 0.0 0.00510204081632653 0.0
remarkably 0.0 0.00510204081632653 0.0
proficient 0.0 0.00510204081632653 0.0
manufacture 0.0 0.0 0.0
methamphetamine 0.0 0.00510204081632653 0.0
fatal 0.0 0.00510204081632653 0.0
diagnosis 0.0 0.00510204081632653 0.0
hard 0.0 0.01020408163265306 0.0
morality 0.0 0.00510204081632653 0.0
trade 0.0 0.00510204081632653 0.0
jackenyon 0.0 0.00510204081632653 0.0
ring 0.0 0.00510204081632653 0.0
en 0.0 0.00510204081632653 0.0
that 0.0 0.40816326530612246 0.0
or 0.0 0.09183673469387756 0.0
pa 0.0 0.00510204081632653 0.0
to 0.0008097165991902834 0.7806122448979592 0.0006320746922250681
manu 0.0 0.00510204081632653 0.0
selling 0.0 0.01020408163265306 0.0
how 0.0 0.09183673469387756 0.0
who 0.0008097165991902834 0.39285714285714285 0.00031810294968189704
