he 0.0 0.34183673469387754 0.0
the 0.0011312217194570135 0.9540816326530612 0.0010792778649921506
go 0.0011312217194570135 0.09183673469387756 0.00010388770892972573
a 0.0 0.8826530612244898 0.0
in 0.0011312217194570135 0.7346938775510204 0.0008311016714378059
turn 0.0 0.025510204081632654 0.0
al 0.0 0.00510204081632653 0.0
new 0.0 0.1377551020408163 0.0
year 0.0 0.01020408163265306 0.0
after 0.0011312217194570135 0.1989795918367347 0.00022509003601440573
murder 0.0 0.030612244897959183 0.0
wood 0.0 0.0 0.0
face 0.0 0.025510204081632654 0.0
i 0.0 0.00510204081632653 0.0
series 0.0 0.07142857142857142 0.0
and 0.0011312217194570135 0.8571428571428571 0.00096961861667744
five 0.0 0.030612244897959183 0.0
return 0.0 0.030612244897959183 0.0
ghost 0.0 0.01020408163265306 0.0
de 0.0 0.025510204081632654 0.0
will 0.0 0.1989795918367347 0.0
nc 0.0 0.00510204081632653 0.0
origin 0.0 0.00510204081632653 0.0
truth 0.0 0.04081632653061224 0.0
must 0.0 0.07653061224489796 0.0
original 0.0 0.015306122448979591 0.0
woodsboro 0.0 0.00510204081632653 0.0
ghostface 0.0 0.00510204081632653 0.0
emerge 0.0 0.00510204081632653 0.0
sidney 0.0 0.00510204081632653 0.0
prescott 0.0 0.00510204081632653 0.0
uncover 0.0 0.00510204081632653 0.0
we 0.0 0.01020408163265306 0.0
o 0.0 0.00510204081632653 0.0
I 0.0 0.0 0.0
scott 0.0 0.01020408163265306 0.0
cover 0.0 0.015306122448979591 0.0
en 0.0 0.00510204081632653 0.0
ruth 0.0 0.00510204081632653 0.0
or 0.0 0.09183673469387756 0.0
to 0.0011312217194570135 0.7806122448979592 0.0008830455259026687
mus 0.0 0.00510204081632653 0.0
