work 0.0 0.04591836734693878 0.0
dream 0.0 0.015306122448979591 0.0
king 0.0 0.030612244897959183 0.0
child 0.0 0.04081632653061224 0.0
he 0.0024255024255024253 0.34183673469387754 0.0008291258291258291
get 0.0003465003465003465 0.0663265306122449 2.2982165839308697e-05
the 0.002772002772002772 0.9540816326530612 0.002644716930431216
thus 0.0 0.01020408163265306 0.0
find 0.0 0.08163265306122448 0.0
much 0.0 0.03571428571428571 0.0
ask 0.0 0.00510204081632653 0.0
thing 0.0 0.00510204081632653 0.0
lead 0.0 0.02040816326530612 0.0
a 0.000693000693000693 0.8826530612244898 0.0006116791831077546
happy 0.0 0.025510204081632654 0.0
end 0.0 0.04591836734693878 0.0
day 0.0 0.09183673469387756 0.0
in 0.0010395010395010396 0.7346938775510204 0.0007637150494293352
no 0.0 0.07142857142857142 0.0
one 0.0 0.18877551020408162 0.0
seem 0.0 0.01020408163265306 0.0
see 0.0003465003465003465 0.04081632653061224 1.4142871285728427e-05
except 0.0 0.03571428571428571 0.0
time 0.0003465003465003465 0.14795918367346939 5.126790841076555e-05
as 0.0 0.3469387755102041 0.0
ultimately 0.0 0.025510204081632654 0.0
when 0.0003465003465003465 0.27040816326530615 9.369652226795084e-05
rest 0.0 0.025510204081632654 0.0
help 0.0 0.10204081632653061 0.0
al 0.0 0.00510204081632653 0.0
dr 0.0 0.00510204081632653 0.0
break 0.0 0.01020408163265306 0.0
new 0.0 0.1377551020408163 0.0
she 0.0003465003465003465 0.19387755102040816 6.717863860721003e-05
year 0.0 0.01020408163265306 0.0
like 0.0 0.03571428571428571 0.0
unhappy 0.0 0.01020408163265306 0.0
parent 0.0 0.0 0.0
realize 0.0 0.01020408163265306 0.0
world 0.0 0.19387755102040816 0.0
family 0.0 0.22448979591836735 0.0
can 0.0 0.08673469387755102 0.0
soon 0.0 0.04081632653061224 0.0
teach 0.0 0.00510204081632653 0.0
set 0.0003465003465003465 0.05102040816326531 1.7678589107160537e-05
discover 0.0 0.025510204081632654 0.0
on 0.0 0.3520408163265306 0.0
different 0.0 0.03571428571428571 0.0
far 0.0 0.030612244897959183 0.0
art 0.0 0.00510204081632653 0.0
old 0.0003465003465003465 0.05612244897959184 1.944644801787659e-05
i 0.0 0.00510204081632653 0.0
home 0.0 0.07653061224489796 0.0
and 0.000693000693000693 0.8571428571428571 0.000594000594000594
be 0.0010395010395010396 0.1377551020408163 0.00014319657176800033
all 0.0 0.17346938775510204 0.0
scene 0.0 0.00510204081632653 0.0
whose 0.0 0.04591836734693878 0.0
student 0.0 0.025510204081632654 0.0
rule 0.0 0.00510204081632653 0.0
trauma 0.0 0.01020408163265306 0.0
pack 0.0 0.0 0.0
think 0.0 0.01020408163265306 0.0
ss 0.0 0.00510204081632653 0.0
de 0.0 0.025510204081632654 0.0
will 0.000693000693000693 0.1989795918367347 0.0001378929950358522
don 0.000693000693000693 0.015306122448979591 1.0607153464296321e-05
nc 0.0003465003465003465 0.00510204081632653 1.7678589107160534e-06
interested 0.0 0.015306122448979591 0.0
joy 0.0 0.01020408163265306 0.0
it 0.0 0.2193877551020408 0.0
pt 0.0 0.00510204081632653 0.0
teacher 0.0 0.030612244897959183 0.0
school 0.0 0.05102040816326531 0.0
app 0.0 0.00510204081632653 0.0
with 0.0 0.4387755102040816 0.0
add 0.0 0.00510204081632653 0.0
fill 0.0 0.0 0.0
trouble 0.0 0.00510204081632653 0.0
onto 0.0 0.01020408163265306 0.0
not 0.0 0.14795918367346939 0.0
do 0.0 0.10204081632653061 0.0
ex 0.0 0.00510204081632653 0.0
out 0.0 0.18877551020408162 0.0
line 0.0 0.01020408163265306 0.0
ia 0.0 0.00510204081632653 0.0
we 0.0 0.01020408163265306 0.0
more 0.0 0.08163265306122448 0.0
from 0.0003465003465003465 0.3520408163265306 0.0001219822648394077
o 0.0 0.00510204081632653 0.0
I 0.0 0.0 0.0
if 0.0 0.03571428571428571 0.0
infect 0.0 0.0 0.0
boarding 0.0 0.01020408163265306 0.0
real 0.0 0.030612244897959183 0.0
mark 0.0 0.01020408163265306 0.0
j 0.0 0.00510204081632653 0.0
cover 0.0 0.015306122448979591 0.0
tim 0.0 0.00510204081632653 0.0
care 0.0 0.01020408163265306 0.0
ishaan 0.0 0.00510204081632653 0.0
awasthi 0.0 0.00510204081632653 0.0
wonder 0.0 0.0 0.0
else 0.0 0.00510204081632653 0.0
appretiate 0.0 0.00510204081632653 0.0
important 0.0 0.00510204081632653 0.0
adult 0.0 0.00510204081632653 0.0
homework 0.0 0.00510204081632653 0.0
neatness 0.0 0.00510204081632653 0.0
anything 0.0 0.01020408163265306 0.0
right 0.0 0.00510204081632653 0.0
class 0.0 0.00510204081632653 0.0
handle 0.0 0.00510204081632653 0.0
discipline 0.0 0.0 0.0
contend 0.0 0.00510204081632653 0.0
separation 0.0 0.00510204081632653 0.0
burst 0.0 0.0 0.0
ram 0.0 0.00510204081632653 0.0
shankar 0.0 0.00510204081632653 0.0
nikumbh 0.0 0.00510204081632653 0.0
optimism 0.0 0.00510204081632653 0.0
imagine 0.0 0.00510204081632653 0.0
respond 0.0 0.00510204081632653 0.0
enthusiasm 0.0 0.00510204081632653 0.0
patience 0.0 0.00510204081632653 0.0
by 0.0 0.33163265306122447 0.0
interest 0.0 0.01020408163265306 0.0
at 0.0 0.23469387755102042 0.0
so 0.0 0.030612244897959183 0.0
ann 0.0 0.00510204081632653 0.0
las 0.0 0.00510204081632653 0.0
car 0.0 0.00510204081632653 0.0
en 0.0 0.00510204081632653 0.0
eat 0.0 0.00510204081632653 0.0
that 0.0 0.40816326530612246 0.0
or 0.0 0.09183673469387756 0.0
pa 0.0 0.00510204081632653 0.0
to 0.0017325017325017325 0.7806122448979592 0.001352412066697781
ski 0.0 0.00510204081632653 0.0
why 0.0 0.015306122448979591 0.0
sk 0.0 0.00510204081632653 0.0
how 0.0 0.09183673469387756 0.0
who 0.0 0.39285714285714285 0.0
