life 0.0 0.20408163265306123 0.0
let 0.0 0.02040816326530612 0.0
he 0.002262443438914027 0.34183673469387754 0.0007733862775879582
red 0.0 0.01020408163265306 0.0
gang 0.0 0.02040816326530612 0.0
lead 0.0 0.02040816326530612 0.0
a 0.0011312217194570135 0.8826530612244898 0.000998476313602364
day 0.0 0.09183673469387756 0.0
in 0.0 0.7346938775510204 0.0
man 0.0 0.12755102040816327 0.0
mysterious 0.0 0.08673469387755102 0.0
as 0.0 0.3469387755102041 0.0
when 0.0 0.27040816326530615 0.0
al 0.0 0.00510204081632653 0.0
name 0.0 0.025510204081632654 0.0
wife 0.0 0.05612244897959184 0.0
murder 0.0 0.030612244897959183 0.0
under 0.0 0.0663265306122449 0.0
circumstance 0.0 0.0 0.0
son 0.0 0.08163265306122448 0.0
cross 0.0 0.015306122448979591 0.0
young 0.0 0.15816326530612246 0.0
fred 0.0 0.00510204081632653 0.0
madison 0.0 0.00510204081632653 0.0
saxophonist 0.0 0.00510204081632653 0.0
accuse 0.0 0.0 0.0
renee 0.0 0.00510204081632653 0.0
on 0.0 0.3520408163265306 0.0
death 0.0 0.04591836734693878 0.0
row 0.0 0.00510204081632653 0.0
inexplicably 0.0 0.00510204081632653 0.0
morph 0.0 0.0 0.0
pete 0.0 0.01020408163265306 0.0
dayton 0.0 0.00510204081632653 0.0
completely 0.0 0.015306122448979591 0.0
different 0.0 0.03571428571428571 0.0
release 0.0 0.0 0.0
path 0.0 0.025510204081632654 0.0
begin 0.0 0.025510204081632654 0.0
surreal 0.0 0.00510204081632653 0.0
suspenseful 0.0 0.01020408163265306 0.0
web 0.0 0.00510204081632653 0.0
intrigue 0.0 0.00510204081632653 0.0
orchestrate 0.0 0.0 0.0
shady 0.0 0.01020408163265306 0.0
gangster 0.0 0.02040816326530612 0.0
boss 0.0 0.00510204081632653 0.0
dick 0.0 0.00510204081632653 0.0
laurent 0.0 0.00510204081632653 0.0
jdean 0.0 0.00510204081632653 0.0
i 0.0 0.00510204081632653 0.0
and 0.0 0.8571428571428571 0.0
be 0.0 0.1377551020408163 0.0
dean 0.0 0.00510204081632653 0.0
use 0.0 0.02040816326530612 0.0
ss 0.0 0.00510204081632653 0.0
de 0.0 0.025510204081632654 0.0
nc 0.0 0.00510204081632653 0.0
cab 0.0 0.00510204081632653 0.0
rio 0.0 0.025510204081632654 0.0
stan 0.0 0.00510204081632653 0.0
ex 0.0 0.00510204081632653 0.0
we 0.0 0.01020408163265306 0.0
mad 0.0 0.00510204081632653 0.0
complete 0.0 0.00510204081632653 0.0
o 0.0 0.00510204081632653 0.0
I 0.0 0.0 0.0
if 0.0 0.03571428571428571 0.0
real 0.0 0.030612244897959183 0.0
j 0.0 0.00510204081632653 0.0
dea 0.0 0.00510204081632653 0.0
by 0.0 0.33163265306122447 0.0
at 0.0011312217194570135 0.23469387755102042 0.00026549081170929907
so 0.0 0.030612244897959183 0.0
ring 0.0 0.00510204081632653 0.0
pen 0.0 0.00510204081632653 0.0
en 0.0 0.00510204081632653 0.0
eat 0.0 0.00510204081632653 0.0
or 0.0 0.09183673469387756 0.0
pa 0.0 0.00510204081632653 0.0
sl 0.0 0.00510204081632653 0.0
to 0.0011312217194570135 0.7806122448979592 0.0008830455259026687
