he 0.0011148272017837235 0.34183673469387754 0.0003810888904056606
red 0.0 0.01020408163265306 0.0
the 0.0019509476031215162 0.9540816326530612 0.0018613632744067527
known 0.0 0.05612244897959184 0.0
know 0.0002787068004459309 0.07142857142857142 1.9907628603280777e-05
take 0.0 0.09183673469387756 0.0
a 0.0013935340022296545 0.8826530612244898 0.0012300070529884196
story 0.0 0.12755102040816327 0.0
power 0.0 0.05102040816326531 0.0
end 0.0 0.04591836734693878 0.0
in 0.0008361204013377926 0.7346938775510204 0.0006142925397583783
try 0.0 0.01020408163265306 0.0
man 0.0005574136008918618 0.12755102040816327 7.109867358314563e-05
no 0.0 0.07142857142857142 0.0
as 0.0002787068004459309 0.3469387755102041 9.669419607307805e-05
pow 0.0 0.00510204081632653 0.0
book 0.0 0.02040816326530612 0.0
help 0.0 0.10204081632653061 0.0
al 0.0 0.00510204081632653 0.0
film 0.0 0.061224489795918366 0.0
she 0.0 0.19387755102040816 0.0
make 0.0 0.061224489795918366 0.0
tell 0.0 0.015306122448979591 0.0
son 0.0 0.08163265306122448 0.0
world 0.0 0.19387755102040816 0.0
family 0.0 0.22448979591836735 0.0
friend 0.0 0.0663265306122449 0.0
industry 0.0 0.015306122448979591 0.0
teach 0.0002787068004459309 0.00510204081632653 1.4219734716629125e-06
set 0.0 0.05102040816326531 0.0
on 0.0 0.3520408163265306 0.0
i 0.0 0.00510204081632653 0.0
and 0.0005574136008918618 0.8571428571428571 0.00047778308647873863
be 0.0011148272017837235 0.1377551020408163 0.00015357313493959455
will 0.0 0.1989795918367347 0.0
it 0.0 0.2193877551020408 0.0
teacher 0.0 0.030612244897959183 0.0
jang 0.0 0.00510204081632653 0.0
with 0.0 0.4387755102040816 0.0
out 0.0 0.18877551020408162 0.0
we 0.0 0.01020408163265306 0.0
simply 0.0 0.00510204081632653 0.0
o 0.0 0.00510204081632653 0.0
inspire 0.0 0.0 0.0
j 0.0 0.00510204081632653 0.0
by 0.0008361204013377926 0.33163265306122447 0.00027728482697426796
most 0.0 0.07653061224489796 0.0
now 0.0 0.07653061224489796 0.0
so 0.0 0.030612244897959183 0.0
fly 0.0 0.00510204081632653 0.0
nedumaaran 0.0 0.00510204081632653 0.0
rajangam 0.0 0.00510204081632653 0.0
maara 0.0 0.00510204081632653 0.0
common 0.0 0.00510204081632653 0.0
capital 0.0 0.00510204081632653 0.0
intensive 0.0 0.00510204081632653 0.0
sheer 0.0 0.00510204081632653 0.0
en 0.0 0.00510204081632653 0.0
or 0.0 0.09183673469387756 0.0
to 0.0016722408026755853 0.7806122448979592 0.0013053716469865538
who 0.0002787068004459309 0.39285714285714285 0.00010949195731804427
