work 0.0 0.04591836734693878 0.0
king 0.0 0.030612244897959183 0.0
but 0.0006868131868131868 0.3112244897959184 0.00021375308365104284
he 0.002747252747252747 0.34183673469387754 0.0009391119084996635
the 0.0006868131868131868 0.9540816326530612 0.0006552758466023772
go 0.0 0.09183673469387756 0.0
decide 0.0 0.03571428571428571 0.0
a 0.0013736263736263735 0.8826530612244898 0.0012124355236600133
story 0.0 0.12755102040816327 0.0
in 0.0013736263736263735 0.7346938775510204 0.001009194886745907
man 0.0 0.12755102040816327 0.0
this 0.0 0.17346938775510204 0.0
time 0.0 0.14795918367346939 0.0
as 0.0 0.3469387755102041 0.0
era 0.0 0.01020408163265306 0.0
desire 0.0 0.02040816326530612 0.0
escape 0.0 0.04591836734693878 0.0
die 0.0 0.01020408163265306 0.0
law 0.0 0.01020408163265306 0.0
al 0.0 0.00510204081632653 0.0
she 0.0 0.19387755102040816 0.0
france 0.0 0.030612244897959183 0.0
rain 0.0 0.00510204081632653 0.0
around 0.0 0.08673469387755102 0.0
simple 0.0 0.025510204081632654 0.0
family 0.0 0.22448979591836735 0.0
follow 0.0 0.015306122448979591 0.0
young 0.0 0.15816326530612246 0.0
on 0.0 0.3520408163265306 0.0
row 0.0 0.00510204081632653 0.0
i 0.0 0.00510204081632653 0.0
win 0.0 0.015306122448979591 0.0
social 0.0 0.04081632653061224 0.0
for 0.0006868131868131868 0.3877551020408163 0.00026631531733572545
anne 0.0 0.00510204081632653 0.0
woman 0.0 0.07142857142857142 0.0
abort 0.0 0.00510204081632653 0.0
finish 0.0 0.00510204081632653 0.0
study 0.0 0.00510204081632653 0.0
constraint 0.0 0.0 0.0
society 0.0 0.03571428571428571 0.0
censure 0.0 0.0 0.0
and 0.0006868131868131868 0.8571428571428571 0.0005886970172684458
sex 0.0 0.03571428571428571 0.0
general 0.0 0.00510204081632653 0.0
cruel 0.0 0.01020408163265306 0.0
itinerary 0.0 0.00510204081632653 0.0
little 0.0 0.04591836734693878 0.0
exam 0.0 0.0 0.0
corner 0.0 0.01020408163265306 0.0
baby 0.0 0.00510204081632653 0.0
bump 0.0 0.00510204081632653 0.0
grow 0.0 0.0 0.0
fast 0.0 0.00510204081632653 0.0
be 0.0013736263736263735 0.1377551020408163 0.00018922404126485757
ss 0.0 0.00510204081632653 0.0
de 0.0 0.025510204081632654 0.0
will 0.0 0.1989795918367347 0.0
nc 0.0 0.00510204081632653 0.0
it 0.0 0.2193877551020408 0.0
ex 0.0 0.00510204081632653 0.0
gain 0.0 0.00510204081632653 0.0
ia 0.0 0.00510204081632653 0.0
we 0.0 0.01020408163265306 0.0
o 0.0 0.00510204081632653 0.0
I 0.0 0.0 0.0
ensure 0.0 0.01020408163265306 0.0
j 0.0 0.00510204081632653 0.0
tim 0.0 0.00510204081632653 0.0
fore 0.0 0.00510204081632653 0.0
class 0.0 0.00510204081632653 0.0
by 0.0 0.33163265306122447 0.0
at 0.0 0.23469387755102042 0.0
rue 0.0 0.00510204081632653 0.0
so 0.0 0.030612244897959183 0.0
ann 0.0 0.00510204081632653 0.0
rai 0.0 0.00510204081632653 0.0
las 0.0 0.00510204081632653 0.0
en 0.0 0.00510204081632653 0.0
that 0.0 0.40816326530612246 0.0
or 0.0 0.09183673469387756 0.0
to 0.0 0.7806122448979592 0.0
low 0.0 0.00510204081632653 0.0
who 0.0 0.39285714285714285 0.0
