he 0.0 0.34183673469387754 0.0
get 0.0 0.0663265306122449 0.0
red 0.0 0.01020408163265306 0.0
the 0.0023011176857330702 0.9540816326530612 0.0021954541185310416
find 0.0 0.08163265306122448 0.0
lead 0.0 0.02040816326530612 0.0
a 0.0013149243918474688 0.8826530612244898 0.001160622039742919
passionate 0.0 0.00510204081632653 0.0
they 0.0009861932938856016 0.28061224489795916 0.0002767379141005515
in 0.0003287310979618672 0.7346938775510204 0.00024151672503320857
try 0.0 0.01020408163265306 0.0
man 0.0 0.12755102040816327 0.0
as 0.0006574621959237344 0.3469387755102041 0.0002280991291980303
when 0.0 0.27040816326530615 0.0
al 0.0 0.00510204081632653 0.0
kill 0.0 0.030612244897959183 0.0
she 0.0 0.19387755102040816 0.0
year 0.0 0.01020408163265306 0.0
problem 0.0 0.02040816326530612 0.0
terrible 0.0 0.015306122448979591 0.0
parent 0.0 0.0 0.0
late 0.0 0.02040816326530612 0.0
pass 0.0 0.00510204081632653 0.0
torture 0.0 0.01020408163265306 0.0
come 0.0 0.025510204081632654 0.0
on 0.0006574621959237344 0.3520408163265306 0.00023145352815682487
meet 0.0 0.030612244897959183 0.0
i 0.0 0.00510204081632653 0.0
sexual 0.0 0.01020408163265306 0.0
suffer 0.0 0.0 0.0
body 0.0 0.02040816326530612 0.0
way 0.0 0.03571428571428571 0.0
reject 0.0 0.01020408163265306 0.0
and 0.001643655489809336 0.8571428571428571 0.0014088475626937165
sex 0.0 0.03571428571428571 0.0
be 0.0003287310979618672 0.1377551020408163 4.52843859437266e-05
ace 0.0 0.0 0.0
race 0.0003287310979618672 0.03571428571428571 1.1740396355780971e-05
almost 0.0 0.01020408163265306 0.0
age 0.0 0.025510204081632654 0.0
ss 0.0 0.00510204081632653 0.0
lie 0.0 0.00510204081632653 0.0
de 0.0 0.025510204081632654 0.0
emotional 0.0 0.03571428571428571 0.0
will 0.0 0.1989795918367347 0.0
nc 0.0 0.00510204081632653 0.0
strength 0.0 0.015306122448979591 0.0
ale 0.0 0.00510204081632653 0.0
it 0.0 0.2193877551020408 0.0
deal 0.0 0.015306122448979591 0.0
with 0.0003287310979618672 0.4387755102040816 0.00014423915522816623
omi 0.0 0.00510204081632653 0.0
ex 0.0 0.00510204081632653 0.0
out 0.0 0.18877551020408162 0.0
heir 0.0 0.00510204081632653 0.0
ia 0.0 0.00510204081632653 0.0
o 0.0 0.00510204081632653 0.0
I 0.0 0.0 0.0
head 0.0 0.015306122448979591 0.0
serve 0.0 0.00510204081632653 0.0
nate 0.0 0.00510204081632653 0.0
j 0.0 0.00510204081632653 0.0
sexuality 0.0 0.01020408163265306 0.0
rob 0.0 0.00510204081632653 0.0
dea 0.0 0.00510204081632653 0.0
by 0.0009861932938856016 0.33163265306122447 0.0003270538984824699
most 0.0 0.07653061224489796 0.0
at 0.0 0.23469387755102042 0.0
hospital 0.0 0.01020408163265306 0.0
alexia 0.0 0.00510204081632653 0.0
skull 0.0 0.00510204081632653 0.0
injury 0.0 0.00510204081632653 0.0
titanium 0.0 0.00510204081632653 0.0
plate 0.0 0.00510204081632653 0.0
fit 0.0 0.00510204081632653 0.0
embrace 0.0 0.0 0.0
passionately 0.0 0.00510204081632653 0.0
car 0.0 0.00510204081632653 0.0
vincent 0.0 0.00510204081632653 0.0
tortured 0.0 0.00510204081632653 0.0
preserve 0.0 0.00510204081632653 0.0
inject 0.0 0.0 0.0
steroid 0.0 0.0 0.0
liesenborg 0.0 0.0 0.0
en 0.0 0.00510204081632653 0.0
alex 0.0 0.01020408163265306 0.0
that 0.0003287310979618672 0.40816326530612246 0.00013417595835178253
or 0.0 0.09183673469387756 0.0
pa 0.0 0.00510204081632653 0.0
to 0.0009861932938856016 0.7806122448979592 0.0007698345610433523
sk 0.0 0.00510204081632653 0.0
jury 0.0 0.00510204081632653 0.0
passion 0.0 0.00510204081632653 0.0
who 0.0 0.39285714285714285 0.0
