live 0.0 0.05612244897959184 0.0
life 0.0 0.20408163265306123 0.0
he 0.0 0.34183673469387754 0.0
the 0.004163362410785091 0.9540816326530612 0.0039721876062082245
manage 0.0 0.0 0.0
take 0.0 0.09183673469387756 0.0
hand 0.0 0.0 0.0
a 0.0005947660586835845 0.8826530612244898 0.0005249720824094904
they 0.0 0.28061224489795916 0.0
ever 0.0 0.05102040816326531 0.0
day 0.0 0.09183673469387756 0.0
in 0.0003965107057890563 0.7346938775510204 0.00029131398792665365
anton 0.0 0.01020408163265306 0.0
man 0.0 0.12755102040816327 0.0
this 0.0 0.17346938775510204 0.0
as 0.0 0.3469387755102041 0.0
around 0.0 0.08673469387755102 0.0
every 0.00019825535289452815 0.03571428571428571 7.080548317661719e-06
follow 0.0 0.015306122448979591 0.0
keep 0.0 0.015306122448979591 0.0
on 0.0 0.3520408163265306 0.0
encounter 0.0 0.02040816326530612 0.0
bizarre 0.0 0.01020408163265306 0.0
meet 0.00019825535289452815 0.030612244897959183 6.069041415138617e-06
what 0.0 0.1377551020408163 0.0
i 0.0 0.00510204081632653 0.0
and 0.001387787470261697 0.8571428571428571 0.0011895321173671688
be 0.0009912767644726407 0.1377551020408163 0.00013655343184061885
crew 0.0 0.015306122448979591 0.0
age 0.0 0.025510204081632654 0.0
will 0.0 0.1989795918367347 0.0
nc 0.0 0.00510204081632653 0.0
it 0.00019825535289452815 0.2193877551020408 4.349479680849342e-05
pt 0.0 0.00510204081632653 0.0
capture 0.0 0.00510204081632653 0.0
employee 0.0 0.0 0.0
branch 0.0 0.01020408163265306 0.0
heir 0.0 0.00510204081632653 0.0
we 0.0 0.01020408163265306 0.0
ranch 0.0 0.00510204081632653 0.0
michael 0.0 0.015306122448979591 0.0
o 0.0 0.00510204081632653 0.0
I 0.0 0.0 0.0
scott 0.0 0.01020408163265306 0.0
at 0.0 0.23469387755102042 0.0
company 0.0 0.01020408163265306 0.0
humor 0.0 0.00510204081632653 0.0
en 0.0 0.00510204081632653 0.0
or 0.0 0.09183673469387756 0.0
mediocre 0.0 0.00510204081632653 0.0
paper 0.0 0.00510204081632653 0.0
scranton 0.0 0.00510204081632653 0.0
pa 0.0 0.00510204081632653 0.0
manager 0.0 0.00510204081632653 0.0
mockumentary 0.0 0.00510204081632653 0.0
everyday 0.0 0.00510204081632653 0.0
quite 0.0 0.01020408163265306 0.0
humorous 0.0 0.00510204081632653 0.0
thrive 0.0 0.0 0.0
to 0.0017842981760507535 0.7806122448979592 0.0013928450047743129
low 0.0 0.00510204081632653 0.0
