he 0.001137915339098771 0.34183673469387754 0.0003889812638756003
the 0.003186162949476559 0.9540816326530612 0.0030398595487352888
create 0.0 0.02040816326530612 0.0
two 0.0004551661356395084 0.12755102040816327 5.805690505605975e-05
a 0.0009103322712790169 0.8826530612244898 0.0008035075659758669
story 0.0 0.12755102040816327 0.0
in 0.0009103322712790169 0.7346938775510204 0.0006688155462458084
man 0.001137915339098771 0.12755102040816327 0.00014514226264014936
history 0.0004551661356395084 0.03571428571428571 1.6255933415696728e-05
al 0.0 0.00510204081632653 0.0
dr 0.0 0.00510204081632653 0.0
while 0.0 0.12244897959183673 0.0
india 0.0 0.04081632653061224 0.0
ordinary 0.0 0.03571428571428571 0.0
building 0.0 0.015306122448979591 0.0
i 0.0 0.00510204081632653 0.0
and 0.0002275830678197542 0.8571428571428571 0.00019507120098836075
be 0.0009103322712790169 0.1377551020408163 0.00012540291492108905
will 0.0 0.1989795918367347 0.0
extraordinary 0.0 0.02040816326530612 0.0
vikram 0.0 0.01020408163265306 0.0
omi 0.0 0.00510204081632653 0.0
ex 0.0 0.00510204081632653 0.0
homi 0.0 0.00510204081632653 0.0
jehangir 0.0 0.00510204081632653 0.0
bhabha 0.0 0.00510204081632653 0.0
ambalal 0.0 0.00510204081632653 0.0
sarabhai 0.0 0.00510204081632653 0.0
future 0.0 0.030612244897959183 0.0
ia 0.0 0.00510204081632653 0.0
o 0.0 0.00510204081632653 0.0
I 0.0 0.0 0.0
build 0.0 0.01020408163265306 0.0
j 0.0 0.00510204081632653 0.0
hang 0.0 0.00510204081632653 0.0
ram 0.0 0.00510204081632653 0.0
at 0.0002275830678197542 0.23469387755102042 5.341235265157497e-05
en 0.0 0.00510204081632653 0.0
eat 0.0 0.00510204081632653 0.0
or 0.0006827492034592626 0.09183673469387756 6.270145746054454e-05
to 0.0009103322712790169 0.7806122448979592 0.0007106165178861713
who 0.0006827492034592626 0.39285714285714285 0.00026822290135899605
