king 0.0 0.030612244897959183 0.0
but 0.0 0.3112244897959184 0.0
he 0.0019230769230769232 0.34183673469387754 0.0006573783359497646
the 0.0019230769230769232 0.9540816326530612 0.0018347723704866562
go 0.0 0.09183673469387756 0.0
become 0.0004807692307692308 0.05612244897959184 2.698194662480377e-05
team 0.0 0.04081632653061224 0.0
decide 0.0 0.03571428571428571 0.0
find 0.0 0.08163265306122448 0.0
member 0.0 0.00510204081632653 0.0
a 0.0019230769230769232 0.8826530612244898 0.001697409733124019
yet 0.0 0.025510204081632654 0.0
force 0.0 0.025510204081632654 0.0
ago 0.0 0.025510204081632654 0.0
end 0.0004807692307692308 0.04591836734693878 2.207613814756672e-05
battle 0.0 0.061224489795918366 0.0
in 0.0 0.7346938775510204 0.0
no 0.0 0.07142857142857142 0.0
one 0.0 0.18877551020408162 0.0
able 0.0 0.030612244897959183 0.0
as 0.0 0.3469387755102041 0.0
era 0.0 0.01020408163265306 0.0
rest 0.0 0.025510204081632654 0.0
al 0.0 0.00510204081632653 0.0
mission 0.0 0.07142857142857142 0.0
kill 0.0 0.030612244897959183 0.0
new 0.0 0.1377551020408163 0.0
she 0.0 0.19387755102040816 0.0
year 0.0 0.01020408163265306 0.0
make 0.0 0.061224489795918366 0.0
style 0.0 0.01020408163265306 0.0
arm 0.0 0.00510204081632653 0.0
son 0.0 0.08163265306122448 0.0
late 0.0 0.02040816326530612 0.0
fight 0.0 0.03571428571428571 0.0
bring 0.0 0.00510204081632653 0.0
thou 0.0 0.01020408163265306 0.0
plan 0.0 0.02040816326530612 0.0
come 0.0 0.025510204081632654 0.0
young 0.0 0.15816326530612246 0.0
ruthless 0.0 0.025510204081632654 0.0
on 0.0 0.3520408163265306 0.0
death 0.0 0.04591836734693878 0.0
once 0.0 0.061224489795918366 0.0
face 0.0 0.025510204081632654 0.0
meet 0.0 0.030612244897959183 0.0
old 0.0 0.05612244897959184 0.0
i 0.0 0.00510204081632653 0.0
clash 0.0 0.015306122448979591 0.0
someone 0.0 0.01020408163265306 0.0
personal 0.0 0.03571428571428571 0.0
for 0.0014423076923076922 0.3877551020408163 0.0005592621664050235
blood 0.0 0.015306122448979591 0.0
barney 0.0 0.00510204081632653 0.0
stallone 0.0 0.00510204081632653 0.0
christmas 0.0 0.01020408163265306 0.0
statham 0.0 0.00510204081632653 0.0
conrad 0.0 0.00510204081632653 0.0
stonebank 0.0 0.0 0.0
gibson 0.0 0.01020408163265306 0.0
expendable 0.0 0.0 0.0
subsequently 0.0 0.01020408163265306 0.0
trader 0.0 0.00510204081632653 0.0
thought 0.0 0.01020408163265306 0.0
elude 0.0 0.0 0.0
recruit 0.0 0.0 0.0
individual 0.0 0.00510204081632653 0.0
younger 0.0 0.01020408163265306 0.0
faster 0.0 0.00510204081632653 0.0
latest 0.0 0.02040816326530612 0.0
classic 0.0 0.00510204081632653 0.0
versus 0.0 0.00510204081632653 0.0
expertise 0.0 0.00510204081632653 0.0
and 0.0009615384615384616 0.8571428571428571 0.0008241758241758242
fast 0.0 0.00510204081632653 0.0
be 0.0 0.1377551020408163 0.0
all 0.0 0.17346938775510204 0.0
less 0.0 0.00510204081632653 0.0
lone 0.0 0.00510204081632653 0.0
person 0.0 0.030612244897959183 0.0
think 0.0 0.01020408163265306 0.0
ss 0.0 0.00510204081632653 0.0
de 0.0 0.025510204081632654 0.0
nc 0.0 0.00510204081632653 0.0
it 0.0004807692307692308 0.2193877551020408 0.00010547488226059654
school 0.0 0.05102040816326531 0.0
with 0.0009615384615384616 0.4387755102040816 0.0004218995290423862
ex 0.0 0.00510204081632653 0.0
we 0.0 0.01020408163265306 0.0
more 0.0 0.08163265306122448 0.0
stone 0.0 0.01020408163265306 0.0
test 0.0 0.00510204081632653 0.0
o 0.0 0.00510204081632653 0.0
I 0.0 0.0 0.0
bank 0.0 0.00510204081632653 0.0
fore 0.0 0.00510204081632653 0.0
high 0.0 0.015306122448979591 0.0
class 0.0 0.00510204081632653 0.0
dea 0.0 0.00510204081632653 0.0
most 0.0 0.07653061224489796 0.0
now 0.0 0.07653061224489796 0.0
at 0.0 0.23469387755102042 0.0
so 0.0 0.030612244897959183 0.0
las 0.0 0.00510204081632653 0.0
trade 0.0 0.00510204081632653 0.0
ring 0.0 0.00510204081632653 0.0
pen 0.0 0.00510204081632653 0.0
en 0.0 0.00510204081632653 0.0
eat 0.0 0.00510204081632653 0.0
christ 0.0 0.00510204081632653 0.0
ruth 0.0 0.00510204081632653 0.0
that 0.0014423076923076922 0.40816326530612246 0.0005886970172684458
or 0.0 0.09183673469387756 0.0
to 0.0004807692307692308 0.7806122448979592 0.00037529434850863425
though 0.0 0.00510204081632653 0.0
who 0.0004807692307692308 0.39285714285714285 0.00018887362637362638
