work 0.000641025641025641 0.04591836734693878 2.9434850863422294e-05
dream 0.0 0.015306122448979591 0.0
live 0.0 0.05612244897959184 0.0
king 0.0 0.030612244897959183 0.0
father 0.0 0.11734693877551021 0.0
he 0.002564102564102564 0.34183673469387754 0.0008765044479330193
red 0.0 0.01020408163265306 0.0
the 0.003205128205128205 0.9540816326530612 0.0030579539508110935
go 0.0 0.09183673469387756 0.0
gang 0.0 0.02040816326530612 0.0
lead 0.0 0.02040816326530612 0.0
a 0.0019230769230769232 0.8826530612244898 0.001697409733124019
boy 0.0 0.030612244897959183 0.0
they 0.0 0.28061224489795916 0.0
light 0.0 0.02040816326530612 0.0
century 0.0 0.03571428571428571 0.0
day 0.0 0.09183673469387756 0.0
in 0.0 0.7346938775510204 0.0
man 0.001282051282051282 0.12755102040816327 0.00016352694924123495
one 0.0 0.18877551020408162 0.0
winter 0.0 0.01020408163265306 0.0
petersburg 0.0 0.02040816326530612 0.0
as 0.0 0.3469387755102041 0.0
view 0.0 0.0 0.0
when 0.0 0.27040816326530615 0.0
prisoner 0.0 0.00510204081632653 0.0
join 0.0 0.02040816326530612 0.0
city 0.0 0.09183673469387756 0.0
al 0.0 0.00510204081632653 0.0
dr 0.0 0.00510204081632653 0.0
she 0.0 0.19387755102040816 0.0
year 0.0 0.01020408163265306 0.0
like 0.0 0.03571428571428571 0.0
around 0.0 0.08673469387755102 0.0
son 0.0 0.08163265306122448 0.0
feel 0.0 0.00510204081632653 0.0
late 0.0 0.02040816326530612 0.0
cross 0.0 0.015306122448979591 0.0
while 0.000641025641025641 0.12244897959183673 7.849293563579278e-05
can 0.0 0.08673469387755102 0.0
prison 0.0 0.015306122448979591 0.0
fairy 0.0 0.01020408163265306 0.0
tale 0.0 0.00510204081632653 0.0
on 0.0 0.3520408163265306 0.0
pete 0.0 0.01020408163265306 0.0
path 0.0 0.025510204081632654 0.0
peter 0.0 0.02040816326530612 0.0
old 0.0 0.05612244897959184 0.0
land 0.0 0.030612244897959183 0.0
i 0.0 0.00510204081632653 0.0
freeze 0.0 0.0 0.0
official 0.0 0.01020408163265306 0.0
win 0.0 0.015306122448979591 0.0
home 0.0 0.07653061224489796 0.0
for 0.000641025641025641 0.3877551020408163 0.0002485609628466771
woman 0.0 0.07142857142857142 0.0
study 0.0 0.00510204081632653 0.0
society 0.0 0.03571428571428571 0.0
and 0.000641025641025641 0.8571428571428571 0.0005494505494505495
corner 0.0 0.01020408163265306 0.0
be 0.000641025641025641 0.1377551020408163 8.830455259026687e-05
air 0.0 0.01020408163265306 0.0
transform 0.0 0.015306122448979591 0.0
pick 0.0 0.00510204081632653 0.0
ss 0.0 0.00510204081632653 0.0
de 0.0 0.025510204081632654 0.0
here 0.0 0.01020408163265306 0.0
will 0.0 0.1989795918367347 0.0
form 0.0 0.01020408163265306 0.0
nc 0.0 0.00510204081632653 0.0
ale 0.0 0.00510204081632653 0.0
daughter 0.0 0.05102040816326531 0.0
it 0.0 0.2193877551020408 0.0
role 0.0 0.02040816326530612 0.0
deliver 0.0 0.00510204081632653 0.0
mind 0.0 0.01020408163265306 0.0
with 0.0 0.4387755102040816 0.0
del 0.0 0.00510204081632653 0.0
conservative 0.0 0.01020408163265306 0.0
meanwhile 0.0 0.030612244897959183 0.0
treasure 0.0 0.015306122448979591 0.0
ex 0.0 0.00510204081632653 0.0
gain 0.0 0.00510204081632653 0.0
mansion 0.0 0.01020408163265306 0.0
heir 0.0 0.00510204081632653 0.0
ia 0.0 0.00510204081632653 0.0
we 0.0 0.01020408163265306 0.0
fair 0.0 0.015306122448979591 0.0
fire 0.0 0.00510204081632653 0.0
where 0.0 0.11224489795918367 0.0
from 0.001282051282051282 0.3520408163265306 0.0004513343799058085
revolutionary 0.0 0.00510204081632653 0.0
o 0.0 0.00510204081632653 0.0
kat 0.0 0.00510204081632653 0.0
I 0.0 0.0 0.0
serve 0.0 0.00510204081632653 0.0
mark 0.0 0.01020408163265306 0.0
local 0.0 0.025510204081632654 0.0
j 0.0 0.00510204081632653 0.0
high 0.0 0.015306122448979591 0.0
kate 0.0 0.01020408163265306 0.0
pair 0.0 0.00510204081632653 0.0
road 0.0 0.00510204081632653 0.0
by 0.0 0.33163265306122447 0.0
at 0.0 0.23469387755102042 0.0
inherit 0.0 0.00510204081632653 0.0
so 0.0 0.030612244897959183 0.0
plate 0.0 0.00510204081632653 0.0
en 0.0 0.00510204081632653 0.0
alex 0.0 0.01020408163265306 0.0
or 0.0 0.09183673469387756 0.0
pa 0.0 0.00510204081632653 0.0
to 0.001282051282051282 0.7806122448979592 0.001000784929356358
silver 0.0 0.00510204081632653 0.0
wonderland 0.0 0.00510204081632653 0.0
river 0.0 0.0 0.0
canal 0.0 0.0 0.0
bustle 0.0 0.00510204081632653 0.0
skater 0.0 0.0 0.0
market 0.0 0.00510204081632653 0.0
matvey 0.0 0.00510204081632653 0.0
delivery 0.0 0.00510204081632653 0.0
bakery 0.0 0.00510204081632653 0.0
poor 0.0 0.00510204081632653 0.0
lamplighter 0.0 0.00510204081632653 0.0
skate 0.0 0.0 0.0
unjustly 0.0 0.00510204081632653 0.0
pickpocket 0.0 0.0 0.0
alisa 0.0 0.00510204081632653 0.0
science 0.0 0.00510204081632653 0.0
sk 0.0 0.00510204081632653 0.0
ice 0.0 0.0 0.0
tv 0.0 0.00510204081632653 0.0
who 0.000641025641025641 0.39285714285714285 0.0002518315018315018
