live 0.0 0.05612244897959184 0.0
life 0.0 0.20408163265306123 0.0
but 0.0 0.3112244897959184 0.0
he 0.0 0.34183673469387754 0.0
forest 0.0 0.04081632653061224 0.0
the 0.0 0.9540816326530612 0.0
manage 0.0 0.0 0.0
change 0.0 0.02040816326530612 0.0
stop 0.0 0.03571428571428571 0.0
war 0.0 0.05612244897959184 0.0
a 0.0016722408026755853 0.8826530612244898 0.0014760084635861033
end 0.0 0.04591836734693878 0.0
battle 0.0 0.061224489795918366 0.0
ever 0.0 0.05102040816326531 0.0
in 0.0016722408026755853 0.7346938775510204 0.0012285850795167566
moscow 0.0 0.05102040816326531 0.0
man 0.0 0.12755102040816327 0.0
no 0.0 0.07142857142857142 0.0
as 0.0 0.3469387755102041 0.0
move 0.0 0.025510204081632654 0.0
die 0.0 0.01020408163265306 0.0
rest 0.0 0.025510204081632654 0.0
al 0.0 0.00510204081632653 0.0
mission 0.0 0.07142857142857142 0.0
she 0.0 0.19387755102040816 0.0
make 0.0 0.061224489795918366 0.0
after 0.0 0.1989795918367347 0.0
final 0.0 0.02040816326530612 0.0
finally 0.0 0.03571428571428571 0.0
friend 0.0 0.0663265306122449 0.0
plan 0.0 0.02040816326530612 0.0
towards 0.0 0.015306122448979591 0.0
north 0.0 0.01020408163265306 0.0
on 0.0 0.3520408163265306 0.0
far 0.0 0.030612244897959183 0.0
face 0.0 0.025510204081632654 0.0
old 0.0 0.05612244897959184 0.0
land 0.0 0.030612244897959183 0.0
i 0.0 0.00510204081632653 0.0
territory 0.0 0.015306122448979591 0.0
west 0.0 0.02040816326530612 0.0
back 0.0 0.08673469387755102 0.0
alive 0.0 0.015306122448979591 0.0
there 0.0 0.08163265306122448 0.0
for 0.0 0.3877551020408163 0.0
and 0.0016722408026755853 0.8571428571428571 0.0014333492594362158
trial 0.0 0.01020408163265306 0.0
enemy 0.0 0.025510204081632654 0.0
be 0.0 0.1377551020408163 0.0
challenge 0.0 0.01020408163265306 0.0
german 0.0 0.02040816326530612 0.0
tank 0.0 0.01020408163265306 0.0
ace 0.0 0.0 0.0
soldier 0.0 0.01020408163265306 0.0
nazi 0.0 0.01020408163265306 0.0
during 0.0 0.04591836734693878 0.0
safe 0.0 0.01020408163265306 0.0
all 0.0 0.17346938775510204 0.0
plane 0.0 0.01020408163265306 0.0
less 0.0 0.00510204081632653 0.0
another 0.0 0.030612244897959183 0.0
shoot 0.0 0.00510204081632653 0.0
december 0.0 0.01020408163265306 0.0
northwestern 0.0 0.00510204081632653 0.0
front 0.0 0.00510204081632653 0.0
column 0.0 0.00510204081632653 0.0
advance 0.0 0.00510204081632653 0.0
nikolai 0.0 0.00510204081632653 0.0
komlev 0.0 0.00510204081632653 0.0
shot 0.0 0.01020408163265306 0.0
remote 0.0 0.015306122448979591 0.0
clearing 0.0 0.00510204081632653 0.0
friendly 0.0 0.00510204081632653 0.0
ahead 0.0 0.00510204081632653 0.0
relentless 0.0 0.01020408163265306 0.0
severe 0.0 0.00510204081632653 0.0
physical 0.0 0.015306122448979591 0.0
mental 0.0 0.01020408163265306 0.0
endurance 0.0 0.00510204081632653 0.0
hunger 0.0 0.01020408163265306 0.0
extreme 0.0 0.00510204081632653 0.0
cold 0.0 0.025510204081632654 0.0
evading 0.0 0.00510204081632653 0.0
pack 0.0 0.0 0.0
wolf 0.0 0.00510204081632653 0.0
detachment 0.0 0.0 0.0
wound 0.0 0.0 0.0
safety 0.0 0.00510204081632653 0.0
age 0.0 0.025510204081632654 0.0
ss 0.0 0.00510204081632653 0.0
de 0.0 0.025510204081632654 0.0
here 0.0 0.01020408163265306 0.0
will 0.0 0.1989795918367347 0.0
nc 0.0 0.00510204081632653 0.0
it 0.0 0.2193877551020408 0.0
not 0.0 0.14795918367346939 0.0
ex 0.0 0.00510204081632653 0.0
ia 0.0 0.00510204081632653 0.0
hal 0.0 0.00510204081632653 0.0
we 0.0 0.01020408163265306 0.0
sell 0.0 0.0 0.0
from 0.0016722408026755853 0.3520408163265306 0.0005886970172684458
o 0.0 0.00510204081632653 0.0
hot 0.0 0.00510204081632653 0.0
I 0.0 0.0 0.0
if 0.0 0.03571428571428571 0.0
head 0.0 0.015306122448979591 0.0
top 0.0 0.00510204081632653 0.0
fore 0.0 0.00510204081632653 0.0
hang 0.0 0.00510204081632653 0.0
most 0.0 0.07653061224489796 0.0
at 0.0 0.23469387755102042 0.0
clear 0.0 0.015306122448979591 0.0
toward 0.0 0.01020408163265306 0.0
so 0.0 0.030612244897959183 0.0
ring 0.0 0.00510204081632653 0.0
en 0.0 0.00510204081632653 0.0
or 0.0 0.09183673469387756 0.0
pa 0.0 0.00510204081632653 0.0
crash 0.0 0.01020408163265306 0.0
to 0.0033444816053511705 0.7806122448979592 0.0026107432939731076
