small 0.0 0.07653061224489796 0.0
but 0.0 0.3112244897959184 0.0
he 0.0 0.34183673469387754 0.0
forest 0.00022492127755285648 0.04081632653061224 9.180460308279855e-06
the 0.0035987404408457037 0.9540816326530612 0.0034334921552966664
a 0.0006747638326585695 0.8826530612244898 0.0005955823624996557
in 0.0006747638326585695 0.7346938775510204 0.0004957448566471123
one 0.0 0.18877551020408162 0.0
mysterious 0.0 0.08673469387755102 0.0
without 0.0 0.04081632653061224 0.0
rest 0.0 0.025510204081632654 0.0
police 0.0 0.08163265306122448 0.0
al 0.0 0.00510204081632653 0.0
she 0.0 0.19387755102040816 0.0
rise 0.00022492127755285648 0.02040816326530612 4.590230154139928e-06
thou 0.0 0.01020408163265306 0.0
town 0.0 0.05102040816326531 0.0
crime 0.0 0.030612244897959183 0.0
villefranche 0.0 0.00510204081632653 0.0
phone 0.0 0.01020408163265306 0.0
reception 0.0 0.00510204081632653 0.0
edge 0.0 0.01020408163265306 0.0
number 0.0 0.01020408163265306 0.0
inhabitant 0.0 0.0 0.0
dwindle 0.0 0.0 0.0
sharp 0.0 0.01020408163265306 0.0
inspector 0.0 0.00510204081632653 0.0
laurène 0.0 0.00510204081632653 0.0
victim 0.0 0.00510204081632653 0.0
keep 0.0 0.015306122448979591 0.0
discover 0.0 0.025510204081632654 0.0
fresh 0.0 0.01020408163265306 0.0
corpse 0.0 0.0 0.0
on 0.00022492127755285648 0.3520408163265306 7.918147015891377e-05
once 0.0 0.061224489795918366 0.0
i 0.0 0.00510204081632653 0.0
win 0.0 0.015306122448979591 0.0
there 0.0 0.08163265306122448 0.0
for 0.0 0.3877551020408163 0.0
be 0.00022492127755285648 0.1377551020408163 3.098405354044451e-05
all 0.00022492127755285648 0.17346938775510204 3.901695631018939e-05
here 0.0 0.01020408163265306 0.0
nc 0.0 0.00510204081632653 0.0
rio 0.0 0.025510204081632654 0.0
it 0.0 0.2193877551020408 0.0
pt 0.0 0.00510204081632653 0.0
with 0.0 0.4387755102040816 0.0
out 0.00022492127755285648 0.18877551020408162 4.245962892579433e-05
we 0.0 0.01020408163265306 0.0
ranch 0.0 0.00510204081632653 0.0
o 0.0 0.00510204081632653 0.0
I 0.0 0.0 0.0
cover 0.00022492127755285648 0.015306122448979591 3.4426726156049462e-06
tim 0.0 0.00510204081632653 0.0
fore 0.0 0.00510204081632653 0.0
ring 0.00022492127755285648 0.00510204081632653 1.147557538534982e-06
or 0.0 0.09183673469387756 0.0
to 0.0017993702204228519 0.7806122448979592 0.0014046104271668181
