live 0.0 0.05612244897959184 0.0
life 0.0 0.20408163265306123 0.0
king 0.0 0.030612244897959183 0.0
he 0.0 0.34183673469387754 0.0
get 0.0 0.0663265306122449 0.0
the 0.0033444816053511705 0.9540816326530612 0.003190908470411576
find 0.0016722408026755853 0.08163265306122448 0.0001365094532796396
a 0.0008361204013377926 0.8826530612244898 0.0007380042317930517
love 0.0 0.09183673469387756 0.0
human 0.0 0.05612244897959184 0.0
in 0.0016722408026755853 0.7346938775510204 0.0012285850795167566
man 0.0 0.12755102040816327 0.0
one 0.0 0.18877551020408162 0.0
able 0.0 0.030612244897959183 0.0
mysterious 0.0 0.08673469387755102 0.0
this 0.0 0.17346938775510204 0.0
as 0.0 0.3469387755102041 0.0
people 0.0 0.11734693877551021 0.0
base 0.0 0.0 0.0
city 0.0 0.09183673469387756 0.0
law 0.0 0.01020408163265306 0.0
al 0.0 0.00510204081632653 0.0
break 0.0 0.01020408163265306 0.0
accident 0.0 0.025510204081632654 0.0
after 0.0 0.1989795918367347 0.0
fight 0.0 0.03571428571428571 0.0
resemble 0.0 0.00510204081632653 0.0
deep 0.0 0.015306122448979591 0.0
world 0.0008361204013377926 0.19387755102040816 0.00016210497576957204
can 0.0 0.08673469387755102 0.0
come 0.0 0.025510204081632654 0.0
young 0.0 0.15816326530612246 0.0
tale 0.0 0.00510204081632653 0.0
keep 0.0 0.015306122448979591 0.0
on 0.0 0.3520408163265306 0.0
meet 0.0 0.030612244897959183 0.0
i 0.0 0.00510204081632653 0.0
back 0.0 0.08673469387755102 0.0
experience 0.0 0.02040816326530612 0.0
for 0.0 0.3877551020408163 0.0
and 0.0008361204013377926 0.8571428571428571 0.0007166746297181079
be 0.0008361204013377926 0.1377551020408163 0.00011517985120469591
memory 0.0 0.01020408163265306 0.0
all 0.0 0.17346938775510204 0.0
act 0.0 0.00510204081632653 0.0
reality 0.0 0.015306122448979591 0.0
look 0.0 0.025510204081632654 0.0
room 0.0 0.00510204081632653 0.0
ss 0.0 0.00510204081632653 0.0
de 0.0 0.025510204081632654 0.0
will 0.0 0.1989795918367347 0.0
nc 0.0 0.00510204081632653 0.0
ale 0.0 0.00510204081632653 0.0
rio 0.0 0.025510204081632654 0.0
it 0.0 0.2193877551020408 0.0
with 0.0 0.4387755102040816 0.0
talent 0.0 0.01020408163265306 0.0
coma 0.0 0.01020408163265306 0.0
ex 0.0 0.00510204081632653 0.0
must 0.0 0.07653061224489796 0.0
out 0.0016722408026755853 0.18877551020408162 0.00031567811070916656
gain 0.0 0.00510204081632653 0.0
we 0.0 0.01020408163265306 0.0
sam 0.0 0.00510204081632653 0.0
sense 0.0 0.01020408163265306 0.0
o 0.0 0.00510204081632653 0.0
hit 0.0 0.015306122448979591 0.0
I 0.0 0.0 0.0
if 0.0 0.03571428571428571 0.0
real 0.0 0.030612244897959183 0.0
architect 0.0 0.01020408163265306 0.0
at 0.0 0.23469387755102042 0.0
tie 0.0 0.0 0.0
los 0.0 0.00510204081632653 0.0
odd 0.0 0.01020408163265306 0.0
en 0.0 0.00510204081632653 0.0
that 0.0 0.40816326530612246 0.0
or 0.0 0.09183673469387756 0.0
to 0.0016722408026755853 0.7806122448979592 0.0013053716469865538
collect 0.0 0.00510204081632653 0.0
river 0.0 0.0 0.0
mus 0.0 0.00510204081632653 0.0
colossal 0.0 0.00510204081632653 0.0
talented 0.0 0.00510204081632653 0.0
sens 0.0 0.0 0.0
currently 0.0 0.00510204081632653 0.0
spotty 0.0 0.00510204081632653 0.0
chaotic 0.0 0.00510204081632653 0.0
unstable 0.0 0.00510204081632653 0.0
collection 0.0 0.00510204081632653 0.0
recollection 0.0 0.0 0.0
glacier 0.0 0.0 0.0
physics 0.0 0.00510204081632653 0.0
exact 0.0 0.00510204081632653 0.0
regulation 0.0 0.0 0.0
exit 0.0 0.00510204081632653 0.0
acquaint 0.0 0.0 0.0
who 0.0 0.39285714285714285 0.0
