but 0.0 0.3112244897959184 0.0
he 0.0 0.34183673469387754 0.0
get 0.0 0.0663265306122449 0.0
the 0.004641909814323607 0.9540816326530612 0.004428760894278135
manage 0.0 0.0 0.0
worth 0.0 0.01020408163265306 0.0
become 0.0 0.05612244897959184 0.0
side 0.0 0.015306122448979591 0.0
take 0.0 0.09183673469387756 0.0
war 0.0 0.05612244897959184 0.0
a 0.0 0.8826530612244898 0.0
love 0.0 0.09183673469387756 0.0
story 0.000663129973474801 0.12755102040816327 8.458290477994911e-05
they 0.0 0.28061224489795916 0.0
in 0.000663129973474801 0.7346938775510204 0.0004871975315325069
movie 0.0 0.030612244897959183 0.0
man 0.000663129973474801 0.12755102040816327 8.458290477994911e-05
no 0.0 0.07142857142857142 0.0
this 0.0 0.17346938775510204 0.0
as 0.000663129973474801 0.3469387755102041 0.0002300655010014616
al 0.0 0.00510204081632653 0.0
she 0.0 0.19387755102040816 0.0
tell 0.0 0.015306122448979591 0.0
secret 0.0 0.061224489795918366 0.0
come 0.0 0.025510204081632654 0.0
on 0.0 0.3520408163265306 0.0
what 0.0 0.1377551020408163 0.0
i 0.0 0.00510204081632653 0.0
worthy 0.0 0.01020408163265306 0.0
way 0.0 0.03571428571428571 0.0
for 0.0 0.3877551020408163 0.0
and 0.000663129973474801 0.8571428571428571 0.000568397120121258
be 0.0 0.1377551020408163 0.0
hell 0.0 0.015306122448979591 0.0
age 0.0 0.025510204081632654 0.0
de 0.0 0.025510204081632654 0.0
iya 0.0 0.00510204081632653 0.0
will 0.0 0.1989795918367347 0.0
it 0.000663129973474801 0.2193877551020408 0.00014548259622151246
with 0.0 0.4387755102040816 0.0
away 0.0 0.04081632653061224 0.0
not 0.0 0.14795918367346939 0.0
we 0.0 0.01020408163265306 0.0
defeat 0.0 0.0 0.0
o 0.0 0.00510204081632653 0.0
I 0.0 0.0 0.0
paradise 0.0 0.01020408163265306 0.0
grad 0.0 0.00510204081632653 0.0
at 0.0 0.23469387755102042 0.0
street 0.0 0.01020408163265306 0.0
en 0.0 0.00510204081632653 0.0
eat 0.0 0.00510204081632653 0.0
or 0.0 0.09183673469387756 0.0
pa 0.0 0.00510204081632653 0.0
to 0.0 0.7806122448979592 0.0
stalin 0.0 0.00510204081632653 0.0
stalingrad 0.0 0.00510204081632653 0.0
award 0.0 0.0 0.0
reward 0.0 0.00510204081632653 0.0
how 0.0 0.09183673469387756 0.0
defeated 0.0 0.01020408163265306 0.0
tilkin 0.0 0.00510204081632653 0.0
who 0.0 0.39285714285714285 0.0
