he 0.0 0.34183673469387754 0.0
the 0.002442002442002442 0.9540816326530612 0.002329869676808452
eye 0.0 0.02040816326530612 0.0
become 0.0 0.05612244897959184 0.0
find 0.0 0.08163265306122448 0.0
a 0.001221001221001221 0.8826530612244898 0.0010777204654755675
happy 0.0 0.025510204081632654 0.0
day 0.0 0.09183673469387756 0.0
in 0.0 0.7346938775510204 0.0
as 0.0 0.3469387755102041 0.0
without 0.0 0.04081632653061224 0.0
police 0.0 0.08163265306122448 0.0
al 0.0 0.00510204081632653 0.0
she 0.0006105006105006105 0.19387755102040816 0.00011836236326032245
year 0.0 0.01020408163265306 0.0
after 0.0 0.1989795918367347 0.0
hear 0.0 0.00510204081632653 0.0
europe 0.0 0.025510204081632654 0.0
deep 0.0 0.015306122448979591 0.0
evil 0.0 0.03571428571428571 0.0
family 0.0018315018315018315 0.22448979591836735 0.0004111534723779622
pie 0.0 0.00510204081632653 0.0
cast 0.0 0.01020408163265306 0.0
thou 0.0 0.01020408163265306 0.0
trace 0.0 0.015306122448979591 0.0
come 0.0 0.025510204081632654 0.0
part 0.0 0.04081632653061224 0.0
on 0.0 0.3520408163265306 0.0
lot 0.0 0.00510204081632653 0.0
art 0.0 0.00510204081632653 0.0
old 0.0 0.05612244897959184 0.0
land 0.0 0.030612244897959183 0.0
i 0.0 0.00510204081632653 0.0
captain 0.0 0.015306122448979591 0.0
girl 0.0 0.08673469387755102 0.0
christmas 0.0 0.01020408163265306 0.0
and 0.001221001221001221 0.8571428571428571 0.0010465724751439036
little 0.0 0.04591836734693878 0.0
be 0.0006105006105006105 0.1377551020408163 8.409957389549225e-05
all 0.0 0.17346938775510204 0.0
race 0.0 0.03571428571428571 0.0
unit 0.0 0.00510204081632653 0.0
vanish 0.0 0.00510204081632653 0.0
de 0.0 0.025510204081632654 0.0
it 0.0 0.2193877551020408 0.0
pt 0.0 0.00510204081632653 0.0
app 0.0 0.00510204081632653 0.0
fall 0.0 0.01020408163265306 0.0
with 0.0 0.4387755102040816 0.0
pierre 0.0 0.015306122448979591 0.0
heart 0.0 0.030612244897959183 0.0
out 0.0 0.18877551020408162 0.0
mel 0.0 0.00510204081632653 0.0
we 0.0 0.01020408163265306 0.0
vicious 0.0 0.01020408163265306 0.0
from 0.0006105006105006105 0.3520408163265306 0.00021492113328848024
o 0.0 0.00510204081632653 0.0
I 0.0 0.0 0.0
head 0.0 0.015306122448979591 0.0
charlotte 0.0 0.02040816326530612 0.0
region 0.0 0.01020408163265306 0.0
apart 0.0 0.01020408163265306 0.0
deeply 0.0 0.015306122448979591 0.0
community 0.0 0.01020408163265306 0.0
by 0.0006105006105006105 0.33163265306122447 0.0002024619371558147
at 0.0 0.23469387755102042 0.0
storm 0.0 0.00510204081632653 0.0
pummeling 0.0 0.00510204081632653 0.0
meyer 0.0 0.00510204081632653 0.0
lande 0.0 0.0 0.0
castaing 0.0 0.00510204081632653 0.0
tap 0.0 0.0 0.0
investigation 0.0 0.025510204081632654 0.0
shake 0.0 0.0 0.0
failure 0.0 0.00510204081632653 0.0
ostracize 0.0 0.0 0.0
en 0.0 0.00510204081632653 0.0
christ 0.0 0.00510204081632653 0.0
or 0.0 0.09183673469387756 0.0
pa 0.0 0.00510204081632653 0.0
to 0.0006105006105006105 0.7806122448979592 0.00047656425207445616
invest 0.0 0.00510204081632653 0.0
