king 0.0 0.030612244897959183 0.0
he 0.0 0.34183673469387754 0.0
the 0.002652519893899204 0.9540816326530612 0.0025307205110160773
go 0.0 0.09183673469387756 0.0
known 0.0 0.05612244897959184 0.0
know 0.0 0.07142857142857142 0.0
take 0.0 0.09183673469387756 0.0
sin 0.0 0.01020408163265306 0.0
a 0.002652519893899204 0.8826530612244898 0.0023412548043089914
they 0.0 0.28061224489795916 0.0
ago 0.0 0.025510204081632654 0.0
in 0.0 0.7346938775510204 0.0
man 0.0 0.12755102040816327 0.0
no 0.0 0.07142857142857142 0.0
this 0.0 0.17346938775510204 0.0
time 0.0 0.14795918367346939 0.0
as 0.0 0.3469387755102041 0.0
al 0.0 0.00510204081632653 0.0
dr 0.0 0.00510204081632653 0.0
want 0.0 0.01020408163265306 0.0
she 0.0 0.19387755102040816 0.0
year 0.0 0.01020408163265306 0.0
wife 0.0 0.05612244897959184 0.0
after 0.0 0.1989795918367347 0.0
leg 0.0 0.00510204081632653 0.0
under 0.0 0.0663265306122449 0.0
secret 0.0 0.061224489795918366 0.0
undertake 0.0 0.0 0.0
while 0.0 0.12244897959183673 0.0
plan 0.0 0.02040816326530612 0.0
india 0.001326259946949602 0.04081632653061224 5.4133059059167426e-05
engineer 0.0 0.00510204081632653 0.0
keep 0.0 0.015306122448979591 0.0
far 0.0 0.030612244897959183 0.0
encounter 0.0 0.02040816326530612 0.0
i 0.0 0.00510204081632653 0.0
win 0.0 0.015306122448979591 0.0
run 0.0 0.015306122448979591 0.0
include 0.0 0.00510204081632653 0.0
and 0.0 0.8571428571428571 0.0
little 0.0 0.04591836734693878 0.0
be 0.001326259946949602 0.1377551020408163 0.00018269907432469007
anti 0.0 0.00510204081632653 0.0
all 0.0 0.17346938775510204 0.0
race 0.0 0.03571428571428571 0.0
delhi 0.0 0.015306122448979591 0.0
farhan 0.0 0.00510204081632653 0.0
qureshi 0.0 0.00510204081632653 0.0
raju 0.0 0.00510204081632653 0.0
rastogi 0.0 0.00510204081632653 0.0
fellow 0.0 0.025510204081632654 0.0
collegian 0.0 0.00510204081632653 0.0
rancho 0.0 0.00510204081632653 0.0
fake 0.0 0.00510204081632653 0.0
stroke 0.0 0.00510204081632653 0.0
aboard 0.0 0.00510204081632653 0.0
air 0.0 0.01020408163265306 0.0
plane 0.0 0.01020408163265306 0.0
excuse 0.0 0.0 0.0
trouser 0.0 0.00510204081632653 0.0
less 0.0 0.00510204081632653 0.0
respectively 0.0 0.00510204081632653 0.0
enroute 0.0 0.00510204081632653 0.0
another 0.0 0.030612244897959183 0.0
student 0.0 0.025510204081632654 0.0
chatur 0.0 0.00510204081632653 0.0
ramalingam 0.0 0.00510204081632653 0.0
successful 0.0 0.00510204081632653 0.0
businessman 0.0 0.01020408163265306 0.0
remind 0.0 0.0 0.0
bet 0.0 0.00510204081632653 0.0
trio 0.0 0.00510204081632653 0.0
recollect 0.0 0.0 0.0
hilarious 0.0 0.00510204081632653 0.0
antic 0.0 0.0 0.0
dean 0.0 0.00510204081632653 0.0
imperial 0.0 0.00510204081632653 0.0
college 0.0 0.02040816326530612 0.0
engineering 0.0 0.01020408163265306 0.0
viru 0.0 0.00510204081632653 0.0
sahastrabudhe 0.0 0.00510204081632653 0.0
locate 0.0 0.00510204081632653 0.0
last 0.0 0.04591836734693878 0.0
address 0.0 0.00510204081632653 0.0
gunwantus 0.0 0.0 0.0
use 0.0 0.02040816326530612 0.0
user 0.0 0.00510204081632653 0.0
unit 0.0 0.00510204081632653 0.0
ss 0.0 0.00510204081632653 0.0
de 0.0 0.025510204081632654 0.0
nc 0.0 0.00510204081632653 0.0
rio 0.0 0.025510204081632654 0.0
it 0.0 0.2193877551020408 0.0
pt 0.0 0.00510204081632653 0.0
fall 0.0 0.01020408163265306 0.0
mind 0.0 0.01020408163265306 0.0
with 0.0 0.4387755102040816 0.0
del 0.0 0.00510204081632653 0.0
add 0.0 0.00510204081632653 0.0
not 0.0 0.14795918367346939 0.0
ex 0.0 0.00510204081632653 0.0
out 0.0 0.18877551020408162 0.0
heir 0.0 0.00510204081632653 0.0
ia 0.0 0.00510204081632653 0.0
we 0.0 0.01020408163265306 0.0
business 0.0 0.025510204081632654 0.0
respect 0.0 0.00510204081632653 0.0
ranch 0.0 0.00510204081632653 0.0
from 0.0 0.3520408163265306 0.0
o 0.0 0.00510204081632653 0.0
hot 0.0 0.00510204081632653 0.0
I 0.0 0.0 0.0
if 0.0 0.03571428571428571 0.0
j 0.0 0.00510204081632653 0.0
tim 0.0 0.00510204081632653 0.0
cate 0.0 0.00510204081632653 0.0
ram 0.0 0.00510204081632653 0.0
dea 0.0 0.00510204081632653 0.0
cat 0.0 0.01020408163265306 0.0
now 0.0 0.07653061224489796 0.0
at 0.0 0.23469387755102042 0.0
las 0.0 0.00510204081632653 0.0
ring 0.0 0.00510204081632653 0.0
en 0.0 0.00510204081632653 0.0
route 0.0 0.00510204081632653 0.0
that 0.0 0.40816326530612246 0.0
to 0.0 0.7806122448979592 0.0
collect 0.0 0.00510204081632653 0.0
low 0.0 0.00510204081632653 0.0
who 0.0 0.39285714285714285 0.0
