life 0.0016025641025641025 0.20408163265306123 0.0003270538984824699
he 0.0 0.34183673469387754 0.0
the 0.003205128205128205 0.9540816326530612 0.0030579539508110935
go 0.0 0.09183673469387756 0.0
a 0.0 0.8826530612244898 0.0
end 0.0 0.04591836734693878 0.0
day 0.0 0.09183673469387756 0.0
in 0.0 0.7346938775510204 0.0
as 0.0 0.3469387755102041 0.0
soviet 0.0 0.030612244897959183 0.0
book 0.0 0.02040816326530612 0.0
al 0.0 0.00510204081632653 0.0
dr 0.0 0.00510204081632653 0.0
carry 0.0 0.01020408163265306 0.0
family 0.0 0.22448979591836735 0.0
friend 0.0 0.0663265306122449 0.0
while 0.0 0.12244897959183673 0.0
fantasy 0.0 0.01020408163265306 0.0
long 0.0 0.05612244897959184 0.0
on 0.0 0.3520408163265306 0.0
art 0.0 0.00510204081632653 0.0
rus 0.0 0.00510204081632653 0.0
i 0.0 0.00510204081632653 0.0
suffer 0.0 0.0 0.0
fan 0.0 0.00510204081632653 0.0
and 0.0 0.8571428571428571 0.0
be 0.0016025641025641025 0.1377551020408163 0.00022076138147566717
reality 0.0 0.015306122448979591 0.0
russia 0.0 0.02040816326530612 0.0
ss 0.0 0.00510204081632653 0.0
it 0.0 0.2193877551020408 0.0
omi 0.0 0.00510204081632653 0.0
out 0.0 0.18877551020408162 0.0
ia 0.0 0.00510204081632653 0.0
we 0.0 0.01020408163265306 0.0
from 0.0 0.3520408163265306 0.0
o 0.0 0.00510204081632653 0.0
if 0.0 0.03571428571428571 0.0
real 0.0 0.030612244897959183 0.0
walk 0.0 0.015306122448979591 0.0
by 0.0 0.33163265306122447 0.0
so 0.0 0.030612244897959183 0.0
car 0.0 0.00510204081632653 0.0
ring 0.0 0.00510204081632653 0.0
en 0.0 0.00510204081632653 0.0
or 0.0 0.09183673469387756 0.0
comic 0.0 0.00510204081632653 0.0
artist 0.0 0.00510204081632653 0.0
flu 0.0 0.00510204081632653 0.0
petrov 0.0 0.00510204081632653 0.0
igor 0.0 0.01020408163265306 0.0
drift 0.0 0.0 0.0
rift 0.0 0.00510204081632653 0.0
