dream 0.0 0.015306122448979591 0.0
live 0.001326259946949602 0.05612244897959184 7.443295620635522e-05
life 0.001326259946949602 0.20408163265306123 0.00027066529529583716
but 0.0 0.3112244897959184 0.0
child 0.0 0.04081632653061224 0.0
he 0.0 0.34183673469387754 0.0
get 0.0 0.0663265306122449 0.0
red 0.0 0.01020408163265306 0.0
the 0.002652519893899204 0.9540816326530612 0.0025307205110160773
go 0.0 0.09183673469387756 0.0
side 0.0 0.015306122448979591 0.0
decide 0.0 0.03571428571428571 0.0
find 0.0 0.08163265306122448 0.0
lead 0.0 0.02040816326530612 0.0
two 0.0 0.12755102040816327 0.0
a 0.003978779840848806 0.8826530612244898 0.0035118822064634874
husband 0.0 0.03571428571428571 0.0
end 0.0 0.04591836734693878 0.0
night 0.0 0.025510204081632654 0.0
in 0.001326259946949602 0.7346938775510204 0.0009743950630650138
man 0.0 0.12755102040816327 0.0
no 0.0 0.07142857142857142 0.0
this 0.0 0.17346938775510204 0.0
time 0.0 0.14795918367346939 0.0
as 0.0 0.3469387755102041 0.0
journey 0.0 0.08163265306122448 0.0
when 0.0 0.27040816326530615 0.0
help 0.0 0.10204081632653061 0.0
al 0.0 0.00510204081632653 0.0
dr 0.0 0.00510204081632653 0.0
kill 0.0 0.030612244897959183 0.0
former 0.0 0.03571428571428571 0.0
break 0.0 0.01020408163265306 0.0
new 0.0 0.1377551020408163 0.0
she 0.0 0.19387755102040816 0.0
wife 0.0 0.05612244897959184 0.0
accident 0.0 0.025510204081632654 0.0
leave 0.0 0.02040816326530612 0.0
leg 0.0 0.00510204081632653 0.0
leader 0.0 0.01020408163265306 0.0
stage 0.0 0.025510204081632654 0.0
best 0.0 0.03571428571428571 0.0
east 0.0 0.015306122448979591 0.0
village 0.0 0.025510204081632654 0.0
soon 0.0 0.04081632653061224 0.0
upper 0.0 0.01020408163265306 0.0
town 0.0 0.05102040816326531 0.0
follow 0.0 0.015306122448979591 0.0
come 0.0 0.025510204081632654 0.0
set 0.0 0.05102040816326531 0.0
tale 0.0 0.00510204081632653 0.0
center 0.0 0.00510204081632653 0.0
prepared 0.0 0.00510204081632653 0.0
sharp 0.0 0.01020408163265306 0.0
discover 0.0 0.025510204081632654 0.0
on 0.0 0.3520408163265306 0.0
row 0.0 0.00510204081632653 0.0
map 0.0 0.01020408163265306 0.0
i 0.0 0.00510204081632653 0.0
hope 0.0 0.030612244897959183 0.0
west 0.0 0.02040816326530612 0.0
over 0.0 0.07653061224489796 0.0
series 0.0 0.07142857142857142 0.0
band 0.0 0.02040816326530612 0.0
living 0.0 0.05612244897959184 0.0
for 0.0 0.3877551020408163 0.0
perform 0.0 0.01020408163265306 0.0
woman 0.0 0.07142857142857142 0.0
society 0.0 0.03571428571428571 0.0
and 0.001326259946949602 0.8571428571428571 0.001136794240242516
fast 0.0 0.00510204081632653 0.0
be 0.0 0.1377551020408163 0.0
all 0.0 0.17346938775510204 0.0
act 0.0 0.00510204081632653 0.0
throw 0.0 0.00510204081632653 0.0
another 0.0 0.030612244897959183 0.0
college 0.0 0.02040816326530612 0.0
transform 0.0 0.015306122448979591 0.0
use 0.0 0.02040816326530612 0.0
upend 0.0 0.0 0.0
suddenly 0.0 0.030612244897959183 0.0
age 0.0 0.025510204081632654 0.0
ss 0.0 0.00510204081632653 0.0
jewish 0.0 0.015306122448979591 0.0
invent 0.0 0.00510204081632653 0.0
de 0.0 0.025510204081632654 0.0
here 0.0 0.01020408163265306 0.0
wish 0.0 0.00510204081632653 0.0
will 0.001326259946949602 0.1989795918367347 0.00026389866291344125
form 0.0 0.01020408163265306 0.0
ale 0.0 0.00510204081632653 0.0
it 0.0 0.2193877551020408 0.0
pt 0.0 0.00510204081632653 0.0
app 0.0 0.00510204081632653 0.0
male 0.0 0.00510204081632653 0.0
kid 0.0 0.00510204081632653 0.0
with 0.0 0.4387755102040816 0.0
omi 0.0 0.00510204081632653 0.0
dominate 0.0 0.0 0.0
stan 0.0 0.00510204081632653 0.0
skill 0.0 0.0 0.0
performer 0.0 0.01020408163265306 0.0
manhattan 0.0 0.00510204081632653 0.0
marvelous 0.0 0.00510204081632653 0.0
maisel 0.0 0.00510204081632653 0.0
dramedy 0.0 0.00510204081632653 0.0
miriam 0.0 0.00510204081632653 0.0
midge 0.0 0.00510204081632653 0.0
sunny 0.0 0.00510204081632653 0.0
energetic 0.0 0.00510204081632653 0.0
yom 0.0 0.00510204081632653 0.0
kippur 0.0 0.00510204081632653 0.0
breakfast 0.0 0.0 0.0
enough 0.0 0.00510204081632653 0.0
exactly 0.0 0.00510204081632653 0.0
happily 0.0 0.00510204081632653 0.0
cheerleader 0.0 0.00510204081632653 0.0
comedy 0.0 0.00510204081632653 0.0
career 0.0 0.02040816326530612 0.0
perfect 0.0 0.01020408163265306 0.0
utterly 0.0 0.00510204081632653 0.0
unprepared 0.0 0.00510204081632653 0.0
choice 0.0 0.01020408163265306 0.0
reevaluate 0.0 0.00510204081632653 0.0
accidentally 0.0 0.01020408163265306 0.0
stumble 0.0 0.0 0.0
onto 0.0 0.01020408163265306 0.0
nightclub 0.0 0.00510204081632653 0.0
comedic 0.0 0.00510204081632653 0.0
newfound 0.0 0.00510204081632653 0.0
talent 0.0 0.01020408163265306 0.0
reinvent 0.0 0.00510204081632653 0.0
trajectory 0.0 0.00510204081632653 0.0
pursue 0.0 0.00510204081632653 0.0
profession 0.0 0.00510204081632653 0.0
uptown 0.0 0.00510204081632653 0.0
matron 0.0 0.00510204081632653 0.0
club 0.0 0.01020408163265306 0.0
not 0.0 0.14795918367346939 0.0
ex 0.0 0.00510204081632653 0.0
out 0.0 0.18877551020408162 0.0
ia 0.0 0.00510204081632653 0.0
we 0.0 0.01020408163265306 0.0
enter 0.0 0.02040816326530612 0.0
leaf 0.0 0.0 0.0
where 0.0 0.11224489795918367 0.0
from 0.0 0.3520408163265306 0.0
sun 0.0 0.00510204081632653 0.0
o 0.0 0.00510204081632653 0.0
I 0.0 0.0 0.0
lou 0.0 0.00510204081632653 0.0
left 0.0 0.04081632653061224 0.0
if 0.0 0.03571428571428571 0.0
mid 0.0 0.00510204081632653 0.0
val 0.0 0.00510204081632653 0.0
nate 0.0 0.00510204081632653 0.0
stand 0.0 0.02040816326530612 0.0
j 0.0 0.00510204081632653 0.0
cover 0.0 0.015306122448979591 0.0
tim 0.0 0.00510204081632653 0.0
care 0.0 0.01020408163265306 0.0
ram 0.0 0.00510204081632653 0.0
at 0.0 0.23469387755102042 0.0
so 0.0 0.030612244897959183 0.0
car 0.0 0.00510204081632653 0.0
pen 0.0 0.00510204081632653 0.0
en 0.0 0.00510204081632653 0.0
that 0.0 0.40816326530612246 0.0
or 0.0 0.09183673469387756 0.0
pa 0.0 0.00510204081632653 0.0
to 0.0 0.7806122448979592 0.0
ski 0.0 0.00510204081632653 0.0
evaluate 0.0 0.00510204081632653 0.0
low 0.0 0.00510204081632653 0.0
sk 0.0 0.00510204081632653 0.0
exact 0.0 0.00510204081632653 0.0
who 0.0 0.39285714285714285 0.0
