live 0.0006105006105006105 0.05612244897959184 3.426278936483018e-05
life 0.001221001221001221 0.20408163265306123 0.0002491839226533104
he 0.0 0.34183673469387754 0.0
the 0.002442002442002442 0.9540816326530612 0.002329869676808452
go 0.0 0.09183673469387756 0.0
save 0.0006105006105006105 0.030612244897959183 1.8688794198998282e-05
known 0.0 0.05612244897959184 0.0
know 0.0 0.07142857142857142 0.0
side 0.0 0.015306122448979591 0.0
find 0.0 0.08163265306122448 0.0
a 0.0030525030525030525 0.8826530612244898 0.002694301163688919
love 0.0 0.09183673469387756 0.0
they 0.0 0.28061224489795916 0.0
ever 0.0 0.05102040816326531 0.0
in 0.0018315018315018315 0.7346938775510204 0.0013455931823278763
moscow 0.0006105006105006105 0.05102040816326531 3.11479903316638e-05
man 0.0 0.12755102040816327 0.0
no 0.0 0.07142857142857142 0.0
one 0.0006105006105006105 0.18877551020408162 0.00011524756422715606
turn 0.0 0.025510204081632654 0.0
as 0.0 0.3469387755102041 0.0
people 0.0 0.11734693877551021 0.0
era 0.0 0.01020408163265306 0.0
journey 0.0 0.08163265306122448 0.0
base 0.0 0.0 0.0
book 0.0 0.02040816326530612 0.0
city 0.0 0.09183673469387756 0.0
al 0.0 0.00510204081632653 0.0
dr 0.0 0.00510204081632653 0.0
film 0.0 0.061224489795918366 0.0
break 0.0 0.01020408163265306 0.0
although 0.0 0.02040816326530612 0.0
she 0.0 0.19387755102040816 0.0
wife 0.0 0.05612244897959184 0.0
drama 0.0 0.05102040816326531 0.0
play 0.0 0.00510204081632653 0.0
believe 0.0 0.00510204081632653 0.0
still 0.0 0.02040816326530612 0.0
roof 0.0 0.01020408163265306 0.0
under 0.0 0.0663265306122449 0.0
son 0.0 0.08163265306122448 0.0
late 0.0 0.02040816326530612 0.0
best 0.0 0.03571428571428571 0.0
fight 0.0 0.03571428571428571 0.0
lose 0.0 0.00510204081632653 0.0
family 0.0 0.22448979591836735 0.0
can 0.0 0.08673469387755102 0.0
thou 0.0 0.01020408163265306 0.0
set 0.0 0.05102040816326531 0.0
north 0.0 0.01020408163265306 0.0
hunt 0.0 0.0 0.0
character 0.0 0.02040816326530612 0.0
put 0.0 0.03571428571428571 0.0
never 0.0 0.03571428571428571 0.0
long 0.0 0.05612244897959184 0.0
island 0.0 0.02040816326530612 0.0
first 0.0 0.08163265306122448 0.0
even 0.0 0.07142857142857142 0.0
disaster 0.0 0.01020408163265306 0.0
part 0.0 0.04081632653061224 0.0
on 0.0 0.3520408163265306 0.0
art 0.0 0.00510204081632653 0.0
dangerous 0.0 0.04591836734693878 0.0
land 0.0006105006105006105 0.030612244897959183 1.8688794198998282e-05
rus 0.0 0.00510204081632653 0.0
i 0.0 0.00510204081632653 0.0
show 0.0 0.030612244897959183 0.0
there 0.0 0.08163265306122448 0.0
for 0.0 0.3877551020408163 0.0
anne 0.0 0.00510204081632653 0.0
woman 0.0 0.07142857142857142 0.0
and 0.001221001221001221 0.8571428571428571 0.0010465724751439036
be 0.0006105006105006105 0.1377551020408163 8.409957389549225e-05
till 0.0 0.00510204081632653 0.0
safe 0.0 0.01020408163265306 0.0
all 0.0 0.17346938775510204 0.0
act 0.0 0.00510204081632653 0.0
less 0.0 0.00510204081632653 0.0
viru 0.0 0.00510204081632653 0.0
russia 0.0 0.02040816326530612 0.0
dead 0.0 0.015306122448979591 0.0
age 0.0 0.025510204081632654 0.0
ss 0.0 0.00510204081632653 0.0
lie 0.0 0.00510204081632653 0.0
language 0.0 0.00510204081632653 0.0
de 0.0 0.025510204081632654 0.0
hunting 0.0 0.015306122448979591 0.0
lodge 0.0 0.01020408163265306 0.0
prize 0.0 0.015306122448979591 0.0
canne 0.0 0.0 0.0
here 0.0 0.01020408163265306 0.0
will 0.0 0.1989795918367347 0.0
nc 0.0 0.00510204081632653 0.0
danger 0.0 0.01020408163265306 0.0
money 0.0 0.030612244897959183 0.0
behind 0.0 0.05612244897959184 0.0
it 0.0 0.2193877551020408 0.0
role 0.0 0.02040816326530612 0.0
pt 0.0 0.00510204081632653 0.0
with 0.0006105006105006105 0.4387755102040816 0.0002678727168523087
past 0.0 0.04591836734693878 0.0
desperate 0.0 0.01020408163265306 0.0
not 0.0 0.14795918367346939 0.0
food 0.0 0.015306122448979591 0.0
ex 0.0 0.00510204081632653 0.0
fighting 0.0 0.02040816326530612 0.0
out 0.0 0.18877551020408162 0.0
gain 0.0 0.00510204081632653 0.0
heir 0.0 0.00510204081632653 0.0
ia 0.0 0.00510204081632653 0.0
we 0.0 0.01020408163265306 0.0
sell 0.0 0.0 0.0
main 0.0 0.02040816326530612 0.0
sam 0.0 0.00510204081632653 0.0
o 0.0 0.00510204081632653 0.0
these 0.0 0.05102040816326531 0.0
I 0.0 0.0 0.0
if 0.0 0.03571428571428571 0.0
unknown 0.0 0.02040816326530612 0.0
infect 0.0 0.0 0.0
global 0.0 0.01020408163265306 0.0
mid 0.0 0.00510204081632653 0.0
electric 0.0 0.00510204081632653 0.0
val 0.0 0.00510204081632653 0.0
j 0.0 0.00510204081632653 0.0
desperately 0.0 0.01020408163265306 0.0
ram 0.0 0.00510204081632653 0.0
dea 0.0 0.00510204081632653 0.0
mary 0.0 0.00510204081632653 0.0
by 0.0006105006105006105 0.33163265306122447 0.0002024619371558147
now 0.0 0.07653061224489796 0.0
at 0.0 0.23469387755102042 0.0
so 0.0 0.030612244897959183 0.0
outside 0.0 0.02040816326530612 0.0
los 0.0 0.00510204081632653 0.0
ann 0.0 0.00510204081632653 0.0
en 0.0 0.00510204081632653 0.0
that 0.0 0.40816326530612246 0.0
or 0.0 0.09183673469387756 0.0
pa 0.0 0.00510204081632653 0.0
sl 0.0 0.00510204081632653 0.0
to 0.0 0.7806122448979592 0.0
though 0.0 0.00510204081632653 0.0
midst 0.0 0.01020408163265306 0.0
virus 0.0 0.00510204081632653 0.0
electricity 0.0 0.01020408163265306 0.0
value 0.0 0.00510204081632653 0.0
fuel 0.0 0.00510204081632653 0.0
sergei 0.0 0.01020408163265306 0.0
autistic 0.0 0.00510204081632653 0.0
spite 0.0 0.00510204081632653 0.0
rush 0.0 0.0 0.0
hate 0.0 0.0 0.0
isolated 0.0 0.00510204081632653 0.0
desert 0.0 0.0 0.0
outbreak 0.0 0.00510204081632653 0.0
tv 0.0 0.00510204081632653 0.0
bestsell 0.0 0.0 0.0
vongozero 0.0 0.00510204081632653 0.0
write 0.0 0.0 0.0
yana 0.0 0.00510204081632653 0.0
vagner 0.0 0.00510204081632653 0.0
translate 0.0 0.0 0.0
eleven 0.0 0.00510204081632653 0.0
maryana 0.0 0.00510204081632653 0.0
spivak 0.0 0.00510204081632653 0.0
principle 0.0 0.00510204081632653 0.0
loveless 0.0 0.00510204081632653 0.0
andrei 0.0 0.00510204081632653 0.0
zvyagintsev 0.0 0.00510204081632653 0.0
jury 0.0 0.00510204081632653 0.0
selling 0.0 0.01020408163265306 0.0
how 0.0 0.09183673469387756 0.0
who 0.0006105006105006105 0.39285714285714285 0.00023983952555381126
