life 0.0 0.20408163265306123 0.0
he 0.0011596443757247777 0.34183673469387754 0.00039640904680387807
go 0.0 0.09183673469387756 0.0
control 0.0 0.04591836734693878 0.0
a 0.0021260146888287595 0.8826530612244898 0.0018765333733029358
in 0.0009663703131039815 0.7346938775510204 0.0007099863524845578
mysterious 0.0 0.08673469387755102 0.0
when 0.0001932740626207963 0.27040816326530615 5.226288428011329e-05
cop 0.0 0.03571428571428571 0.0
al 0.0 0.00510204081632653 0.0
accident 0.0001932740626207963 0.025510204081632654 4.930460781142763e-06
after 0.0001932740626207963 0.1989795918367347 3.845759409291355e-05
on 0.0001932740626207963 0.3520408163265306 6.804035877977013e-05
receive 0.0 0.00510204081632653 0.0
art 0.0 0.00510204081632653 0.0
i 0.0 0.00510204081632653 0.0
start 0.0 0.01020408163265306 0.0
extreme 0.0 0.00510204081632653 0.0
ss 0.0 0.00510204081632653 0.0
de 0.0 0.025510204081632654 0.0
rio 0.0 0.025510204081632654 0.0
it 0.0 0.2193877551020408 0.0
pt 0.0 0.00510204081632653 0.0
ex 0.0 0.00510204081632653 0.0
out 0.0001932740626207963 0.18877551020408162 3.648540978045644e-05
star 0.0 0.00510204081632653 0.0
we 0.0 0.01020408163265306 0.0
from 0.0 0.3520408163265306 0.0
threat 0.0 0.015306122448979591 0.0
o 0.0 0.00510204081632653 0.0
I 0.0 0.0 0.0
if 0.0 0.03571428571428571 0.0
cover 0.0 0.015306122448979591 0.0
corrupt 0.0 0.015306122448979591 0.0
spiral 0.0 0.01020408163265306 0.0
witness 0.0 0.00510204081632653 0.0
at 0.0 0.23469387755102042 0.0
en 0.0 0.00510204081632653 0.0
eat 0.0 0.00510204081632653 0.0
or 0.0 0.09183673469387756 0.0
to 0.001352918438345574 0.7806122448979592 0.0010561046993207799
