he 0.0 0.34183673469387754 0.0
the 0.002262443438914027 0.9540816326530612 0.0021585557299843012
a 0.004524886877828054 0.8826530612244898 0.003993905254409456
in 0.0 0.7346938775510204 0.0
era 0.0 0.01020408163265306 0.0
center 0.0 0.00510204081632653 0.0
unfold 0.0 0.00510204081632653 0.0
on 0.0 0.3520408163265306 0.0
old 0.0 0.05612244897959184 0.0
i 0.0 0.00510204081632653 0.0
and 0.002262443438914027 0.8571428571428571 0.00193923723335488
de 0.0 0.025510204081632654 0.0
nc 0.0 0.00510204081632653 0.0
enter 0.0 0.02040816326530612 0.0
o 0.0 0.00510204081632653 0.0
kat 0.0 0.00510204081632653 0.0
I 0.0 0.0 0.0
at 0.0 0.23469387755102042 0.0
bad 0.0 0.00510204081632653 0.0
car 0.0 0.00510204081632653 0.0
en 0.0 0.00510204081632653 0.0
nation 0.0 0.01020408163265306 0.0
theme 0.0 0.00510204081632653 0.0
reincarnation 0.0 0.00510204081632653 0.0
kolkata 0.0 0.00510204081632653 0.0
hyderabad 0.0 0.00510204081632653 0.0
kolka 0.0 0.00510204081632653 0.0
