he 0.001289213579716373 0.34183673469387754 0.00044070056041324996
the 0.0004297378599054577 0.9540816326530612 0.00041000499899143157
war 0.0 0.05612244897959184 0.0
a 0.001074344649763644 0.8826530612244898 0.0009482735939240328
in 0.0004297378599054577 0.7346938775510204 0.00031572577462441793
as 0.0004297378599054577 0.3469387755102041 0.0001490927269059751
journey 0.0 0.08163265306122448 0.0
family 0.0008594757198109154 0.22448979591836735 0.00019294352893714427
follow 0.00021486892995272884 0.015306122448979591 3.2888101523376864e-06
on 0.00021486892995272884 0.3520408163265306 7.564263350376678e-05
great 0.0 0.03571428571428571 0.0
i 0.0 0.00510204081632653 0.0
west 0.0 0.02040816326530612 0.0
be 0.0008594757198109154 0.1377551020408163 0.00011839716548415669
last 0.0 0.04591836734693878 0.0
nc 0.0 0.00510204081632653 0.0
rough 0.0 0.00510204081632653 0.0
we 0.0 0.01020408163265306 0.0
dutton 0.0 0.01020408163265306 0.0
america 0.0 0.02040816326530612 0.0
o 0.0 0.00510204081632653 0.0
I 0.0 0.0 0.0
j 0.0 0.00510204081632653 0.0
at 0.0 0.23469387755102042 0.0
plain 0.0 0.0 0.0
toward 0.0 0.01020408163265306 0.0
bastion 0.0 0.00510204081632653 0.0
uncolonised 0.0 0.00510204081632653 0.0
las 0.0 0.00510204081632653 0.0
through 0.0 0.08163265306122448 0.0
eat 0.0 0.00510204081632653 0.0
to 0.001074344649763644 0.7806122448979592 0.0008386465888461099
low 0.0 0.00510204081632653 0.0
