he 0.0 0.34183673469387754 0.0
the 0.0014245014245014244 0.9540816326530612 0.0013590906448049305
known 0.0 0.05612244897959184 0.0
know 0.0 0.07142857142857142 0.0
take 0.0007122507122507122 0.09183673469387756 6.541077969649397e-05
war 0.0 0.05612244897959184 0.0
a 0.0 0.8826530612244898 0.0
battle 0.0 0.061224489795918366 0.0
in 0.0007122507122507122 0.7346938775510204 0.0005232862375719518
no 0.0 0.07142857142857142 0.0
as 0.0 0.3469387755102041 0.0
city 0.0 0.09183673469387756 0.0
al 0.0 0.00510204081632653 0.0
pass 0.0 0.00510204081632653 0.0
mountain 0.0 0.01020408163265306 0.0
place 0.0 0.05612244897959184 0.0
india 0.0 0.04081632653061224 0.0
on 0.0 0.3520408163265306 0.0
i 0.0 0.00510204081632653 0.0
warrior 0.0 0.015306122448979591 0.0
for 0.0 0.3877551020408163 0.0
and 0.0021367521367521365 0.8571428571428571 0.0018315018315018313
be 0.0 0.1377551020408163 0.0
bet 0.0 0.00510204081632653 0.0
last 0.0 0.04591836734693878 0.0
ss 0.0 0.00510204081632653 0.0
de 0.0 0.025510204081632654 0.0
near 0.0 0.015306122448979591 0.0
rio 0.0 0.025510204081632654 0.0
it 0.0007122507122507122 0.2193877551020408 0.0001562590848305134
stan 0.0 0.00510204081632653 0.0
ia 0.0 0.00510204081632653 0.0
hal 0.0 0.00510204081632653 0.0
we 0.0 0.01020408163265306 0.0
o 0.0 0.00510204081632653 0.0
nate 0.0 0.00510204081632653 0.0
stand 0.0 0.02040816326530612 0.0
j 0.0 0.00510204081632653 0.0
mount 0.0 0.00510204081632653 0.0
now 0.0 0.07653061224489796 0.0
at 0.0 0.23469387755102042 0.0
las 0.0 0.00510204081632653 0.0
en 0.0 0.00510204081632653 0.0
that 0.0 0.40816326530612246 0.0
or 0.0 0.09183673469387756 0.0
pa 0.0 0.00510204081632653 0.0
ji 0.0 0.00510204081632653 0.0
shri 0.0 0.00510204081632653 0.0
to 0.0007122507122507122 0.7806122448979592 0.0005559916274201988
historical 0.0 0.00510204081632653 0.0
rearguard 0.0 0.00510204081632653 0.0
july 0.0 0.00510204081632653 0.0
vicinity 0.0 0.00510204081632653 0.0
fort 0.0 0.00510204081632653 0.0
vishalgad 0.0 0.00510204081632653 0.0
kolhapur 0.0 0.00510204081632653 0.0
maharashtra 0.0 0.00510204081632653 0.0
maratha 0.0 0.00510204081632653 0.0
baji 0.0 0.00510204081632653 0.0
prabhu 0.0 0.00510204081632653 0.0
deshpande 0.0 0.00510204081632653 0.0
siddi 0.0 0.00510204081632653 0.0
masud 0.0 0.00510204081632653 0.0
adilshah 0.0 0.00510204081632653 0.0
sultanate 0.0 0.00510204081632653 0.0
pavan 0.0 0.00510204081632653 0.0
khind 0.0 0.00510204081632653 0.0
kulkarnus 0.0 0.0 0.0
