live 0.0 0.05612244897959184 0.0
but 0.0 0.3112244897959184 0.0
he 0.001074344649763644 0.34183673469387754 0.00036725046701104156
get 0.00021486892995272884 0.0663265306122449 1.4251510660129975e-05
the 0.002363558229480017 0.9540816326530612 0.0022550274944528733
go 0.0 0.09183673469387756 0.0
known 0.0 0.05612244897959184 0.0
know 0.0 0.07142857142857142 0.0
close 0.0 0.00510204081632653 0.0
change 0.0 0.02040816326530612 0.0
disclose 0.0 0.01020408163265306 0.0
lead 0.0 0.02040816326530612 0.0
a 0.001289213579716373 0.8826530612244898 0.0011379283127088394
human 0.0 0.05612244897959184 0.0
they 0.00021486892995272884 0.28061224489795916 6.029485279285758e-05
force 0.0 0.025510204081632654 0.0
sign 0.0 0.00510204081632653 0.0
century 0.0 0.03571428571428571 0.0
in 0.001074344649763644 0.7346938775510204 0.0007893144365610446
man 0.0 0.12755102040816327 0.0
no 0.0 0.07142857142857142 0.0
knowledge 0.0 0.01020408163265306 0.0
as 0.0 0.3469387755102041 0.0
city 0.0 0.09183673469387756 0.0
al 0.0 0.00510204081632653 0.0
mission 0.0 0.07142857142857142 0.0
she 0.00021486892995272884 0.19387755102040816 4.165826192961069e-05
abduct 0.0 0.00510204081632653 0.0
partner 0.0 0.01020408163265306 0.0
secret 0.0 0.061224489795918366 0.0
lose 0.0 0.00510204081632653 0.0
plan 0.0 0.02040816326530612 0.0
follow 0.0 0.015306122448979591 0.0
major 0.0 0.04081632653061224 0.0
station 0.0 0.025510204081632654 0.0
part 0.0 0.04081632653061224 0.0
edge 0.0 0.01020408163265306 0.0
on 0.0 0.3520408163265306 0.0
different 0.0 0.03571428571428571 0.0
art 0.0 0.00510204081632653 0.0
dangerous 0.0 0.04591836734693878 0.0
i 0.0 0.00510204081632653 0.0
back 0.0 0.08673469387755102 0.0
run 0.0 0.015306122448979591 0.0
include 0.0 0.00510204081632653 0.0
for 0.0 0.3877551020408163 0.0
and 0.001289213579716373 0.8571428571428571 0.0011050402111854624
be 0.0008594757198109154 0.1377551020408163 0.00011839716548415669
sergeant 0.0 0.01020408163265306 0.0
command 0.0 0.01020408163265306 0.0
race 0.0 0.03571428571428571 0.0
plane 0.0 0.01020408163265306 0.0
last 0.0 0.04591836734693878 0.0
ss 0.0 0.00510204081632653 0.0
assign 0.0 0.0 0.0
de 0.0 0.025510204081632654 0.0
arun 0.0 0.015306122448979591 0.0
here 0.0 0.01020408163265306 0.0
nc 0.0 0.00510204081632653 0.0
hide 0.0 0.00510204081632653 0.0
danger 0.0 0.01020408163265306 0.0
ale 0.0 0.00510204081632653 0.0
carvalho 0.0 0.02040816326530612 0.0
rio 0.0 0.025510204081632654 0.0
janeiro 0.0 0.02040816326530612 0.0
brazil 0.0 0.02040816326530612 0.0
it 0.00021486892995272884 0.2193877551020408 4.713961218350683e-05
together 0.0 0.05612244897959184 0.0
del 0.0 0.00510204081632653 0.0
ex 0.0 0.00510204081632653 0.0
peace 0.0 0.015306122448979591 0.0
out 0.0 0.18877551020408162 0.0
line 0.0 0.01020408163265306 0.0
space 0.0 0.02040816326530612 0.0
minister 0.00021486892995272884 0.015306122448979591 3.2888101523376864e-06
heir 0.0 0.00510204081632653 0.0
ia 0.0 0.00510204081632653 0.0
commander 0.0 0.015306122448979591 0.0
we 0.0 0.01020408163265306 0.0
area 0.0 0.025510204081632654 0.0
retrieve 0.0 0.01020408163265306 0.0
hidden 0.0 0.030612244897959183 0.0
expect 0.0 0.0 0.0
where 0.0 0.11224489795918367 0.0
from 0.0 0.3520408163265306 0.0
o 0.0 0.00510204081632653 0.0
if 0.0 0.03571428571428571 0.0
alpha 0.0 0.00510204081632653 0.0
being 0.0 0.07653061224489796 0.0
planet 0.0 0.01020408163265306 0.0
exchange 0.0 0.0 0.0
culture 0.0 0.00510204081632653 0.0
grant 0.0 0.00510204081632653 0.0
valerian 0.0 0.00510204081632653 0.0
dane 0.0 0.00510204081632653 0.0
dehaan 0.0 0.00510204081632653 0.0
laureline 0.0 0.00510204081632653 0.0
cara 0.0 0.00510204081632653 0.0
delevingne 0.0 0.00510204081632653 0.0
defense 0.0 0.00510204081632653 0.0
herbie 0.0 0.00510204081632653 0.0
hancock 0.0 0.00510204081632653 0.0
species 0.0 0.00510204081632653 0.0
converter 0.0 0.00510204081632653 0.0
succeed 0.0 0.00510204081632653 0.0
unknown 0.0 0.02040816326530612 0.0
humanoid 0.0 0.0 0.0
filitt 0.0 0.00510204081632653 0.0
clive 0.0 0.00510204081632653 0.0
owen 0.0 0.00510204081632653 0.0
steal 0.0 0.00510204081632653 0.0
head 0.0 0.015306122448979591 0.0
forbidden 0.0 0.01020408163265306 0.0
infect 0.0 0.0 0.0
val 0.0 0.00510204081632653 0.0
j 0.0 0.00510204081632653 0.0
hang 0.0 0.00510204081632653 0.0
jane 0.0 0.00510204081632653 0.0
by 0.0004297378599054577 0.33163265306122447 0.00014251510660129974
now 0.0 0.07653061224489796 0.0
at 0.00021486892995272884 0.23469387755102042 5.0428422335844525e-05
los 0.0 0.00510204081632653 0.0
las 0.0 0.00510204081632653 0.0
car 0.0 0.00510204081632653 0.0
en 0.0 0.00510204081632653 0.0
forbid 0.0 0.0 0.0
cult 0.0 0.00510204081632653 0.0
that 0.0004297378599054577 0.40816326530612246 0.00017540320812467662
or 0.00021486892995272884 0.09183673469387756 1.973286091402612e-05
pa 0.0 0.00510204081632653 0.0
to 0.0004297378599054577 0.7806122448979592 0.00033545863553844404
low 0.0 0.00510204081632653 0.0
