small 0.0 0.07653061224489796 0.0
but 0.0 0.3112244897959184 0.0
he 0.0 0.34183673469387754 0.0
forest 0.0 0.04081632653061224 0.0
red 0.0 0.01020408163265306 0.0
the 0.0009380863039399625 0.9540816326530612 0.0008950109124325152
become 0.0 0.05612244897959184 0.0
call 0.0 0.01020408163265306 0.0
reach 0.0 0.025510204081632654 0.0
a 0.0028142589118198874 0.8826530612244898 0.002484014243596125
they 0.001876172607879925 0.28061224489795916 0.0005264770073132442
battle 0.0 0.061224489795918366 0.0
in 0.0 0.7346938775510204 0.0
movie 0.0 0.030612244897959183 0.0
try 0.0 0.01020408163265306 0.0
man 0.0 0.12755102040816327 0.0
no 0.0 0.07142857142857142 0.0
one 0.0 0.18877551020408162 0.0
seem 0.0 0.01020408163265306 0.0
able 0.0 0.030612244897959183 0.0
see 0.0 0.04081632653061224 0.0
as 0.0 0.3469387755102041 0.0
people 0.0 0.11734693877551021 0.0
soviet 0.0 0.030612244897959183 0.0
escape 0.0 0.04591836734693878 0.0
catch 0.0 0.0 0.0
die 0.0 0.01020408163265306 0.0
rest 0.0 0.025510204081632654 0.0
help 0.0 0.10204081632653061 0.0
al 0.0 0.00510204081632653 0.0
dr 0.0 0.00510204081632653 0.0
she 0.0 0.19387755102040816 0.0
after 0.0 0.1989795918367347 0.0
group 0.0 0.05102040816326531 0.0
magic 0.0 0.025510204081632654 0.0
have 0.0 0.15306122448979592 0.0
come 0.0 0.025510204081632654 0.0
hero 0.0 0.025510204081632654 0.0
even 0.0 0.07142857142857142 0.0
on 0.0 0.3520408163265306 0.0
old 0.0 0.05612244897959184 0.0
i 0.0 0.00510204081632653 0.0
none 0.0 0.01020408163265306 0.0
back 0.0 0.08673469387755102 0.0
there 0.0 0.08163265306122448 0.0
for 0.0 0.3877551020408163 0.0
and 0.0009380863039399625 0.8571428571428571 0.0008040739748056821
be 0.0 0.1377551020408163 0.0
soldier 0.0 0.01020408163265306 0.0
special 0.0 0.025510204081632654 0.0
nazi 0.0 0.01020408163265306 0.0
all 0.0 0.17346938775510204 0.0
bear 0.0 0.0 0.0
december 0.0 0.01020408163265306 0.0
vyazma 0.0 0.00510204081632653 0.0
cauldron 0.0 0.00510204081632653 0.0
comrade 0.0 0.0 0.0
encirclement 0.0 0.00510204081632653 0.0
suddenly 0.0 0.030612244897959183 0.0
unequal 0.0 0.00510204081632653 0.0
unit 0.0 0.00510204081632653 0.0
wehrmacht 0.0 0.00510204081632653 0.0
brave 0.0 0.00510204081632653 0.0
ghost 0.0 0.01020408163265306 0.0
myth 0.0 0.015306122448979591 0.0
lone 0.0 0.00510204081632653 0.0
pick 0.0 0.00510204081632653 0.0
vanish 0.0 0.00510204081632653 0.0
almost 0.0 0.01020408163265306 0.0
magically 0.0 0.00510204081632653 0.0
dead 0.0 0.015306122448979591 0.0
de 0.0 0.025510204081632654 0.0
here 0.0 0.01020408163265306 0.0
nc 0.0 0.00510204081632653 0.0
magical 0.0 0.015306122448979591 0.0
it 0.0009380863039399625 0.2193877551020408 0.0002058046483133591
with 0.0 0.4387755102040816 0.0
clem 0.0 0.00510204081632653 0.0
out 0.0 0.18877551020408162 0.0
heir 0.0 0.00510204081632653 0.0
ia 0.0 0.00510204081632653 0.0
we 0.0 0.01020408163265306 0.0
sell 0.0 0.0 0.0
from 0.0 0.3520408163265306 0.0
o 0.0 0.00510204081632653 0.0
these 0.0 0.05102040816326531 0.0
I 0.0 0.0 0.0
fore 0.0 0.00510204081632653 0.0
dea 0.0 0.00510204081632653 0.0
by 0.0 0.33163265306122447 0.0
most 0.0 0.07653061224489796 0.0
at 0.0 0.23469387755102042 0.0
so 0.0 0.030612244897959183 0.0
en 0.0 0.00510204081632653 0.0
or 0.0 0.09183673469387756 0.0
to 0.0009380863039399625 0.7806122448979592 0.0007322816556266033
sk 0.0 0.00510204081632653 0.0
who 0.0 0.39285714285714285 0.0
