he 0.0 0.34183673469387754 0.0
red 0.0 0.01020408163265306 0.0
the 0.002262443438914027 0.9540816326530612 0.0021585557299843012
go 0.0 0.09183673469387756 0.0
know 0.0 0.07142857142857142 0.0
lead 0.0 0.02040816326530612 0.0
war 0.0 0.05612244897959184 0.0
two 0.0 0.12755102040816327 0.0
a 0.0 0.8826530612244898 0.0
story 0.0005656108597285067 0.12755102040816327 7.214424231230953e-05
various 0.0 0.025510204081632654 0.0
they 0.002828054298642534 0.28061224489795916 0.0007935866654354049
century 0.0 0.03571428571428571 0.0
day 0.0 0.09183673469387756 0.0
in 0.0 0.7346938775510204 0.0
unseen 0.0 0.00510204081632653 0.0
man 0.0 0.12755102040816327 0.0
regain 0.0 0.0 0.0
consciousness 0.0 0.00510204081632653 0.0
no 0.0 0.07142857142857142 0.0
one 0.0 0.18877551020408162 0.0
seem 0.0 0.01020408163265306 0.0
able 0.0 0.030612244897959183 0.0
see 0.0 0.04081632653061224 0.0
except 0.0 0.03571428571428571 0.0
mysterious 0.0 0.08673469387755102 0.0
dress 0.0 0.0 0.0
black 0.0 0.01020408163265306 0.0
eventually 0.0 0.025510204081632654 0.0
learn 0.0 0.02040816326530612 0.0
discussion 0.0 0.0 0.0
french 0.0 0.03571428571428571 0.0
aristocrat 0.0 0.00510204081632653 0.0
coin 0.0 0.0 0.0
european 0.0 0.01020408163265306 0.0
this 0.0005656108597285067 0.17346938775510204 9.811616954474097e-05
turn 0.0 0.025510204081632654 0.0
event 0.0 0.0 0.0
unusual 0.0 0.01020408163265306 0.0
knowledge 0.0 0.01020408163265306 0.0
present 0.0 0.015306122448979591 0.0
quickly 0.0 0.02040816326530612 0.0
winter 0.0 0.01020408163265306 0.0
palace 0.0 0.015306122448979591 0.0
hermitage 0.0 0.00510204081632653 0.0
petersburg 0.0 0.02040816326530612 0.0
comprehensive 0.0 0.00510204081632653 0.0
russian 0.0 0.04081632653061224 0.0
history 0.0 0.03571428571428571 0.0
time 0.0 0.14795918367346939 0.0
as 0.0 0.3469387755102041 0.0
travel 0.0 0.015306122448979591 0.0
grounds 0.0 0.00510204081632653 0.0
interact 0.0 0.00510204081632653 0.0
people 0.0 0.11734693877551021 0.0
era 0.0 0.01020408163265306 0.0
either 0.0 0.01020408163265306 0.0
happen 0.0 0.00510204081632653 0.0
view 0.0 0.0 0.0
artifact 0.0 0.0 0.0
house 0.0 0.061224489795918366 0.0
museum 0.0 0.00510204081632653 0.0
ultimately 0.0 0.025510204081632654 0.0
desire 0.0 0.02040816326530612 0.0
journey 0.0 0.08163265306122448 0.0
move 0.0 0.025510204081632654 0.0
forward 0.0 0.00510204081632653 0.0
without 0.0 0.04081632653061224 0.0
companion 0.0 0.00510204081632653 0.0
al 0.0 0.00510204081632653 0.0
dr 0.0 0.00510204081632653 0.0
she 0.0 0.19387755102040816 0.0
send 0.0 0.0 0.0
europe 0.0 0.025510204081632654 0.0
thou 0.0 0.01020408163265306 0.0
even 0.0 0.07142857142857142 0.0
edge 0.0 0.01020408163265306 0.0
on 0.0005656108597285067 0.3520408163265306 0.00019911810878197431
pete 0.0 0.01020408163265306 0.0
peter 0.0 0.02040816326530612 0.0
art 0.0 0.00510204081632653 0.0
rus 0.0 0.00510204081632653 0.0
i 0.0 0.00510204081632653 0.0
win 0.0 0.015306122448979591 0.0
for 0.0005656108597285067 0.3877551020408163 0.00021931849662942097
and 0.0016968325791855204 0.8571428571428571 0.0014544279250161603
be 0.0 0.1377551020408163 0.0
all 0.0 0.17346938775510204 0.0
act 0.0 0.00510204081632653 0.0
russia 0.0 0.02040816326530612 0.0
use 0.0 0.02040816326530612 0.0
age 0.0 0.025510204081632654 0.0
ss 0.0 0.00510204081632653 0.0
de 0.0 0.025510204081632654 0.0
usual 0.0 0.00510204081632653 0.0
here 0.0 0.01020408163265306 0.0
will 0.0005656108597285067 0.1989795918367347 0.00011254501800720287
nc 0.0 0.00510204081632653 0.0
rio 0.0 0.025510204081632654 0.0
it 0.0 0.2193877551020408 0.0
pt 0.0 0.00510204081632653 0.0
app 0.0 0.00510204081632653 0.0
with 0.0005656108597285067 0.4387755102040816 0.00024817619355434477
quick 0.0 0.00510204081632653 0.0
rough 0.0 0.00510204081632653 0.0
not 0.0005656108597285067 0.14795918367346939 8.368732108227905e-05
ex 0.0 0.00510204081632653 0.0
fact 0.0 0.02040816326530612 0.0
out 0.0 0.18877551020408162 0.0
gain 0.0 0.00510204081632653 0.0
heir 0.0 0.00510204081632653 0.0
ia 0.0 0.00510204081632653 0.0
we 0.0 0.01020408163265306 0.0
where 0.0 0.11224489795918367 0.0
from 0.0 0.3520408163265306 0.0
o 0.0 0.00510204081632653 0.0
I 0.0 0.0 0.0
if 0.0 0.03571428571428571 0.0
j 0.0 0.00510204081632653 0.0
tim 0.0 0.00510204081632653 0.0
now 0.0 0.07653061224489796 0.0
at 0.0 0.23469387755102042 0.0
through 0.0 0.08163265306122448 0.0
pen 0.0 0.00510204081632653 0.0
en 0.0 0.00510204081632653 0.0
lack 0.0 0.01020408163265306 0.0
that 0.0 0.40816326530612246 0.0
or 0.0 0.09183673469387756 0.0
pa 0.0 0.00510204081632653 0.0
to 0.0005656108597285067 0.7806122448979592 0.00044152276295133434
mus 0.0 0.00510204081632653 0.0
who 0.0016968325791855204 0.39285714285714285 0.0006666127989657402
