king 0.0 0.030612244897959183 0.0
he 0.0007692307692307692 0.34183673469387754 0.0002629513343799058
the 0.0038461538461538464 0.9540816326530612 0.0036695447409733125
side 0.0 0.015306122448979591 0.0
a 0.0007692307692307692 0.8826530612244898 0.0006789638932496075
story 0.0 0.12755102040816327 0.0
they 0.0 0.28061224489795916 0.0
end 0.0 0.04591836734693878 0.0
in 0.0 0.7346938775510204 0.0
present 0.0 0.015306122448979591 0.0
time 0.0 0.14795918367346939 0.0
as 0.0007692307692307692 0.3469387755102041 0.0002668759811616954
journey 0.0 0.08163265306122448 0.0
al 0.0 0.00510204081632653 0.0
dr 0.0 0.00510204081632653 0.0
she 0.0007692307692307692 0.19387755102040816 0.0001491365777080063
make 0.0 0.061224489795918366 0.0
after 0.0 0.1989795918367347 0.0
ship 0.0 0.02040816326530612 0.0
drama 0.0 0.05102040816326531 0.0
around 0.0 0.08673469387755102 0.0
send 0.0 0.0 0.0
friend 0.0 0.0663265306122449 0.0
while 0.0 0.12244897959183673 0.0
aftermath 0.0 0.01020408163265306 0.0
three 0.0 0.030612244897959183 0.0
old 0.0 0.05612244897959184 0.0
i 0.0 0.00510204081632653 0.0
and 0.0007692307692307692 0.8571428571428571 0.0006593406593406593
be 0.0 0.1377551020408163 0.0
all 0.0 0.17346938775510204 0.0
delhi 0.0 0.015306122448979591 0.0
iran 0.0 0.00510204081632653 0.0
de 0.0 0.025510204081632654 0.0
struggle 0.0 0.015306122448979591 0.0
here 0.0 0.01020408163265306 0.0
behind 0.0 0.05612244897959184 0.0
it 0.0 0.2193877551020408 0.0
pt 0.0 0.00510204081632653 0.0
capture 0.0 0.00510204081632653 0.0
del 0.0 0.00510204081632653 0.0
past 0.0 0.04591836734693878 0.0
friendship 0.0 0.01020408163265306 0.0
out 0.0 0.18877551020408162 0.0
heir 0.0 0.00510204081632653 0.0
odds 0.0 0.01020408163265306 0.0
we 0.0 0.01020408163265306 0.0
where 0.0 0.11224489795918367 0.0
o 0.0 0.00510204081632653 0.0
evolve 0.0 0.0 0.0
I 0.0 0.0 0.0
math 0.0 0.00510204081632653 0.0
revolve 0.0 0.0 0.0
j 0.0 0.00510204081632653 0.0
tim 0.0 0.00510204081632653 0.0
important 0.0 0.00510204081632653 0.0
ram 0.0 0.00510204081632653 0.0
most 0.0 0.07653061224489796 0.0
at 0.0 0.23469387755102042 0.0
las 0.0 0.00510204081632653 0.0
odd 0.0 0.01020408163265306 0.0
en 0.0 0.00510204081632653 0.0
or 0.0 0.09183673469387756 0.0
pa 0.0 0.00510204081632653 0.0
ji 0.0 0.00510204081632653 0.0
aspirant 0.0 0.00510204081632653 0.0
to 0.0007692307692307692 0.7806122448979592 0.0006004709576138148
abhilash 0.0 0.00510204081632653 0.0
shwetketu 0.0 0.00510204081632653 0.0
sk 0.0 0.00510204081632653 0.0
guri 0.0 0.00510204081632653 0.0
upsc 0.0 0.00510204081632653 0.0
cse 0.0 0.00510204081632653 0.0
rajinder 0.0 0.00510204081632653 0.0
nagar 0.0 0.00510204081632653 0.0
talk 0.0 0.0 0.0
importantly 0.0 0.00510204081632653 0.0
besides 0.0 0.00510204081632653 0.0
