life 0.0 0.20408163265306123 0.0
he 0.0 0.34183673469387754 0.0
the 0.002079002079002079 0.9540816326530612 0.0019835376978234124
relationship 0.0 0.05612244897959184 0.0
find 0.0 0.08163265306122448 0.0
two 0.0 0.12755102040816327 0.0
a 0.0005197505197505198 0.8826530612244898 0.00045875938733081596
they 0.002079002079002079 0.28061224489795916 0.0005833934405362976
in 0.0005197505197505198 0.7346938775510204 0.0003818575247146676
try 0.0 0.01020408163265306 0.0
as 0.0005197505197505198 0.3469387755102041 0.00018032160889303747
dr 0.0 0.00510204081632653 0.0
new 0.0 0.1377551020408163 0.0
ship 0.0 0.02040816326530612 0.0
group 0.0 0.05102040816326531 0.0
place 0.0 0.05612244897959184 0.0
world 0.0 0.19387755102040816 0.0
drug 0.0 0.04081632653061224 0.0
town 0.0 0.05102040816326531 0.0
young 0.0 0.15816326530612246 0.0
on 0.0 0.3520408163265306 0.0
i 0.0 0.00510204081632653 0.0
series 0.0 0.07142857142857142 0.0
addict 0.0 0.00510204081632653 0.0
girl 0.0 0.08673469387755102 0.0
for 0.0005197505197505198 0.3877551020408163 0.00020153591582163012
and 0.0005197505197505198 0.8571428571428571 0.0004455004455004455
sex 0.0 0.03571428571428571 0.0
be 0.0015592515592515593 0.1377551020408163 0.0002147948576520005
violence 0.0 0.01020408163265306 0.0
student 0.0 0.025510204081632654 0.0
bet 0.0 0.00510204081632653 0.0
use 0.0 0.02040816326530612 0.0
look 0.0 0.025510204081632654 0.0
ss 0.0 0.00510204081632653 0.0
de 0.0 0.025510204081632654 0.0
will 0.0 0.1989795918367347 0.0
nc 0.0 0.00510204081632653 0.0
it 0.0 0.2193877551020408 0.0
school 0.0 0.05102040816326531 0.0
app 0.0 0.00510204081632653 0.0
with 0.0 0.4387755102040816 0.0
add 0.0 0.00510204081632653 0.0
ex 0.0 0.00510204081632653 0.0
relation 0.0 0.0 0.0
heir 0.0 0.00510204081632653 0.0
we 0.0 0.01020408163265306 0.0
o 0.0 0.00510204081632653 0.0
if 0.0 0.03571428571428571 0.0
recover 0.0 0.00510204081632653 0.0
j 0.0 0.00510204081632653 0.0
cover 0.0 0.015306122448979591 0.0
high 0.0 0.015306122448979591 0.0
at 0.0 0.23469387755102042 0.0
grapple 0.0 0.00510204081632653 0.0
issue 0.0 0.0 0.0
focus 0.0 0.0 0.0
rue 0.0 0.00510204081632653 0.0
jules 0.0 0.00510204081632653 0.0
ring 0.0 0.00510204081632653 0.0
en 0.0 0.00510204081632653 0.0
or 0.0 0.09183673469387756 0.0
to 0.0 0.7806122448979592 0.0
