but 0.0 0.3112244897959184 0.0
let 0.0 0.02040816326530612 0.0
he 0.0 0.34183673469387754 0.0
get 0.0 0.0663265306122449 0.0
forest 0.0 0.04081632653061224 0.0
the 0.0 0.9540816326530612 0.0
everyone 0.0 0.03571428571428571 0.0
become 0.0 0.05612244897959184 0.0
team 0.0 0.04081632653061224 0.0
change 0.0 0.02040816326530612 0.0
call 0.0 0.01020408163265306 0.0
stop 0.0 0.03571428571428571 0.0
find 0.0 0.08163265306122448 0.0
take 0.0 0.09183673469387756 0.0
lead 0.0 0.02040816326530612 0.0
war 0.0 0.05612244897959184 0.0
control 0.0 0.04591836734693878 0.0
a 0.0038461538461538464 0.8826530612244898 0.003394819466248038
regular 0.0 0.015306122448979591 0.0
power 0.0 0.05102040816326531 0.0
they 0.001282051282051282 0.28061224489795916 0.00035975928833071686
battle 0.0 0.061224489795918366 0.0
ever 0.0 0.05102040816326531 0.0
in 0.002564102564102564 0.7346938775510204 0.0018838304552590268
moscow 0.0 0.05102040816326531 0.0
watch 0.0 0.01020408163265306 0.0
anton 0.0 0.01020408163265306 0.0
no 0.0 0.07142857142857142 0.0
one 0.0 0.18877551020408162 0.0
except 0.0 0.03571428571428571 0.0
as 0.0 0.3469387755102041 0.0
when 0.0 0.27040816326530615 0.0
pow 0.0 0.00510204081632653 0.0
rest 0.0 0.025510204081632654 0.0
help 0.0 0.10204081632653061 0.0
al 0.0 0.00510204081632653 0.0
track 0.0 0.00510204081632653 0.0
want 0.0 0.01020408163265306 0.0
new 0.0 0.1377551020408163 0.0
she 0.0 0.19387755102040816 0.0
ship 0.0 0.02040816326530612 0.0
play 0.0 0.00510204081632653 0.0
final 0.0 0.02040816326530612 0.0
every 0.0 0.03571428571428571 0.0
fight 0.0 0.03571428571428571 0.0
place 0.0 0.05612244897959184 0.0
world 0.0 0.19387755102040816 0.0
family 0.0 0.22448979591836735 0.0
while 0.0 0.12244897959183673 0.0
can 0.0 0.08673469387755102 0.0
come 0.0 0.025510204081632654 0.0
on 0.0 0.3520408163265306 0.0
once 0.0 0.061224489795918366 0.0
art 0.0 0.00510204081632653 0.0
what 0.0 0.1377551020408163 0.0
i 0.0 0.00510204081632653 0.0
whole 0.0 0.03571428571428571 0.0
for 0.0 0.3877551020408163 0.0
and 0.0 0.8571428571428571 0.0
be 0.0 0.1377551020408163 0.0
special 0.0 0.025510204081632654 0.0
all 0.001282051282051282 0.17346938775510204 0.00022239665096807955
act 0.0 0.00510204081632653 0.0
use 0.0 0.02040816326530612 0.0
guy 0.0 0.015306122448979591 0.0
lie 0.0 0.00510204081632653 0.0
de 0.0 0.025510204081632654 0.0
here 0.0 0.01020408163265306 0.0
will 0.0 0.1989795918367347 0.0
nc 0.0 0.00510204081632653 0.0
allow 0.0 0.00510204081632653 0.0
it 0.0 0.2193877551020408 0.0
role 0.0 0.02040816326530612 0.0
pt 0.0 0.00510204081632653 0.0
job 0.0 0.04591836734693878 0.0
reveal 0.0 0.00510204081632653 0.0
destroy 0.0 0.01020408163265306 0.0
idea 0.0 0.015306122448979591 0.0
ex 0.0 0.00510204081632653 0.0
heir 0.0 0.00510204081632653 0.0
ia 0.0 0.00510204081632653 0.0
we 0.0 0.01020408163265306 0.0
spectacular 0.0 0.01020408163265306 0.0
earth 0.0 0.05102040816326531 0.0
test 0.0 0.00510204081632653 0.0
where 0.0 0.11224489795918367 0.0
o 0.0 0.00510204081632653 0.0
I 0.0 0.0 0.0
wed 0.0 0.00510204081632653 0.0
top 0.0 0.00510204081632653 0.0
j 0.0 0.00510204081632653 0.0
cover 0.0 0.015306122448979591 0.0
fore 0.0 0.00510204081632653 0.0
york 0.0 0.015306122448979591 0.0
hang 0.0 0.00510204081632653 0.0
game 0.0 0.02040816326530612 0.0
dea 0.0 0.00510204081632653 0.0
huge 0.0 0.01020408163265306 0.0
moon 0.0 0.01020408163265306 0.0
now 0.0 0.07653061224489796 0.0
at 0.0 0.23469387755102042 0.0
alien 0.0 0.015306122448979591 0.0
roy 0.0 0.00510204081632653 0.0
player 0.0 0.01020408163265306 0.0
athlete 0.0 0.00510204081632653 0.0
ring 0.0 0.00510204081632653 0.0
en 0.0 0.00510204081632653 0.0
that 0.0 0.40816326530612246 0.0
or 0.0 0.09183673469387756 0.0
to 0.0 0.7806122448979592 0.0
low 0.0 0.00510204081632653 0.0
galactic 0.0 0.00510204081632653 0.0
climate 0.0 0.00510204081632653 0.0
tropical 0.0 0.00510204081632653 0.0
ice 0.0 0.0 0.0
tower 0.0 0.0 0.0
stadium 0.0 0.00510204081632653 0.0
intergalactic 0.0 0.00510204081632653 0.0
cosmoball 0.0 0.00510204081632653 0.0
competition 0.0 0.0 0.0
combine 0.0 0.0 0.0
sport 0.0 0.00510204081632653 0.0
gladiator 0.0 0.00510204081632653 0.0
contest 0.0 0.00510204081632653 0.0
ability 0.0 0.00510204081632653 0.0
adore 0.0 0.0 0.0
destine 0.0 0.0 0.0
mus 0.0 0.00510204081632653 0.0
who 0.0 0.39285714285714285 0.0
