he 0.0 0.34183673469387754 0.0
the 0.002331002331002331 0.9540816326530612 0.0022239665096807954
go 0.0 0.09183673469387756 0.0
change 0.0 0.02040816326530612 0.0
find 0.0 0.08163265306122448 0.0
share 0.0 0.030612244897959183 0.0
a 0.002331002331002331 0.8826530612244898 0.002057466343180629
couple 0.0 0.03571428571428571 0.0
they 0.0034965034965034965 0.28061224489795916 0.0009811616954474097
dark 0.0 0.025510204081632654 0.0
in 0.0011655011655011655 0.7346938775510204 0.0008562865705722849
modern 0.0 0.015306122448979591 0.0
man 0.0 0.12755102040816327 0.0
house 0.0 0.061224489795918366 0.0
when 0.0011655011655011655 0.27040816326530615 0.00031516102944674376
al 0.0 0.00510204081632653 0.0
wake 0.0 0.00510204081632653 0.0
france 0.0 0.030612244897959183 0.0
under 0.0 0.0663265306122449 0.0
jonathan 0.0 0.01020408163265306 0.0
plan 0.0 0.02040816326530612 0.0
young 0.0 0.15816326530612246 0.0
strange 0.0 0.03571428571428571 0.0
lake 0.0 0.015306122448979591 0.0
water 0.0 0.015306122448979591 0.0
on 0.0 0.3520408163265306 0.0
i 0.0 0.00510204081632653 0.0
spirit 0.0 0.01020408163265306 0.0
social 0.0 0.04081632653061224 0.0
and 0.002331002331002331 0.8571428571428571 0.001998001998001998
media 0.0 0.025510204081632654 0.0
locate 0.0 0.00510204081632653 0.0
aunt 0.0 0.01020408163265306 0.0
use 0.0 0.02040816326530612 0.0
de 0.0 0.025510204081632654 0.0
nc 0.0 0.00510204081632653 0.0
rio 0.0 0.025510204081632654 0.0
explore 0.0 0.015306122448979591 0.0
it 0.0 0.2193877551020408 0.0
presence 0.0 0.01020408163265306 0.0
undergo 0.0 0.0 0.0
ex 0.0 0.00510204081632653 0.0
heir 0.0 0.00510204081632653 0.0
ia 0.0 0.00510204081632653 0.0
we 0.0 0.01020408163265306 0.0
enter 0.0 0.02040816326530612 0.0
o 0.0 0.00510204081632653 0.0
I 0.0 0.0 0.0
nathan 0.0 0.00510204081632653 0.0
tom 0.0 0.00510204081632653 0.0
j 0.0 0.00510204081632653 0.0
cate 0.0 0.00510204081632653 0.0
hang 0.0 0.00510204081632653 0.0
cat 0.0 0.01020408163265306 0.0
at 0.0 0.23469387755102042 0.0
so 0.0 0.030612244897959183 0.0
underwater 0.0 0.00510204081632653 0.0
finding 0.0 0.02040816326530612 0.0
serious 0.0 0.01020408163265306 0.0
interior 0.0 0.00510204081632653 0.0
bottom 0.0 0.00510204081632653 0.0
awaken 0.0 0.0 0.0
haunt 0.0 0.0 0.0
berman 0.0 0.00510204081632653 0.0
en 0.0 0.00510204081632653 0.0
that 0.0 0.40816326530612246 0.0
or 0.0 0.09183673469387756 0.0
to 0.002331002331002331 0.7806122448979592 0.0018196089624661054
who 0.0 0.39285714285714285 0.0
