work 0.0 0.04591836734693878 0.0
live 0.0 0.05612244897959184 0.0
life 0.0 0.20408163265306123 0.0
he 0.0 0.34183673469387754 0.0
the 0.0 0.9540816326530612 0.0
team 0.0 0.04081632653061224 0.0
side 0.0 0.015306122448979591 0.0
call 0.0 0.01020408163265306 0.0
lead 0.0 0.02040816326530612 0.0
a 0.0010395010395010396 0.8826530612244898 0.0009175187746616319
they 0.0 0.28061224489795916 0.0
divide 0.0 0.0 0.0
in 0.0 0.7346938775510204 0.0
mysterious 0.0 0.08673469387755102 0.0
journey 0.0 0.08163265306122448 0.0
when 0.0005197505197505198 0.27040816326530615 0.00014054478340192627
al 0.0 0.00510204081632653 0.0
son 0.0 0.08163265306122448 0.0
appear 0.0 0.0 0.0
discover 0.0 0.025510204081632654 0.0
on 0.0010395010395010396 0.3520408163265306 0.0003659467945182231
begin 0.0005197505197505198 0.025510204081632654 1.3258941830370403e-05
i 0.0 0.00510204081632653 0.0
personal 0.0 0.03571428571428571 0.0
and 0.0010395010395010396 0.8571428571428571 0.000891000891000891
be 0.0 0.1377551020408163 0.0
memory 0.0 0.01020408163265306 0.0
all 0.0 0.17346938775510204 0.0
whose 0.0 0.04591836734693878 0.0
bet 0.0 0.00510204081632653 0.0
person 0.0 0.030612244897959183 0.0
de 0.0 0.025510204081632654 0.0
will 0.0 0.1989795918367347 0.0
rio 0.0 0.025510204081632654 0.0
it 0.0 0.2193877551020408 0.0
app 0.0 0.00510204081632653 0.0
truth 0.0 0.04081632653061224 0.0
job 0.0 0.04591836734693878 0.0
out 0.0 0.18877551020408162 0.0
heir 0.0 0.00510204081632653 0.0
we 0.0 0.01020408163265306 0.0
o 0.0 0.00510204081632653 0.0
I 0.0 0.0 0.0
mark 0.0 0.01020408163265306 0.0
j 0.0 0.00510204081632653 0.0
cover 0.0 0.015306122448979591 0.0
office 0.0 0.01020408163265306 0.0
so 0.0 0.030612244897959183 0.0
outside 0.0 0.02040816326530612 0.0
en 0.0 0.00510204081632653 0.0
ruth 0.0 0.00510204081632653 0.0
or 0.0 0.09183673469387756 0.0
worker 0.0 0.0 0.0
surgically 0.0 0.00510204081632653 0.0
colleague 0.0 0.00510204081632653 0.0
to 0.0005197505197505198 0.7806122448979592 0.0004057236200093343
who 0.0005197505197505198 0.39285714285714285 0.0002041877041877042
