live 0.0 0.05612244897959184 0.0
life 0.0 0.20408163265306123 0.0
but 0.0 0.3112244897959184 0.0
child 0.0 0.04081632653061224 0.0
he 0.0 0.34183673469387754 0.0
get 0.0 0.0663265306122449 0.0
the 0.005769230769230769 0.9540816326530612 0.005504317111459968
side 0.0 0.015306122448979591 0.0
sin 0.0 0.01020408163265306 0.0
a 0.0019230769230769232 0.8826530612244898 0.001697409733124019
couple 0.0 0.03571428571428571 0.0
happy 0.0 0.025510204081632654 0.0
they 0.0 0.28061224489795916 0.0
light 0.0 0.02040816326530612 0.0
day 0.0 0.09183673469387756 0.0
in 0.0 0.7346938775510204 0.0
no 0.0 0.07142857142857142 0.0
except 0.0 0.03571428571428571 0.0
mysterious 0.0 0.08673469387755102 0.0
turn 0.0 0.025510204081632654 0.0
era 0.0 0.01020408163265306 0.0
al 0.0 0.00510204081632653 0.0
she 0.0 0.19387755102040816 0.0
henry 0.0 0.01020408163265306 0.0
opera 0.0 0.01020408163265306 0.0
under 0.0 0.0663265306122449 0.0
come 0.0 0.025510204081632654 0.0
first 0.0 0.08163265306122448 0.0
on 0.0019230769230769232 0.3520408163265306 0.0006770015698587127
i 0.0 0.00510204081632653 0.0
girl 0.0 0.08673469387755102 0.0
for 0.0 0.3877551020408163 0.0
anne 0.0 0.00510204081632653 0.0
and 0.0 0.8571428571428571 0.0
be 0.0 0.1377551020408163 0.0
media 0.0 0.025510204081632654 0.0
all 0.0 0.17346938775510204 0.0
de 0.0 0.025510204081632654 0.0
birth 0.0 0.025510204081632654 0.0
will 0.0 0.1989795918367347 0.0
form 0.0 0.01020408163265306 0.0
exceptional 0.0 0.01020408163265306 0.0
rio 0.0 0.025510204081632654 0.0
it 0.0 0.2193877551020408 0.0
together 0.0 0.05612244897959184 0.0
pt 0.0 0.00510204081632653 0.0
app 0.0 0.00510204081632653 0.0
with 0.0 0.4387755102040816 0.0
stan 0.0 0.00510204081632653 0.0
ex 0.0 0.00510204081632653 0.0
upside 0.0 0.015306122448979591 0.0
heir 0.0 0.00510204081632653 0.0
ia 0.0 0.00510204081632653 0.0
we 0.0 0.01020408163265306 0.0
national 0.0 0.01020408163265306 0.0
o 0.0 0.00510204081632653 0.0
I 0.0 0.0 0.0
destiny 0.0 0.01020408163265306 0.0
international 0.0 0.00510204081632653 0.0
stand 0.0 0.02040816326530612 0.0
now 0.0 0.07653061224489796 0.0
at 0.0 0.23469387755102042 0.0
los 0.0 0.00510204081632653 0.0
angeles 0.0 0.00510204081632653 0.0
nowadays 0.0 0.00510204081632653 0.0
comedian 0.0 0.00510204081632653 0.0
fierce 0.0 0.00510204081632653 0.0
humor 0.0 0.00510204081632653 0.0
ann 0.0 0.00510204081632653 0.0
internationally 0.0 0.00510204081632653 0.0
renowned 0.0 0.01020408163265306 0.0
singer 0.0 0.00510204081632653 0.0
spotlight 0.0 0.00510204081632653 0.0
glamorous 0.0 0.00510204081632653 0.0
annette 0.0 0.00510204081632653 0.0
distribution 0.0 0.00510204081632653 0.0
en 0.0 0.00510204081632653 0.0
or 0.0 0.09183673469387756 0.0
to 0.0 0.7806122448979592 0.0
nation 0.0 0.01020408163265306 0.0
