life 0.0 0.20408163265306123 0.0
brother 0.0 0.04081632653061224 0.0
father 0.0 0.11734693877551021 0.0
he 0.00039047247169074576 0.34183673469387754 0.00013347783471061205
the 0.00039047247169074576 0.9540816326530612 0.00037254261329678295
decide 0.00019523623584537288 0.03571428571428571 6.972722708763316e-06
take 0.0 0.09183673469387756 0.0
a 0.0009761811792268645 0.8826530612244898 0.0008616293061543243
they 0.0009761811792268645 0.28061224489795916 0.00027392839212998744
in 0.0007809449433814915 0.7346938775510204 0.0005737554686068102
man 0.0 0.12755102040816327 0.0
event 0.0 0.0 0.0
happen 0.0 0.00510204081632653 0.0
house 0.0 0.061224489795918366 0.0
al 0.0 0.00510204081632653 0.0
she 0.001561889886762983 0.19387755102040816 0.00030281538620914974
plot 0.0 0.025510204081632654 0.0
around 0.0 0.08673469387755102 0.0
family 0.0 0.22448979591836735 0.0
even 0.0 0.07142857142857142 0.0
on 0.0 0.3520408163265306 0.0
lot 0.0 0.00510204081632653 0.0
i 0.0 0.00510204081632653 0.0
and 0.002147598594299102 0.8571428571428571 0.0018407987951135157
challenge 0.0 0.01020408163265306 0.0
all 0.0 0.17346938775510204 0.0
use 0.0 0.02040816326530612 0.0
de 0.0 0.025510204081632654 0.0
unexpected 0.0 0.025510204081632654 0.0
app 0.0 0.00510204081632653 0.0
ex 0.0 0.00510204081632653 0.0
heir 0.0 0.00510204081632653 0.0
hal 0.0 0.00510204081632653 0.0
we 0.0 0.01020408163265306 0.0
expect 0.0 0.0 0.0
o 0.0 0.00510204081632653 0.0
evolve 0.0 0.0 0.0
if 0.0 0.03571428571428571 0.0
revolve 0.0 0.0 0.0
roth 0.0 0.00510204081632653 0.0
at 0.00039047247169074576 0.23469387755102042 9.164149845803217e-05
pen 0.0 0.00510204081632653 0.0
en 0.0 0.00510204081632653 0.0
to 0.002538071065989848 0.7806122448979592 0.001981249352532892
