he 0.0014245014245014244 0.34183673469387754 0.000486946915518344
forest 0.0 0.04081632653061224 0.0
the 0.0028490028490028487 0.9540816326530612 0.002718181289609861
go 0.0 0.09183673469387756 0.0
side 0.0 0.015306122448979591 0.0
a 0.004273504273504273 0.8826530612244898 0.003772021629164486
normal 0.0 0.00510204081632653 0.0
they 0.0 0.28061224489795916 0.0
night 0.0 0.025510204081632654 0.0
in 0.0014245014245014244 0.7346938775510204 0.0010465724751439036
no 0.0 0.07142857142857142 0.0
as 0.0 0.3469387755102041 0.0
when 0.0 0.27040816326530615 0.0
rest 0.0 0.025510204081632654 0.0
al 0.0 0.00510204081632653 0.0
also 0.0 0.09183673469387756 0.0
fight 0.0 0.03571428571428571 0.0
town 0.0 0.05102040816326531 0.0
come 0.0 0.025510204081632654 0.0
middle 0.0 0.025510204081632654 0.0
keep 0.0 0.015306122448979591 0.0
creature 0.0 0.0 0.0
i 0.0 0.00510204081632653 0.0
sea 0.0 0.015306122448979591 0.0
include 0.0 0.00510204081632653 0.0
way 0.0 0.03571428571428571 0.0
for 0.0 0.3877551020408163 0.0
and 0.0014245014245014244 0.8571428571428571 0.0012210012210012208
be 0.0 0.1377551020408163 0.0
all 0.0 0.17346938775510204 0.0
de 0.0 0.025510204081632654 0.0
surround 0.0 0.00510204081632653 0.0
search 0.0 0.030612244897959183 0.0
will 0.0 0.1989795918367347 0.0
nc 0.0 0.00510204081632653 0.0
nightmarish 0.0 0.01020408163265306 0.0
survive 0.0 0.02040816326530612 0.0
must 0.0 0.07653061224489796 0.0
out 0.0 0.18877551020408162 0.0
ia 0.0 0.00510204081632653 0.0
we 0.0 0.01020408163265306 0.0
enter 0.0 0.02040816326530612 0.0
america 0.0 0.02040816326530612 0.0
from 0.0 0.3520408163265306 0.0
unravel 0.0 0.00510204081632653 0.0
mystery 0.0 0.00510204081632653 0.0
trap 0.0 0.00510204081632653 0.0
unwilling 0.0 0.00510204081632653 0.0
resident 0.0 0.0 0.0
sense 0.0 0.01020408163265306 0.0
normalcy 0.0 0.00510204081632653 0.0
threat 0.0 0.015306122448979591 0.0
terrifying 0.0 0.00510204081632653 0.0
sun 0.0 0.00510204081632653 0.0
o 0.0 0.00510204081632653 0.0
I 0.0 0.0 0.0
lou 0.0 0.00510204081632653 0.0
if 0.0 0.03571428571428571 0.0
mid 0.0 0.00510204081632653 0.0
fore 0.0 0.00510204081632653 0.0
at 0.0 0.23469387755102042 0.0
so 0.0 0.030612244897959183 0.0
willing 0.0 0.00510204081632653 0.0
en 0.0 0.00510204081632653 0.0
eat 0.0 0.00510204081632653 0.0
that 0.0 0.40816326530612246 0.0
or 0.0 0.09183673469387756 0.0
to 0.0 0.7806122448979592 0.0
mus 0.0 0.00510204081632653 0.0
who 0.0 0.39285714285714285 0.0
