but 0.0008547008547008547 0.3112244897959184 0.00026600383743240885
he 0.0 0.34183673469387754 0.0
the 0.0017094017094017094 0.9540816326530612 0.0016309087737659167
create 0.0008547008547008547 0.02040816326530612 1.7442874585731727e-05
call 0.0008547008547008547 0.01020408163265306 8.721437292865864e-06
member 0.0008547008547008547 0.00510204081632653 4.360718646432932e-06
lead 0.0 0.02040816326530612 0.0
war 0.0008547008547008547 0.05612244897959184 4.7967905110762256e-05
a 0.0017094017094017094 0.8826530612244898 0.0015088086516657946
they 0.0017094017094017094 0.28061224489795916 0.0004796790511076225
in 0.0008547008547008547 0.7346938775510204 0.0006279434850863422
time 0.0008547008547008547 0.14795918367346939 0.00012646084074655504
soviet 0.0008547008547008547 0.030612244897959183 2.6164311878597592e-05
al 0.0 0.00510204081632653 0.0
she 0.0 0.19387755102040816 0.0
year 0.0008547008547008547 0.01020408163265306 8.721437292865864e-06
hero 0.0008547008547008547 0.025510204081632654 2.180359323216466e-05
on 0.0 0.3520408163265306 0.0
old 0.0 0.05612244897959184 0.0
i 0.0 0.00510204081632653 0.0
show 0.0008547008547008547 0.030612244897959183 2.6164311878597592e-05
include 0.0008547008547008547 0.00510204081632653 4.360718646432932e-06
for 0.0008547008547008547 0.3877551020408163 0.0003314146171289028
during 0.0008547008547008547 0.04591836734693878 3.924646781789639e-05
all 0.0 0.17346938775510204 0.0
trio 0.0 0.00510204081632653 0.0
cold 0.0008547008547008547 0.025510204081632654 2.180359323216466e-05
de 0.0 0.025510204081632654 0.0
nc 0.0 0.00510204081632653 0.0
hide 0.0008547008547008547 0.00510204081632653 4.360718646432932e-06
super 0.0 0.00510204081632653 0.0
rio 0.0 0.025510204081632654 0.0
it 0.0 0.2193877551020408 0.0
identity 0.0008547008547008547 0.00510204081632653 4.360718646432932e-06
must 0.0008547008547008547 0.07653061224489796 6.541077969649399e-05
gain 0.0 0.00510204081632653 0.0
public 0.0 0.01020408163265306 0.0
heir 0.0 0.00510204081632653 0.0
we 0.0 0.01020408163265306 0.0
o 0.0 0.00510204081632653 0.0
I 0.0 0.0 0.0
multiple 0.0008547008547008547 0.01020408163265306 8.721437292865864e-06
tim 0.0 0.00510204081632653 0.0
at 0.0 0.23469387755102042 0.0
pub 0.0 0.00510204081632653 0.0
tie 0.0 0.0 0.0
so 0.0 0.030612244897959183 0.0
hard 0.0008547008547008547 0.01020408163265306 8.721437292865864e-06
squad 0.0008547008547008547 0.01020408163265306 8.721437292865864e-06
ring 0.0 0.00510204081632653 0.0
en 0.0 0.00510204081632653 0.0
eat 0.0 0.00510204081632653 0.0
or 0.0 0.09183673469387756 0.0
pa 0.0 0.00510204081632653 0.0
to 0.0008547008547008547 0.7806122448979592 0.0006671899529042387
organization 0.0008547008547008547 0.00510204081632653 4.360718646432932e-06
patriot 0.0008547008547008547 0.00510204081632653 4.360718646432932e-06
republic 0.0008547008547008547 0.0 0.0
mus 0.0 0.00510204081632653 0.0
how 0.0 0.09183673469387756 0.0
