he 0.0 0.34183673469387754 0.0
red 0.0 0.01020408163265306 0.0
the 0.0035285815102328866 0.9540816326530612 0.0033665548082323967
known 0.0 0.05612244897959184 0.0
know 0.0 0.07142857142857142 0.0
sin 0.0 0.01020408163265306 0.0
lead 0.0 0.02040816326530612 0.0
a 0.002117148906139732 0.8826530612244898 0.0018687079630723144
story 0.0 0.12755102040816327 0.0
day 0.0 0.09183673469387756 0.0
in 0.002117148906139732 0.7346938775510204 0.0015554563392047012
no 0.0 0.07142857142857142 0.0
as 0.0 0.3469387755102041 0.0
people 0.0 0.11734693877551021 0.0
mass 0.0 0.01020408163265306 0.0
die 0.0 0.01020408163265306 0.0
al 0.0 0.00510204081632653 0.0
kill 0.0 0.030612244897959183 0.0
around 0.0 0.08673469387755102 0.0
indian 0.0 0.030612244897959183 0.0
set 0.0 0.05102040816326531 0.0
india 0.0 0.04081632653061224 0.0
on 0.0 0.3520408163265306 0.0
i 0.0 0.00510204081632653 0.0
for 0.0 0.3877551020408163 0.0
and 0.0 0.8571428571428571 0.0
be 0.00035285815102328866 0.1377551020408163 4.86080106001469e-05
all 0.0 0.17346938775510204 0.0
bet 0.0 0.00510204081632653 0.0
ss 0.0 0.00510204081632653 0.0
don 0.0 0.015306122448979591 0.0
ale 0.0 0.00510204081632653 0.0
behind 0.0 0.05612244897959184 0.0
bag 0.0 0.00510204081632653 0.0
survive 0.0 0.02040816326530612 0.0
ex 0.0 0.00510204081632653 0.0
out 0.0 0.18877551020408162 0.0
ia 0.0 0.00510204081632653 0.0
assassin 0.0 0.01020408163265306 0.0
better 0.0 0.01020408163265306 0.0
avenge 0.0 0.00510204081632653 0.0
revolutionary 0.0 0.00510204081632653 0.0
udham 0.0 0.00510204081632653 0.0
singh 0.0 0.015306122448979591 0.0
assassination 0.0 0.00510204081632653 0.0
michael 0.0 0.015306122448979591 0.0
o 0.0 0.00510204081632653 0.0
dwyer 0.0 0.00510204081632653 0.0
london 0.0 0.01020408163265306 0.0
jallianwala 0.0 0.00510204081632653 0.0
bagh 0.0 0.00510204081632653 0.0
massacre 0.0 0.01020408163265306 0.0
april 0.0 0.00510204081632653 0.0
baisakhi 0.0 0.00510204081632653 0.0
injure 0.0 0.0 0.0
j 0.0 0.00510204081632653 0.0
jack 0.0 0.015306122448979591 0.0
now 0.0 0.07653061224489796 0.0
at 0.0 0.23469387755102042 0.0
en 0.0 0.00510204081632653 0.0
alex 0.0 0.01020408163265306 0.0
or 0.0 0.09183673469387756 0.0
to 0.0007057163020465773 0.7806122448979592 0.000550890786801665
nation 0.0 0.01020408163265306 0.0
how 0.0 0.09183673469387756 0.0
who 0.00035285815102328866 0.39285714285714285 0.0001386228450448634
