he 0.0007541478129713424 0.34183673469387754 0.00025779542586265277
the 0.003770739064856712 0.9540816326530612 0.003597592883307169
go 0.0007541478129713424 0.09183673469387756 6.925847261981716e-05
know 0.0 0.07142857142857142 0.0
marry 0.0 0.03571428571428571 0.0
relationship 0.0 0.05612244897959184 0.0
a 0.0 0.8826530612244898 0.0
story 0.0 0.12755102040816327 0.0
they 0.0 0.28061224489795916 0.0
in 0.0007541478129713424 0.7346938775510204 0.0005540677809585373
man 0.0 0.12755102040816327 0.0
no 0.0 0.07142857142857142 0.0
she 0.0 0.19387755102040816 0.0
after 0.0 0.1989795918367347 0.0
ship 0.0 0.02040816326530612 0.0
son 0.0 0.08163265306122448 0.0
follow 0.0 0.015306122448979591 0.0
hour 0.0 0.00510204081632653 0.0
on 0.0 0.3520408163265306 0.0
art 0.0 0.00510204081632653 0.0
i 0.0 0.00510204081632653 0.0
start 0.0 0.01020408163265306 0.0
win 0.0 0.015306122448979591 0.0
back 0.0 0.08673469387755102 0.0
for 0.0007541478129713424 0.3877551020408163 0.0002924246621725613
and 0.0007541478129713424 0.8571428571428571 0.0006464124111182935
de 0.0 0.025510204081632654 0.0
nc 0.0 0.00510204081632653 0.0
it 0.0 0.2193877551020408 0.0
with 0.0 0.4387755102040816 0.0
relation 0.0 0.0 0.0
pamela 0.0 0.00510204081632653 0.0
anderson 0.0 0.00510204081632653 0.0
tommy 0.0 0.00510204081632653 0.0
lee 0.0 0.00510204081632653 0.0
whirlwind 0.0 0.00510204081632653 0.0
romance 0.0 0.01020408163265306 0.0
heir 0.0 0.00510204081632653 0.0
star 0.0 0.00510204081632653 0.0
mel 0.0 0.00510204081632653 0.0
o 0.0 0.00510204081632653 0.0
I 0.0 0.0 0.0
tom 0.0 0.00510204081632653 0.0
now 0.0 0.07653061224489796 0.0
at 0.0 0.23469387755102042 0.0
so 0.0 0.030612244897959183 0.0
that 0.0015082956259426848 0.40816326530612246 0.0006156308677317081
or 0.0 0.09183673469387756 0.0
pa 0.0 0.00510204081632653 0.0
roman 0.0 0.00510204081632653 0.0
to 0.002262443438914027 0.7806122448979592 0.0017660910518053374
low 0.0 0.00510204081632653 0.0
