work 0.0 0.04591836734693878 0.0
life 0.0 0.20408163265306123 0.0
but 0.00023596035865974517 0.3112244897959184 7.34366422359411e-05
he 0.0 0.34183673469387754 0.0
red 0.0 0.01020408163265306 0.0
the 0.002831524303916942 0.9540816326530612 0.002701505330777899
go 0.0 0.09183673469387756 0.0
become 0.0 0.05612244897959184 0.0
known 0.0 0.05612244897959184 0.0
know 0.0 0.07142857142857142 0.0
change 0.0 0.02040816326530612 0.0
lead 0.0 0.02040816326530612 0.0
a 0.0011798017932987258 0.8826530612244898 0.0010413556644932633
husband 0.0 0.03571428571428571 0.0
happy 0.0 0.025510204081632654 0.0
they 0.0 0.28061224489795916 0.0
day 0.0 0.09183673469387756 0.0
in 0.0009438414346389807 0.7346938775510204 0.0006934345234082308
try 0.0 0.01020408163265306 0.0
man 0.0 0.12755102040816327 0.0
no 0.0 0.07142857142857142 0.0
one 0.0 0.18877551020408162 0.0
able 0.0 0.030612244897959183 0.0
as 0.0007078810759792355 0.3469387755102041 0.0002455913937070817
al 0.0 0.00510204081632653 0.0
dr 0.0 0.00510204081632653 0.0
also 0.0 0.09183673469387756 0.0
affair 0.0 0.00510204081632653 0.0
new 0.0 0.1377551020408163 0.0
she 0.00023596035865974517 0.19387755102040816 4.574741647484855e-05
drama 0.0 0.05102040816326531 0.0
concern 0.0 0.00510204081632653 0.0
son 0.0 0.08163265306122448 0.0
result 0.0 0.01020408163265306 0.0
pass 0.0 0.00510204081632653 0.0
world 0.0 0.19387755102040816 0.0
good 0.0 0.025510204081632654 0.0
elope 0.0 0.0 0.0
come 0.0 0.025510204081632654 0.0
even 0.0 0.07142857142857142 0.0
part 0.0 0.04081632653061224 0.0
on 0.0 0.3520408163265306 0.0
begin 0.0 0.025510204081632654 0.0
once 0.0 0.061224489795918366 0.0
incredible 0.0 0.01020408163265306 0.0
unexpectedly 0.0 0.01020408163265306 0.0
art 0.0 0.00510204081632653 0.0
i 0.0 0.00510204081632653 0.0
convince 0.0 0.01020408163265306 0.0
dev 0.0 0.00510204081632653 0.0
show 0.0 0.030612244897959183 0.0
band 0.0 0.02040816326530612 0.0
personal 0.0 0.03571428571428571 0.0
for 0.00023596035865974517 0.3877551020408163 9.14948329496971e-05
emotion 0.0 0.0 0.0
and 0.0009438414346389807 0.8571428571428571 0.0008090069439762691
sex 0.0 0.03571428571428571 0.0
little 0.0 0.04591836734693878 0.0
be 0.0007078810759792355 0.1377551020408163 9.751422985428243e-05
safe 0.0 0.01020408163265306 0.0
act 0.0 0.00510204081632653 0.0
develop 0.0 0.0 0.0
air 0.0 0.01020408163265306 0.0
another 0.0 0.030612244897959183 0.0
bet 0.0 0.00510204081632653 0.0
use 0.0 0.02040816326530612 0.0
person 0.0 0.030612244897959183 0.0
age 0.0 0.025510204081632654 0.0
ss 0.0 0.00510204081632653 0.0
open 0.0 0.00510204081632653 0.0
de 0.0 0.025510204081632654 0.0
emotional 0.0 0.03571428571428571 0.0
will 0.0 0.1989795918367347 0.0
nc 0.0 0.00510204081632653 0.0
rio 0.0 0.025510204081632654 0.0
it 0.0 0.2193877551020408 0.0
unexpected 0.0 0.025510204081632654 0.0
app 0.0 0.00510204081632653 0.0
with 0.00023596035865974517 0.4387755102040816 0.00010353362675886777
revenge 0.0 0.02040816326530612 0.0
omi 0.0 0.00510204081632653 0.0
fill 0.0 0.0 0.0
stan 0.0 0.00510204081632653 0.0
not 0.0 0.14795918367346939 0.0
ex 0.0 0.00510204081632653 0.0
recently 0.0 0.025510204081632654 0.0
constant 0.0 0.015306122448979591 0.0
fact 0.0 0.02040816326530612 0.0
achieve 0.0 0.015306122448979591 0.0
state 0.0 0.015306122448979591 0.0
ia 0.0 0.00510204081632653 0.0
we 0.0 0.01020408163265306 0.0
fair 0.0 0.015306122448979591 0.0
respect 0.0 0.00510204081632653 0.0
expect 0.0 0.0 0.0
point 0.0 0.01020408163265306 0.0
o 0.0 0.00510204081632653 0.0
I 0.0 0.0 0.0
wed 0.0 0.00510204081632653 0.0
cheat 0.0 0.0 0.0
if 0.0 0.03571428571428571 0.0
stand 0.0 0.02040816326530612 0.0
hang 0.0 0.00510204081632653 0.0
ram 0.0 0.00510204081632653 0.0
betrayal 0.0 0.01020408163265306 0.0
by 0.0 0.33163265306122447 0.0
now 0.00023596035865974517 0.07653061224489796 1.8058190713756008e-05
at 0.0 0.23469387755102042 0.0
so 0.0 0.030612244897959183 0.0
serious 0.0 0.01020408163265306 0.0
pen 0.0 0.00510204081632653 0.0
en 0.0 0.00510204081632653 0.0
eat 0.0 0.00510204081632653 0.0
that 0.0 0.40816326530612246 0.0
or 0.0 0.09183673469387756 0.0
pa 0.0 0.00510204081632653 0.0
quite 0.0 0.01020408163265306 0.0
colleague 0.0 0.00510204081632653 0.0
to 0.0 0.7806122448979592 0.0
sergei 0.0 0.01020408163265306 0.0
lena 0.0 0.00510204081632653 0.0
patient 0.0 0.0 0.0
thank 0.0 0.00510204081632653 0.0
safely 0.0 0.00510204081632653 0.0
actor 0.0 0.00510204081632653 0.0
theater 0.0 0.00510204081632653 0.0
interfere 0.0 0.00510204081632653 0.0
notice 0.0 0.00510204081632653 0.0
behavior 0.0 0.00510204081632653 0.0
read 0.0 0.0 0.0
text 0.0 0.00510204081632653 0.0
message 0.0 0.0 0.0
passion 0.0 0.00510204081632653 0.0
integral 0.0 0.00510204081632653 0.0
double 0.0 0.00510204081632653 0.0
how 0.0 0.09183673469387756 0.0
