he 0.00030525030525030525 0.34183673469387754 0.00010434576761107374
red 0.0 0.01020408163265306 0.0
the 0.0021367521367521365 0.9540816326530612 0.002038635967207396
go 0.0 0.09183673469387756 0.0
change 0.0 0.02040816326530612 0.0
thing 0.0 0.00510204081632653 0.0
a 0.0015262515262515263 0.8826530612244898 0.0013471505818444594
in 0.0009157509157509158 0.7346938775510204 0.0006727965911639381
as 0.0 0.3469387755102041 0.0
officer 0.0 0.04591836734693878 0.0
when 0.0 0.27040816326530615 0.0
police 0.0 0.08163265306122448 0.0
ego 0.0 0.00510204081632653 0.0
arm 0.0 0.00510204081632653 0.0
army 0.0 0.025510204081632654 0.0
i 0.0 0.00510204081632653 0.0
upright 0.0 0.00510204081632653 0.0
retire 0.0 0.0 0.0
havildar 0.0 0.00510204081632653 0.0
clash 0.0 0.015306122448979591 0.0
and 0.0009157509157509158 0.8571428571428571 0.0007849293563579277
retired 0.0 0.015306122448979591 0.0
o 0.0 0.00510204081632653 0.0
office 0.0 0.01020408163265306 0.0
hang 0.0 0.00510204081632653 0.0
right 0.0 0.00510204081632653 0.0
las 0.0 0.00510204081632653 0.0
en 0.0 0.00510204081632653 0.0
