he 0.0 0.34183673469387754 0.0
the 0.0029264214046822745 0.9540816326530612 0.0027920449116101294
lead 0.0 0.02040816326530612 0.0
a 0.0006270903010033445 0.8826530612244898 0.0005535031738447888
in 0.0010451505016722408 0.7346938775510204 0.0007678656746979728
man 0.0004180602006688963 0.12755102040816327 5.332400518735922e-05
one 0.0004180602006688963 0.18877551020408162 7.891952767729164e-05
mysterious 0.0 0.08673469387755102 0.0
time 0.00020903010033444816 0.14795918367346939 3.092792300866835e-05
as 0.00020903010033444816 0.3469387755102041 7.252064705480854e-05
cop 0.0 0.03571428571428571 0.0
police 0.0 0.08163265306122448 0.0
case 0.0 0.030612244897959183 0.0
nest 0.0 0.00510204081632653 0.0
crime 0.0 0.030612244897959183 0.0
part 0.0 0.04081632653061224 0.0
on 0.0 0.3520408163265306 0.0
art 0.0 0.00510204081632653 0.0
i 0.0 0.00510204081632653 0.0
race 0.0 0.03571428571428571 0.0
de 0.0 0.025510204081632654 0.0
rio 0.0 0.025510204081632654 0.0
must 0.0 0.07653061224489796 0.0
gain 0.0 0.00510204081632653 0.0
we 0.0 0.01020408163265306 0.0
o 0.0 0.00510204081632653 0.0
I 0.0 0.0 0.0
solve 0.0 0.01020408163265306 0.0
tim 0.0 0.00510204081632653 0.0
at 0.0004180602006688963 0.23469387755102042 9.811616954474098e-05
so 0.0 0.030612244897959183 0.0
en 0.0 0.00510204081632653 0.0
that 0.0 0.40816326530612246 0.0
pa 0.0 0.00510204081632653 0.0
paridhi 0.0 0.00510204081632653 0.0
honest 0.0 0.00510204081632653 0.0
baffle 0.0 0.0 0.0
department 0.0 0.00510204081632653 0.0
to 0.0010451505016722408 0.7806122448979592 0.0008158572793665962
mus 0.0 0.00510204081632653 0.0
