he 0.001048951048951049 0.34183673469387754 0.00035857000142714427
the 0.001048951048951049 0.9540816326530612 0.001000784929356358
go 0.0 0.09183673469387756 0.0
become 0.0 0.05612244897959184 0.0
sin 0.0 0.01020408163265306 0.0
a 0.0013986013986013986 0.8826530612244898 0.0012344798059083775
end 0.0 0.04591836734693878 0.0
ever 0.0 0.05102040816326531 0.0
govern 0.0 0.00510204081632653 0.0
in 0.00034965034965034965 0.7346938775510204 0.0002568859711716855
man 0.0 0.12755102040816327 0.0
as 0.0 0.3469387755102041 0.0
help 0.0 0.10204081632653061 0.0
al 0.0 0.00510204081632653 0.0
property 0.0 0.01020408163265306 0.0
already 0.0 0.01020408163265306 0.0
however 0.0 0.04081632653061224 0.0
come 0.0 0.025510204081632654 0.0
proper 0.0 0.00510204081632653 0.0
on 0.0 0.3520408163265306 0.0
land 0.0 0.030612244897959183 0.0
i 0.0 0.00510204081632653 0.0
loose 0.0 0.00510204081632653 0.0
situation 0.0 0.015306122448979591 0.0
home 0.0 0.07653061224489796 0.0
way 0.0 0.03571428571428571 0.0
for 0.0 0.3877551020408163 0.0
ready 0.0 0.01020408163265306 0.0
and 0.001048951048951049 0.8571428571428571 0.0008991008991008991
be 0.001048951048951049 0.1377551020408163 0.00014449835878407305
bough 0.0 0.00510204081632653 0.0
air 0.0 0.01020408163265306 0.0
ss 0.0 0.00510204081632653 0.0
de 0.0 0.025510204081632654 0.0
central 0.0 0.02040816326530612 0.0
it 0.00034965034965034965 0.2193877551020408 7.670900528043385e-05
with 0.0 0.4387755102040816 0.0
omi 0.0 0.00510204081632653 0.0
dominate 0.0 0.0 0.0
state 0.0 0.015306122448979591 0.0
we 0.0 0.01020408163265306 0.0
enter 0.0 0.02040816326530612 0.0
business 0.0 0.025510204081632654 0.0
government 0.0 0.02040816326530612 0.0
fair 0.0 0.015306122448979591 0.0
sell 0.0 0.0 0.0
buy 0.0 0.0 0.0
trap 0.0 0.00510204081632653 0.0
o 0.0 0.00510204081632653 0.0
I 0.0 0.0 0.0
real 0.0 0.030612244897959183 0.0
mark 0.0 0.01020408163265306 0.0
j 0.0 0.00510204081632653 0.0
fore 0.0 0.00510204081632653 0.0
political 0.0 0.015306122448979591 0.0
by 0.0 0.33163265306122447 0.0
jay 0.0 0.00510204081632653 0.0
at 0.0 0.23469387755102042 0.0
tie 0.0 0.0 0.0
rai 0.0 0.00510204081632653 0.0
jayakrishnan 0.0 0.00510204081632653 0.0
estate 0.0 0.01020408163265306 0.0
varki 0.0 0.00510204081632653 0.0
railway 0.0 0.01020408163265306 0.0
project 0.0 0.00510204081632653 0.0
shark 0.0 0.00510204081632653 0.0
xavier 0.0 0.00510204081632653 0.0
ashraf 0.0 0.00510204081632653 0.0
hajji 0.0 0.00510204081632653 0.0
price 0.0 0.01020408163265306 0.0
dire 0.0 0.00510204081632653 0.0
en 0.0 0.00510204081632653 0.0
that 0.0 0.40816326530612246 0.0
or 0.0 0.09183673469387756 0.0
ji 0.0 0.00510204081632653 0.0
to 0.001048951048951049 0.7806122448979592 0.0008188240331097475
low 0.0 0.00510204081632653 0.0
how 0.0 0.09183673469387756 0.0
who 0.0 0.39285714285714285 0.0
