he 0.0 0.34183673469387754 0.0
the 0.0008361204013377926 0.9540816326530612 0.000797727117602894
go 0.0 0.09183673469387756 0.0
become 0.0 0.05612244897959184 0.0
height 0.0 0.00510204081632653 0.0
thing 0.0 0.00510204081632653 0.0
war 0.0 0.05612244897959184 0.0
a 0.0 0.8826530612244898 0.0
in 0.0008361204013377926 0.7346938775510204 0.0006142925397583783
man 0.0 0.12755102040816327 0.0
no 0.0 0.07142857142857142 0.0
one 0.0 0.18877551020408162 0.0
russian 0.0 0.04081632653061224 0.0
as 0.0 0.3469387755102041 0.0
soviet 0.0 0.030612244897959183 0.0
survivor 0.0 0.015306122448979591 0.0
al 0.0 0.00510204081632653 0.0
mission 0.0 0.07142857142857142 0.0
leave 0.0 0.02040816326530612 0.0
after 0.0 0.1989795918367347 0.0
bring 0.0 0.00510204081632653 0.0
come 0.0 0.025510204081632654 0.0
on 0.0 0.3520408163265306 0.0
meet 0.0 0.030612244897959183 0.0
art 0.0 0.00510204081632653 0.0
dangerous 0.0 0.04591836734693878 0.0
old 0.0 0.05612244897959184 0.0
land 0.0 0.030612244897959183 0.0
rus 0.0 0.00510204081632653 0.0
i 0.0 0.00510204081632653 0.0
back 0.0 0.08673469387755102 0.0
and 0.0016722408026755853 0.8571428571428571 0.0014333492594362158
be 0.0008361204013377926 0.1377551020408163 0.00011517985120469591
command 0.0 0.01020408163265306 0.0
russia 0.0 0.02040816326530612 0.0
mental 0.0 0.01020408163265306 0.0
cold 0.0 0.025510204081632654 0.0
ss 0.0 0.00510204081632653 0.0
de 0.0 0.025510204081632654 0.0
danger 0.0 0.01020408163265306 0.0
it 0.0 0.2193877551020408 0.0
with 0.0 0.4387755102040816 0.0
rough 0.0 0.00510204081632653 0.0
space 0.0 0.02040816326530612 0.0
state 0.0 0.015306122448979591 0.0
ia 0.0 0.00510204081632653 0.0
commander 0.0 0.015306122448979591 0.0
we 0.0 0.01020408163265306 0.0
something 0.0 0.025510204081632654 0.0
earth 0.0 0.05102040816326531 0.0
spacecraft 0.0 0.01020408163265306 0.0
o 0.0 0.00510204081632653 0.0
I 0.0 0.0 0.0
val 0.0 0.00510204081632653 0.0
awry 0.0 0.01020408163265306 0.0
now 0.0 0.07653061224489796 0.0
at 0.0 0.23469387755102042 0.0
clear 0.0 0.015306122448979591 0.0
may 0.0 0.015306122448979591 0.0
so 0.0 0.030612244897959183 0.0
renowned 0.0 0.01020408163265306 0.0
en 0.0 0.00510204081632653 0.0
that 0.0 0.40816326530612246 0.0
or 0.0 0.09183673469387756 0.0
pa 0.0 0.00510204081632653 0.0
crash 0.0 0.01020408163265306 0.0
to 0.0008361204013377926 0.7806122448979592 0.0006526858234932769
psychologist 0.0 0.00510204081632653 0.0
evaluate 0.0 0.00510204081632653 0.0
