life 0.0 0.20408163265306123 0.0
but 0.0004420866489832007 0.3112244897959184 0.0001375881917753839
brother 0.0 0.04081632653061224 0.0
child 0.0 0.04081632653061224 0.0
he 0.0008841732979664014 0.34183673469387754 0.0003022429130803515
red 0.0 0.01020408163265306 0.0
the 0.003978779840848806 0.9540816326530612 0.003796080766524116
go 0.0 0.09183673469387756 0.0
create 0.0 0.02040816326530612 0.0
crore 0.0 0.00510204081632653 0.0
give 0.0 0.015306122448979591 0.0
take 0.0 0.09183673469387756 0.0
a 0.0004420866489832007 0.8826530612244898 0.00039020913405149856
story 0.0 0.12755102040816327 0.0
yet 0.0 0.025510204081632654 0.0
human 0.0 0.05612244897959184 0.0
other 0.0 0.08163265306122448 0.0
power 0.0 0.05102040816326531 0.0
they 0.0008841732979664014 0.28061224489795916 0.00024810985402118406
end 0.0 0.04591836734693878 0.0
ever 0.0 0.05102040816326531 0.0
in 0.001326259946949602 0.7346938775510204 0.0009743950630650138
try 0.0 0.01020408163265306 0.0
man 0.0 0.12755102040816327 0.0
no 0.0 0.07142857142857142 0.0
one 0.0 0.18877551020408162 0.0
coin 0.0 0.0 0.0
as 0.0008841732979664014 0.3469387755102041 0.0003067540013352821
era 0.0 0.01020408163265306 0.0
when 0.0 0.27040816326530615 0.0
pow 0.0 0.00510204081632653 0.0
al 0.0 0.00510204081632653 0.0
also 0.0 0.09183673469387756 0.0
kill 0.0 0.030612244897959183 0.0
she 0.0 0.19387755102040816 0.0
name 0.0 0.025510204081632654 0.0
ship 0.0 0.02040816326530612 0.0
terrible 0.0 0.015306122448979591 0.0
around 0.0 0.08673469387755102 0.0
son 0.0 0.08163265306122448 0.0
fight 0.0 0.03571428571428571 0.0
world 0.0 0.19387755102040816 0.0
family 0.0 0.22448979591836735 0.0
can 0.0 0.08673469387755102 0.0
follow 0.0 0.015306122448979591 0.0
set 0.0 0.05102040816326531 0.0
put 0.0 0.03571428571428571 0.0
never 0.0 0.03571428571428571 0.0
first 0.0 0.08163265306122448 0.0
three 0.0 0.030612244897959183 0.0
on 0.0 0.3520408163265306 0.0
face 0.0 0.025510204081632654 0.0
old 0.0 0.05612244897959184 0.0
i 0.0 0.00510204081632653 0.0
for 0.0 0.3877551020408163 0.0
and 0.0008841732979664014 0.8571428571428571 0.000757862826828344
be 0.0 0.1377551020408163 0.0
all 0.0 0.17346938775510204 0.0
bear 0.0 0.0 0.0
sister 0.0 0.015306122448979591 0.0
myth 0.0 0.015306122448979591 0.0
person 0.0 0.030612244897959183 0.0
ss 0.0 0.00510204081632653 0.0
de 0.0004420866489832007 0.025510204081632654 1.1277720637326548e-05
birth 0.0 0.025510204081632654 0.0
gold 0.0 0.015306122448979591 0.0
will 0.0 0.1989795918367347 0.0
nc 0.0 0.00510204081632653 0.0
greed 0.0 0.015306122448979591 0.0
it 0.0 0.2193877551020408 0.0
well 0.0 0.02040816326530612 0.0
pt 0.0 0.00510204081632653 0.0
with 0.0 0.4387755102040816 0.0
quest 0.0 0.01020408163265306 0.0
not 0.0 0.14795918367346939 0.0
food 0.0 0.015306122448979591 0.0
must 0.0 0.07653061224489796 0.0
fighting 0.0 0.02040816326530612 0.0
offer 0.0 0.0 0.0
accept 0.0 0.0 0.0
star 0.0 0.00510204081632653 0.0
we 0.0 0.01020408163265306 0.0
universe 0.0 0.015306122448979591 0.0
greedy 0.0 0.01020408163265306 0.0
consequence 0.0 0.00510204081632653 0.0
o 0.0 0.00510204081632653 0.0
evolve 0.0 0.0 0.0
I 0.0 0.0 0.0
wed 0.0 0.00510204081632653 0.0
if 0.0 0.03571428571428571 0.0
build 0.0 0.01020408163265306 0.0
grant 0.0 0.00510204081632653 0.0
revolve 0.0 0.0 0.0
roth 0.0 0.00510204081632653 0.0
request 0.0 0.01020408163265306 0.0
by 0.0 0.33163265306122447 0.0
at 0.0 0.23469387755102042 0.0
tumbbad 0.0 0.00510204081632653 0.0
generation 0.0 0.00510204081632653 0.0
temple 0.0 0.00510204081632653 0.0
goddess 0.0 0.01020408163265306 0.0
hastar 0.0 0.00510204081632653 0.0
worship 0.0 0.0 0.0
entity 0.0 0.01020408163265306 0.0
curse 0.0 0.00510204081632653 0.0
emphasis 0.0 0.00510204081632653 0.0
nature 0.0 0.01020408163265306 0.0
prosperity 0.0 0.00510204081632653 0.0
god 0.0 0.01020408163265306 0.0
favorite 0.0 0.00510204081632653 0.0
ownership 0.0 0.00510204081632653 0.0
overpower 0.0 0.0 0.0
intervene 0.0 0.0 0.0
beg 0.0 0.0 0.0
condition 0.0 0.00510204081632653 0.0
mention 0.0 0.0 0.0
purana 0.0 0.0 0.0
so 0.0 0.030612244897959183 0.0
owner 0.0 0.00510204081632653 0.0
odd 0.0 0.01020408163265306 0.0
bad 0.0 0.00510204081632653 0.0
en 0.0 0.00510204081632653 0.0
eat 0.0 0.00510204081632653 0.0
that 0.0 0.40816326530612246 0.0
or 0.0 0.09183673469387756 0.0
to 0.0022104332449160036 0.7806122448979592 0.001725491257510962
low 0.0 0.00510204081632653 0.0
mus 0.0 0.00510204081632653 0.0
who 0.0 0.39285714285714285 0.0
