work 0.0 0.04591836734693878 0.0
but 0.0 0.3112244897959184 0.0
brother 0.0 0.04081632653061224 0.0
he 0.0 0.34183673469387754 0.0
get 0.0 0.0663265306122449 0.0
the 0.001876172607879925 0.9540816326530612 0.0017900218248650304
go 0.0 0.09183673469387756 0.0
become 0.0 0.05612244897959184 0.0
reach 0.0 0.025510204081632654 0.0
find 0.0 0.08163265306122448 0.0
a 0.001876172607879925 0.8826530612244898 0.0016560094957307502
they 0.0 0.28061224489795916 0.0
ago 0.0 0.025510204081632654 0.0
in 0.0 0.7346938775510204 0.0
anton 0.0 0.01020408163265306 0.0
one 0.0009380863039399625 0.18877551020408162 0.0001770877206417276
learn 0.0 0.02040816326530612 0.0
as 0.0 0.3469387755102041 0.0
era 0.0 0.01020408163265306 0.0
house 0.0009380863039399625 0.061224489795918366 5.7433855343263005e-05
mass 0.0 0.01020408163265306 0.0
dr 0.0 0.00510204081632653 0.0
she 0.005628517823639776 0.19387755102040816 0.0010912432515219972
year 0.0 0.01020408163265306 0.0
believe 0.0 0.00510204081632653 0.0
son 0.0 0.08163265306122448 0.0
lose 0.0009380863039399625 0.00510204081632653 4.7861546119385835e-06
world 0.0 0.19387755102040816 0.0
family 0.0 0.22448979591836735 0.0
can 0.0 0.08673469387755102 0.0
come 0.0 0.025510204081632654 0.0
ruthless 0.0 0.025510204081632654 0.0
ivan 0.0 0.00510204081632653 0.0
long 0.0 0.05612244897959184 0.0
even 0.0 0.07142857142857142 0.0
on 0.0 0.3520408163265306 0.0
art 0.0 0.00510204081632653 0.0
what 0.0 0.1377551020408163 0.0
old 0.0 0.05612244897959184 0.0
land 0.0 0.030612244897959183 0.0
i 0.0 0.00510204081632653 0.0
sea 0.0 0.015306122448979591 0.0
start 0.0 0.01020408163265306 0.0
band 0.0 0.02040816326530612 0.0
for 0.0 0.3877551020408163 0.0
recruit 0.0 0.0 0.0
and 0.001876172607879925 0.8571428571428571 0.0016081479496113642
be 0.0009380863039399625 0.1377551020408163 0.00012922617452234175
anti 0.0 0.00510204081632653 0.0
globe 0.0 0.00510204081632653 0.0
race 0.0 0.03571428571428571 0.0
less 0.0 0.00510204081632653 0.0
use 0.0 0.02040816326530612 0.0
age 0.0009380863039399625 0.025510204081632654 2.393077305969292e-05
ss 0.0 0.00510204081632653 0.0
lie 0.0 0.00510204081632653 0.0
de 0.0 0.025510204081632654 0.0
prize 0.0 0.015306122448979591 0.0
will 0.0 0.1989795918367347 0.0
nc 0.0 0.00510204081632653 0.0
it 0.0 0.2193877551020408 0.0
duo 0.0 0.01020408163265306 0.0
together 0.0 0.05612244897959184 0.0
job 0.0 0.04591836734693878 0.0
stan 0.0 0.00510204081632653 0.0
treasure 0.0 0.015306122448979591 0.0
lion 0.0 0.00510204081632653 0.0
heir 0.0 0.00510204081632653 0.0
star 0.0 0.00510204081632653 0.0
ia 0.0 0.00510204081632653 0.0
we 0.0 0.01020408163265306 0.0
billion 0.0 0.00510204081632653 0.0
mystery 0.0 0.00510204081632653 0.0
o 0.0 0.00510204081632653 0.0
hit 0.0 0.015306122448979591 0.0
I 0.0 0.0 0.0
if 0.0 0.03571428571428571 0.0
perhaps 0.0 0.01020408163265306 0.0
heist 0.0 0.00510204081632653 0.0
nathan 0.0 0.00510204081632653 0.0
drake 0.0 0.00510204081632653 0.0
tom 0.0 0.00510204081632653 0.0
holland 0.0 0.00510204081632653 0.0
seasoned 0.0 0.00510204081632653 0.0
hunter 0.0 0.01020408163265306 0.0
victor 0.0 0.00510204081632653 0.0
sully 0.0 0.00510204081632653 0.0
sullivan 0.0 0.00510204081632653 0.0
mark 0.0 0.01020408163265306 0.0
wahlberg 0.0 0.00510204081632653 0.0
recover 0.0 0.00510204081632653 0.0
fortune 0.0 0.00510204081632653 0.0
amass 0.0 0.0 0.0
ferdinand 0.0 0.00510204081632653 0.0
magellan 0.0 0.00510204081632653 0.0
moncada 0.0 0.00510204081632653 0.0
santiago 0.0 0.00510204081632653 0.0
antonio 0.0 0.00510204081632653 0.0
bandera 0.0 0.0 0.0
rightful 0.0 0.00510204081632653 0.0
nate 0.0 0.00510204081632653 0.0
decipher 0.0 0.00510204081632653 0.0
clue 0.0 0.0 0.0
solve 0.0 0.01020408163265306 0.0
oldest 0.0 0.00510204081632653 0.0
stand 0.0 0.02040816326530612 0.0
j 0.0 0.00510204081632653 0.0
cover 0.0 0.015306122448979591 0.0
roth 0.0 0.00510204081632653 0.0
fore 0.0 0.00510204081632653 0.0
right 0.0 0.00510204081632653 0.0
by 0.0 0.33163265306122447 0.0
at 0.0 0.23469387755102042 0.0
street 0.0 0.01020408163265306 0.0
so 0.0 0.030612244897959183 0.0
los 0.0 0.00510204081632653 0.0
white 0.0 0.01020408163265306 0.0
en 0.0 0.00510204081632653 0.0
ruth 0.0 0.00510204081632653 0.0
or 0.0 0.09183673469387756 0.0
to 0.0 0.7806122448979592 0.0
fort 0.0 0.00510204081632653 0.0
who 0.0 0.39285714285714285 0.0
