live 0.0 0.05612244897959184 0.0
life 0.0 0.20408163265306123 0.0
but 0.0 0.3112244897959184 0.0
always 0.0 0.02040816326530612 0.0
let 0.0 0.02040816326530612 0.0
child 0.0 0.04081632653061224 0.0
he 0.0 0.34183673469387754 0.0
get 0.0 0.0663265306122449 0.0
red 0.0 0.01020408163265306 0.0
the 0.0006203473945409429 0.9540816326530612 0.0005918620549956956
go 0.0 0.09183673469387756 0.0
side 0.0 0.015306122448979591 0.0
marriage 0.0 0.02040816326530612 0.0
take 0.0 0.09183673469387756 0.0
sin 0.0 0.01020408163265306 0.0
war 0.0 0.05612244897959184 0.0
a 0.0018610421836228288 0.8826530612244898 0.0016426545804425988
story 0.0 0.12755102040816327 0.0
husband 0.0 0.03571428571428571 0.0
they 0.0 0.28061224489795916 0.0
since 0.0 0.01020408163265306 0.0
day 0.0 0.09183673469387756 0.0
in 0.0006203473945409429 0.7346938775510204 0.0004557654327239581
no 0.0 0.07142857142857142 0.0
one 0.0 0.18877551020408162 0.0
present 0.0 0.015306122448979591 0.0
time 0.0 0.14795918367346939 0.0
as 0.0 0.3469387755102041 0.0
era 0.0 0.01020408163265306 0.0
al 0.0 0.00510204081632653 0.0
dr 0.0 0.00510204081632653 0.0
also 0.0 0.09183673469387756 0.0
she 0.0 0.19387755102040816 0.0
year 0.0 0.01020408163265306 0.0
concern 0.0 0.00510204081632653 0.0
stage 0.0 0.025510204081632654 0.0
son 0.0 0.08163265306122448 0.0
result 0.0 0.01020408163265306 0.0
send 0.0 0.0 0.0
early 0.0 0.030612244897959183 0.0
have 0.0 0.15306122448979592 0.0
bring 0.0 0.00510204081632653 0.0
place 0.0 0.05612244897959184 0.0
family 0.0 0.22448979591836735 0.0
difficult 0.0 0.02040816326530612 0.0
six 0.0 0.025510204081632654 0.0
three 0.0 0.030612244897959183 0.0
on 0.0 0.3520408163265306 0.0
different 0.0 0.03571428571428571 0.0
once 0.0 0.061224489795918366 0.0
i 0.0 0.00510204081632653 0.0
outsider 0.0 0.01020408163265306 0.0
band 0.0 0.02040816326530612 0.0
way 0.0 0.03571428571428571 0.0
for 0.0 0.3877551020408163 0.0
and 0.0012406947890818859 0.8571428571428571 0.0010634526763559022
general 0.0 0.00510204081632653 0.0
be 0.0 0.1377551020408163 0.0
five 0.0 0.030612244897959183 0.0
during 0.0 0.04591836734693878 0.0
all 0.0 0.17346938775510204 0.0
exist 0.0 0.01020408163265306 0.0
use 0.0 0.02040816326530612 0.0
age 0.0 0.025510204081632654 0.0
ss 0.0 0.00510204081632653 0.0
de 0.0 0.025510204081632654 0.0
mean 0.0 0.0 0.0
surround 0.0 0.00510204081632653 0.0
emotional 0.0 0.03571428571428571 0.0
phase 0.0 0.0 0.0
birth 0.0 0.025510204081632654 0.0
nc 0.0 0.00510204081632653 0.0
gift 0.0 0.00510204081632653 0.0
it 0.0 0.2193877551020408 0.0
together 0.0 0.05612244897959184 0.0
pt 0.0 0.00510204081632653 0.0
bag 0.0 0.00510204081632653 0.0
with 0.0 0.4387755102040816 0.0
pregnancy 0.0 0.01020408163265306 0.0
not 0.0 0.14795918367346939 0.0
ex 0.0 0.00510204081632653 0.0
out 0.0 0.18877551020408162 0.0
sixth 0.0 0.01020408163265306 0.0
heir 0.0 0.00510204081632653 0.0
ia 0.0 0.00510204081632653 0.0
we 0.0 0.01020408163265306 0.0
four 0.0 0.02040816326530612 0.0
sam 0.0 0.00510204081632653 0.0
point 0.0 0.01020408163265306 0.0
from 0.0 0.3520408163265306 0.0
o 0.0 0.00510204081632653 0.0
these 0.0 0.05102040816326531 0.0
kat 0.0 0.00510204081632653 0.0
I 0.0 0.0 0.0
if 0.0 0.03571428571428571 0.0
separate 0.0 0.01020408163265306 0.0
gifted 0.0 0.01020408163265306 0.0
neglect 0.0 0.0 0.0
j 0.0 0.00510204081632653 0.0
tim 0.0 0.00510204081632653 0.0
trip 0.0 0.02040816326530612 0.0
kate 0.0 0.01020408163265306 0.0
randall 0.0 0.01020408163265306 0.0
rip 0.0 0.01020408163265306 0.0
jack 0.0 0.015306122448979591 0.0
adult 0.0 0.00510204081632653 0.0
at 0.0006203473945409429 0.23469387755102042 0.0001455917354534866
issue 0.0 0.0 0.0
rebecca 0.0 0.00510204081632653 0.0
pearson 0.0 0.00510204081632653 0.0
triplet 0.0 0.0 0.0
occur 0.0 0.0 0.0
birthday 0.0 0.00510204081632653 0.0
offspring 0.0 0.00510204081632653 0.0
kevin 0.0 0.00510204081632653 0.0
generally 0.0 0.00510204081632653 0.0
upbringing 0.0 0.00510204081632653 0.0
smooth 0.0 0.00510204081632653 0.0
sailing 0.0 0.00510204081632653 0.0
baggage 0.0 0.00510204081632653 0.0
outward 0.0 0.00510204081632653 0.0
weight 0.0 0.00510204081632653 0.0
visible 0.0 0.00510204081632653 0.0
may 0.0 0.015306122448979591 0.0
demonstrate 0.0 0.00510204081632653 0.0
tie 0.0 0.0 0.0
conception 0.0 0.00510204081632653 0.0
so 0.0 0.030612244897959183 0.0
outside 0.0 0.02040816326530612 0.0
ring 0.0 0.00510204081632653 0.0
en 0.0 0.00510204081632653 0.0
cult 0.0 0.00510204081632653 0.0
that 0.0 0.40816326530612246 0.0
or 0.0 0.09183673469387756 0.0
pa 0.0 0.00510204081632653 0.0
to 0.0006203473945409429 0.7806122448979592 0.0004842507722692055
who 0.0012406947890818859 0.39285714285714285 0.00048741580999645516
