work 0.0 0.04591836734693878 0.0
a 0.0014792899408284025 0.8826530612244898 0.001305699794710784
able 0.0 0.030612244897959183 0.0
world 0.0 0.19387755102040816 0.0
family 0.0 0.22448979591836735 0.0
follow 0.0 0.015306122448979591 0.0
long 0.0 0.05612244897959184 0.0
on 0.0 0.3520408163265306 0.0
i 0.0 0.00510204081632653 0.0
dev 0.0 0.00510204081632653 0.0
and 0.0014792899408284025 0.8571428571428571 0.001267962806424345
be 0.0 0.1377551020408163 0.0
de 0.0 0.025510204081632654 0.0
will 0.0 0.1989795918367347 0.0
nc 0.0 0.00510204081632653 0.0
televangelist 0.0 0.00510204081632653 0.0
tradition 0.0 0.00510204081632653 0.0
deviance 0.0 0.00510204081632653 0.0
greed 0.0 0.015306122448979591 0.0
charitable 0.0 0.00510204081632653 0.0
it 0.0 0.2193877551020408 0.0
with 0.0 0.4387755102040816 0.0
ia 0.0 0.00510204081632653 0.0
we 0.0 0.01020408163265306 0.0
o 0.0 0.00510204081632653 0.0
famous 0.0 0.00510204081632653 0.0
rita 0.0 0.00510204081632653 0.0
or 0.0 0.09183673469387756 0.0
low 0.0 0.00510204081632653 0.0
