small 0.0 0.07653061224489796 0.0
life 0.0 0.20408163265306123 0.0
he 0.0003028467595396729 0.34183673469387754 0.0001035241473936637
marry 0.0 0.03571428571428571 0.0
take 0.0 0.09183673469387756 0.0
thing 0.0 0.00510204081632653 0.0
a 0.0012113870381586917 0.8826530612244898 0.001069234477558437
in 0.0 0.7346938775510204 0.0
man 0.0 0.12755102040816327 0.0
as 0.0 0.3469387755102041 0.0
al 0.0 0.00510204081632653 0.0
dr 0.0 0.00510204081632653 0.0
claim 0.0 0.00510204081632653 0.0
town 0.0 0.05102040816326531 0.0
i 0.0 0.00510204081632653 0.0
be 0.0 0.1377551020408163 0.0
all 0.0003028467595396729 0.17346938775510204 5.253464196096367e-05
ss 0.0 0.00510204081632653 0.0
will 0.0006056935190793458 0.1989795918367347 0.00012052064920456372
daughter 0.0 0.05102040816326531 0.0
it 0.0003028467595396729 0.2193877551020408 6.64408707153364e-05
pursue 0.0 0.00510204081632653 0.0
aggressive 0.0 0.00510204081632653 0.0
ia 0.0 0.00510204081632653 0.0
politician 0.0 0.00510204081632653 0.0
o 0.0 0.00510204081632653 0.0
I 0.0 0.0 0.0
if 0.0 0.03571428571428571 0.0
anything 0.0 0.01020408163265306 0.0
by 0.0 0.33163265306122447 0.0
to 0.0006056935190793458 0.7806122448979592 0.00047281177764867306
who 0.0 0.39285714285714285 0.0
aggressively 0.0 0.00510204081632653 0.0
pursued 0.0 0.00510204081632653 0.0
drastic 0.0 0.00510204081632653 0.0
measure 0.0 0.0 0.0
reclaim 0.0 0.00510204081632653 0.0
