life 0.0 0.20408163265306123 0.0
he 0.001254180602006689 0.34183673469387754 0.00042872500170636815
the 0.0029264214046822745 0.9540816326530612 0.0027920449116101294
a 0.0016722408026755853 0.8826530612244898 0.0014760084635861033
power 0.0 0.05102040816326531 0.0
in 0.0008361204013377926 0.7346938775510204 0.0006142925397583783
man 0.0004180602006688963 0.12755102040816327 5.332400518735922e-05
russian 0.0 0.04081632653061224 0.0
as 0.0 0.3469387755102041 0.0
pow 0.0 0.00510204081632653 0.0
she 0.0004180602006688963 0.19387755102040816 8.105248788478602e-05
come 0.0 0.025510204081632654 0.0
young 0.0004180602006688963 0.15816326530612246 6.612176643232544e-05
on 0.0008361204013377926 0.3520408163265306 0.0002943485086342229
pete 0.0 0.01020408163265306 0.0
peter 0.0 0.02040816326530612 0.0
great 0.0 0.03571428571428571 0.0
once 0.0 0.061224489795918366 0.0
princess 0.0004180602006688963 0.015306122448979591 6.398880622483107e-06
rus 0.0 0.00510204081632653 0.0
i 0.0 0.00510204081632653 0.0
prince 0.0 0.015306122448979591 0.0
for 0.0 0.3877551020408163 0.0
and 0.0016722408026755853 0.8571428571428571 0.0014333492594362158
be 0.0016722408026755853 0.1377551020408163 0.00023035970240939182
german 0.0 0.02040816326530612 0.0
ride 0.0 0.00510204081632653 0.0
bet 0.0 0.00510204081632653 0.0
empress 0.0 0.00510204081632653 0.0
ekaterina 0.0 0.00510204081632653 0.0
ii 0.0 0.015306122448979591 0.0
catherine 0.0 0.00510204081632653 0.0
bear 0.0 0.0 0.0
russia 0.0 0.02040816326530612 0.0
bride 0.0 0.01020408163265306 0.0
iii 0.0 0.01020408163265306 0.0
choose 0.0 0.0 0.0
aunt 0.0 0.01020408163265306 0.0
elisabeth 0.0 0.00510204081632653 0.0
transform 0.0 0.015306122448979591 0.0
empire 0.0 0.01020408163265306 0.0
ss 0.0 0.00510204081632653 0.0
de 0.0 0.025510204081632654 0.0
form 0.0 0.01020408163265306 0.0
nc 0.0 0.00510204081632653 0.0
ia 0.0 0.00510204081632653 0.0
we 0.0 0.01020408163265306 0.0
o 0.0 0.00510204081632653 0.0
kat 0.0 0.00510204081632653 0.0
I 0.0 0.0 0.0
if 0.0 0.03571428571428571 0.0
kate 0.0 0.01020408163265306 0.0
by 0.0004180602006688963 0.33163265306122447 0.00013864241348713398
cat 0.0 0.01020408163265306 0.0
at 0.0 0.23469387755102042 0.0
en 0.0 0.00510204081632653 0.0
eat 0.0 0.00510204081632653 0.0
or 0.0 0.09183673469387756 0.0
to 0.0 0.7806122448979592 0.0
who 0.0004180602006688963 0.39285714285714285 0.0001642379359770664
