live 0.0 0.05612244897959184 0.0
king 0.0 0.030612244897959183 0.0
step 0.0 0.00510204081632653 0.0
father 0.0 0.11734693877551021 0.0
he 0.0 0.34183673469387754 0.0
country 0.0 0.015306122448979591 0.0
the 0.0024752475247524753 0.9540816326530612 0.00236158819963629
close 0.0 0.00510204081632653 0.0
marry 0.0 0.03571428571428571 0.0
mother 0.0 0.05612244897959184 0.0
relationship 0.0 0.05612244897959184 0.0
call 0.0 0.01020408163265306 0.0
find 0.0 0.08163265306122448 0.0
take 0.0003808073115003808 0.09183673469387756 3.497210003574926e-05
lead 0.0 0.02040816326530612 0.0
a 0.0017136329017517135 0.8826530612244898 0.0015125433265461554
love 0.0 0.09183673469387756 0.0
they 0.0 0.28061224489795916 0.0
ever 0.0 0.05102040816326531 0.0
in 0.0 0.7346938775510204 0.0
try 0.0 0.01020408163265306 0.0
man 0.0 0.12755102040816327 0.0
no 0.0001904036557501904 0.07142857142857142 1.36002611250136e-05
one 0.0001904036557501904 0.18877551020408162 3.5943547258964516e-05
seem 0.0001904036557501904 0.01020408163265306 1.9428944464305143e-06
see 0.0 0.04081632653061224 0.0
eventually 0.0 0.025510204081632654 0.0
as 0.0 0.3469387755102041 0.0
era 0.0 0.01020408163265306 0.0
house 0.0 0.061224489795918366 0.0
move 0.0 0.025510204081632654 0.0
without 0.0 0.04081632653061224 0.0
when 0.0 0.27040816326530615 0.0
al 0.0 0.00510204081632653 0.0
kill 0.0 0.030612244897959183 0.0
new 0.0 0.1377551020408163 0.0
she 0.0003808073115003808 0.19387755102040816 7.382998896435954e-05
year 0.0 0.01020408163265306 0.0
tell 0.0 0.015306122448979591 0.0
accident 0.0 0.025510204081632654 0.0
after 0.0 0.1989795918367347 0.0
ship 0.0 0.02040816326530612 0.0
flee 0.0 0.015306122448979591 0.0
teenager 0.0 0.01020408163265306 0.0
early 0.0 0.030612244897959183 0.0
cross 0.0 0.015306122448979591 0.0
lose 0.0 0.00510204081632653 0.0
place 0.0 0.05612244897959184 0.0
while 0.0 0.12244897959183673 0.0
thou 0.0 0.01020408163265306 0.0
teach 0.0 0.00510204081632653 0.0
teenage 0.0 0.025510204081632654 0.0
never 0.0 0.03571428571428571 0.0
even 0.0 0.07142857142857142 0.0
closer 0.0 0.025510204081632654 0.0
order 0.0 0.04081632653061224 0.0
on 0.0003808073115003808 0.3520408163265306 0.0001340597168037055
begin 0.0 0.025510204081632654 0.0
once 0.0 0.061224489795918366 0.0
lot 0.0 0.00510204081632653 0.0
meet 0.0 0.030612244897959183 0.0
old 0.0 0.05612244897959184 0.0
i 0.0 0.00510204081632653 0.0
hope 0.0 0.030612244897959183 0.0
attraction 0.0 0.015306122448979591 0.0
home 0.0 0.07653061224489796 0.0
girl 0.0 0.08673469387755102 0.0
for 0.0 0.3877551020408163 0.0
woman 0.0 0.07142857142857142 0.0
and 0.0011424219345011423 0.8571428571428571 0.000979218801000979
little 0.0 0.04591836734693878 0.0
grow 0.0 0.0 0.0
action 0.0 0.01020408163265306 0.0
be 0.0001904036557501904 0.1377551020408163 2.622907502681194e-05
all 0.0 0.17346938775510204 0.0
act 0.0 0.00510204081632653 0.0
less 0.0 0.00510204081632653 0.0
bet 0.0 0.00510204081632653 0.0
use 0.0 0.02040816326530612 0.0
look 0.0001904036557501904 0.025510204081632654 4.857236116076286e-06
lone 0.0 0.00510204081632653 0.0
age 0.0 0.025510204081632654 0.0
ss 0.0 0.00510204081632653 0.0
de 0.0 0.025510204081632654 0.0
here 0.0 0.01020408163265306 0.0
will 0.0001904036557501904 0.1989795918367347 3.788644170539503e-05
nc 0.0 0.00510204081632653 0.0
tradition 0.0 0.00510204081632653 0.0
stepfather 0.0 0.01020408163265306 0.0
daughter 0.0 0.05102040816326531 0.0
it 0.0005712109672505711 0.2193877551020408 0.00012531669179476816
fall 0.0 0.01020408163265306 0.0
mind 0.0 0.01020408163265306 0.0
with 0.0005712109672505711 0.4387755102040816 0.0002506333835895363
omi 0.0 0.00510204081632653 0.0
desperate 0.0 0.01020408163265306 0.0
attracted 0.0 0.015306122448979591 0.0
relation 0.0 0.0 0.0
auto 0.0 0.015306122448979591 0.0
position 0.0 0.01020408163265306 0.0
out 0.0001904036557501904 0.18877551020408162 3.5943547258964516e-05
line 0.0 0.01020408163265306 0.0
lee 0.0 0.00510204081632653 0.0
heir 0.0 0.00510204081632653 0.0
mel 0.0 0.00510204081632653 0.0
we 0.0 0.01020408163265306 0.0
where 0.0 0.11224489795918367 0.0
o 0.0 0.00510204081632653 0.0
I 0.0 0.0 0.0
if 0.0 0.03571428571428571 0.0
obvious 0.0 0.00510204081632653 0.0
beyond 0.0 0.01020408163265306 0.0
charlotte 0.0 0.02040816326530612 0.0
trip 0.0 0.02040816326530612 0.0
adolescence 0.0 0.00510204081632653 0.0
humbert 0.0 0.00510204081632653 0.0
hopelessly 0.0 0.00510204081632653 0.0
tragically 0.0 0.00510204081632653 0.0
adulthood 0.0 0.00510204081632653 0.0
obsession 0.0 0.00510204081632653 0.0
nymphet 0.0 0.0 0.0
walk 0.0 0.015306122448979591 0.0
fine 0.0 0.00510204081632653 0.0
secure 0.0 0.00510204081632653 0.0
teaching 0.0 0.00510204081632653 0.0
haze 0.0 0.00510204081632653 0.0
melanie 0.0 0.00510204081632653 0.0
griffith 0.0 0.00510204081632653 0.0
pretentious 0.0 0.00510204081632653 0.0
annoying 0.0 0.00510204081632653 0.0
desperately 0.0 0.01020408163265306 0.0
lonely 0.0 0.00510204081632653 0.0
obviously 0.0 0.00510204081632653 0.0
attract 0.0 0.0 0.0
pay 0.0 0.0 0.0
lolita 0.0 0.00510204081632653 0.0
dominique 0.0 0.00510204081632653 0.0
swain 0.0 0.00510204081632653 0.0
image 0.0 0.00510204081632653 0.0
boarder 0.0 0.00510204081632653 0.0
rage 0.0 0.01020408163265306 0.0
fate 0.0 0.015306122448979591 0.0
traditional 0.0 0.00510204081632653 0.0
boundary 0.0 0.0 0.0
rip 0.0001904036557501904 0.01020408163265306 1.9428944464305143e-06
adult 0.0 0.00510204081632653 0.0
moth 0.0 0.00510204081632653 0.0
at 0.0 0.23469387755102042 0.0
los 0.0 0.00510204081632653 0.0
ann 0.0 0.00510204081632653 0.0
fit 0.0 0.00510204081632653 0.0
ring 0.0 0.00510204081632653 0.0
en 0.0 0.00510204081632653 0.0
that 0.0001904036557501904 0.40816326530612246 7.771577785722058e-05
or 0.0 0.09183673469387756 0.0
pa 0.0 0.00510204081632653 0.0
sl 0.0 0.00510204081632653 0.0
to 0.000952018278750952 0.7806122448979592 0.0007431571257596717
tent 0.0 0.00510204081632653 0.0
who 0.0 0.39285714285714285 0.0
