live 0.0002747252747252747 0.05612244897959184 1.5418255214173583e-05
king 0.0 0.030612244897959183 0.0
he 0.0 0.34183673469387754 0.0
forest 0.0 0.04081632653061224 0.0
red 0.0 0.01020408163265306 0.0
the 0.0008241758241758242 0.9540816326530612 0.0007863310159228527
go 0.0002747252747252747 0.09183673469387756 2.522987216864768e-05
reach 0.0 0.025510204081632654 0.0
take 0.0002747252747252747 0.09183673469387756 2.522987216864768e-05
a 0.0013736263736263735 0.8826530612244898 0.0012124355236600133
power 0.0 0.05102040816326531 0.0
they 0.0002747252747252747 0.28061224489795916 7.70912760708679e-05
dark 0.0 0.025510204081632654 0.0
ever 0.0 0.05102040816326531 0.0
in 0.0 0.7346938775510204 0.0
man 0.0 0.12755102040816327 0.0
no 0.0 0.07142857142857142 0.0
one 0.0 0.18877551020408162 0.0
this 0.0 0.17346938775510204 0.0
event 0.0 0.0 0.0
time 0.0002747252747252747 0.14795918367346939 4.064812738282126e-05
as 0.0005494505494505495 0.3469387755102041 0.00019062570082978246
era 0.0 0.01020408163265306 0.0
pow 0.0 0.00510204081632653 0.0
rest 0.0 0.025510204081632654 0.0
al 0.0 0.00510204081632653 0.0
dr 0.0 0.00510204081632653 0.0
new 0.0 0.1377551020408163 0.0
she 0.0016483516483516484 0.19387755102040816 0.00031957838080287057
year 0.0002747252747252747 0.01020408163265306 2.803319129849742e-06
after 0.0 0.1989795918367347 0.0
leg 0.0 0.00510204081632653 0.0
drama 0.0 0.05102040816326531 0.0
like 0.0 0.03571428571428571 0.0
viewer 0.0 0.00510204081632653 0.0
mountain 0.0 0.01020408163265306 0.0
world 0.0 0.19387755102040816 0.0
evil 0.0 0.03571428571428571 0.0
nest 0.0 0.00510204081632653 0.0
rise 0.0 0.02040816326530612 0.0
cast 0.0 0.01020408163265306 0.0
thou 0.0 0.01020408163265306 0.0
follow 0.0 0.015306122448979591 0.0
set 0.0 0.05102040816326531 0.0
character 0.0 0.02040816326530612 0.0
hero 0.0 0.025510204081632654 0.0
long 0.0 0.05612244897959184 0.0
island 0.0 0.02040816326530612 0.0
middle 0.0 0.025510204081632654 0.0
even 0.0 0.07142857142857142 0.0
unlikely 0.0 0.01020408163265306 0.0
depths 0.0 0.01020408163265306 0.0
on 0.0 0.3520408163265306 0.0
begin 0.0 0.025510204081632654 0.0
great 0.0 0.03571428571428571 0.0
map 0.0 0.01020408163265306 0.0
breathtaking 0.0 0.01020408163265306 0.0
confront 0.0 0.015306122448979591 0.0
art 0.0 0.00510204081632653 0.0
land 0.0 0.030612244897959183 0.0
i 0.0 0.00510204081632653 0.0
hope 0.0 0.030612244897959183 0.0
back 0.0005494505494505495 0.08673469387755102 4.7656425207445614e-05
lord 0.0 0.01020408163265306 0.0
series 0.0 0.07142857142857142 0.0
for 0.0002747252747252747 0.3877551020408163 0.00010652612693429019
and 0.001098901098901099 0.8571428571428571 0.0009419152276295133
greatest 0.0 0.025510204081632654 0.0
be 0.001098901098901099 0.1377551020408163 0.00015137923301188606
all 0.0 0.17346938775510204 0.0
act 0.0 0.00510204081632653 0.0
front 0.0 0.00510204081632653 0.0
ss 0.0 0.00510204081632653 0.0
de 0.0 0.025510204081632654 0.0
ruin 0.0 0.01020408163265306 0.0
will 0.0 0.1989795918367347 0.0
don 0.0002747252747252747 0.015306122448979591 4.204978694774613e-06
nc 0.0 0.00510204081632653 0.0
studio 0.0 0.0 0.0
kingdom 0.0 0.01020408163265306 0.0
threaten 0.0 0.01020408163265306 0.0
it 0.0 0.2193877551020408 0.0
pt 0.0 0.00510204081632653 0.0
fall 0.0 0.01020408163265306 0.0
villain 0.0 0.00510204081632653 0.0
peace 0.0 0.015306122448979591 0.0
out 0.0 0.18877551020408162 0.0
emerge 0.0 0.00510204081632653 0.0
ia 0.0 0.00510204081632653 0.0
we 0.0 0.01020408163265306 0.0
earth 0.0 0.05102040816326531 0.0
thousand 0.0 0.00510204081632653 0.0
test 0.0 0.00510204081632653 0.0
from 0.0002747252747252747 0.3520408163265306 9.67145099798161e-05
threat 0.0 0.015306122448979591 0.0
o 0.0 0.00510204081632653 0.0
these 0.0 0.05102040816326531 0.0
I 0.0 0.0 0.0
wed 0.0 0.00510204081632653 0.0
mid 0.0 0.00510204081632653 0.0
fear 0.0 0.00510204081632653 0.0
j 0.0 0.00510204081632653 0.0
cover 0.0 0.015306122448979591 0.0
tim 0.0 0.00510204081632653 0.0
relative 0.0 0.01020408163265306 0.0
fore 0.0 0.00510204081632653 0.0
fine 0.0 0.00510204081632653 0.0
mount 0.0 0.00510204081632653 0.0
hang 0.0 0.00510204081632653 0.0
ram 0.0 0.00510204081632653 0.0
legacy 0.0 0.015306122448979591 0.0
by 0.0 0.33163265306122447 0.0
at 0.0002747252747252747 0.23469387755102042 6.447633998654407e-05
car 0.0 0.00510204081632653 0.0
sand 0.0 0.0 0.0
capital 0.0 0.00510204081632653 0.0
epic 0.0 0.01020408163265306 0.0
tolkien 0.0 0.00510204081632653 0.0
hobbit 0.0 0.00510204081632653 0.0
ring 0.0 0.00510204081632653 0.0
forge 0.0 0.0 0.0
glory 0.0 0.00510204081632653 0.0
finest 0.0 0.00510204081632653 0.0
thread 0.0 0.0 0.0
flow 0.0 0.0 0.0
pen 0.0 0.00510204081632653 0.0
darkness 0.0 0.00510204081632653 0.0
ensemble 0.0 0.00510204081632653 0.0
familiar 0.0 0.00510204081632653 0.0
darkest 0.0 0.00510204081632653 0.0
misty 0.0 0.01020408163265306 0.0
majestic 0.0 0.00510204081632653 0.0
lindon 0.0 0.00510204081632653 0.0
númenor 0.0 0.00510204081632653 0.0
furthest 0.0 0.00510204081632653 0.0
carve 0.0 0.00510204081632653 0.0
en 0.0 0.00510204081632653 0.0
eat 0.0 0.00510204081632653 0.0
that 0.0 0.40816326530612246 0.0
or 0.0 0.09183673469387756 0.0
sl 0.0 0.00510204081632653 0.0
to 0.002197802197802198 0.7806122448979592 0.0017156313074680421
low 0.0 0.00510204081632653 0.0
read 0.0 0.0 0.0
