small 0.0 0.07653061224489796 0.0
life 0.0 0.20408163265306123 0.0
king 0.0 0.030612244897959183 0.0
let 0.0 0.02040816326530612 0.0
he 0.0 0.34183673469387754 0.0
chance 0.0 0.025510204081632654 0.0
red 0.0 0.01020408163265306 0.0
the 0.002747252747252747 0.9540816326530612 0.0026211033864095086
find 0.0 0.08163265306122448 0.0
two 0.0 0.12755102040816327 0.0
a 0.0009157509157509158 0.8826530612244898 0.0008082903491066757
they 0.0 0.28061224489795916 0.0
in 0.0 0.7346938775510204 0.0
no 0.0 0.07142857142857142 0.0
learn 0.0 0.02040816326530612 0.0
time 0.0 0.14795918367346939 0.0
as 0.0 0.3469387755102041 0.0
era 0.0 0.01020408163265306 0.0
die 0.0 0.01020408163265306 0.0
law 0.0 0.01020408163265306 0.0
al 0.0 0.00510204081632653 0.0
dr 0.0 0.00510204081632653 0.0
former 0.0 0.03571428571428571 0.0
break 0.0 0.01020408163265306 0.0
she 0.0 0.19387755102040816 0.0
make 0.0 0.061224489795918366 0.0
arm 0.0 0.00510204081632653 0.0
fight 0.0 0.03571428571428571 0.0
long 0.0 0.05612244897959184 0.0
order 0.0 0.04081632653061224 0.0
on 0.0 0.3520408163265306 0.0
death 0.0 0.04591836734693878 0.0
row 0.0 0.00510204081632653 0.0
completely 0.0 0.015306122448979591 0.0
old 0.0 0.05612244897959184 0.0
army 0.0 0.025510204081632654 0.0
i 0.0 0.00510204081632653 0.0
hope 0.0 0.030612244897959183 0.0
way 0.0 0.03571428571428571 0.0
guard 0.0 0.0 0.0
for 0.0009157509157509158 0.3877551020408163 0.0003550870897809673
and 0.0 0.8571428571428571 0.0
be 0.0009157509157509158 0.1377551020408163 0.0001261493608432384
soldier 0.0 0.01020408163265306 0.0
all 0.0 0.17346938775510204 0.0
race 0.0 0.03571428571428571 0.0
fellow 0.0 0.025510204081632654 0.0
air 0.0 0.01020408163265306 0.0
belgian 0.0 0.01020408163265306 0.0
ss 0.0 0.00510204081632653 0.0
narrowly 0.0 0.01020408163265306 0.0
de 0.0 0.025510204081632654 0.0
will 0.0 0.1989795918367347 0.0
form 0.0 0.01020408163265306 0.0
nc 0.0 0.00510204081632653 0.0
it 0.0 0.2193877551020408 0.0
along 0.0 0.02040816326530612 0.0
app 0.0 0.00510204081632653 0.0
fall 0.0 0.01020408163265306 0.0
fighting 0.0 0.02040816326530612 0.0
gain 0.0 0.00510204081632653 0.0
heir 0.0 0.00510204081632653 0.0
narrow 0.0 0.00510204081632653 0.0
ia 0.0 0.00510204081632653 0.0
sell 0.0 0.0 0.0
complete 0.0 0.00510204081632653 0.0
o 0.0 0.00510204081632653 0.0
I 0.0 0.0 0.0
if 0.0 0.03571428571428571 0.0
tim 0.0 0.00510204081632653 0.0
trip 0.0 0.02040816326530612 0.0
rip 0.0 0.01020408163265306 0.0
ranger 0.0 0.00510204081632653 0.0
pair 0.0 0.00510204081632653 0.0
road 0.0 0.00510204081632653 0.0
lifetime 0.0 0.00510204081632653 0.0
brigg 0.0 0.0 0.0
chan 0.0 0.0 0.0
tatum 0.0 0.00510204081632653 0.0
lulu 0.0 0.00510204081632653 0.0
malinois 0.0 0.00510204081632653 0.0
dog 0.0 0.00510204081632653 0.0
buckle 0.0 0.00510204081632653 0.0
ford 0.0 0.00510204081632653 0.0
bronco 0.0 0.00510204081632653 0.0
pacific 0.0 0.00510204081632653 0.0
coast 0.0 0.00510204081632653 0.0
funeral 0.0 0.00510204081632653 0.0
drive 0.0 0.015306122448979591 0.0
crazy 0.0 0.00510204081632653 0.0
handful 0.0 0.00510204081632653 0.0
evade 0.0 0.00510204081632653 0.0
happiness 0.0 0.00510204081632653 0.0
dea 0.0 0.00510204081632653 0.0
at 0.0 0.23469387755102042 0.0
so 0.0 0.030612244897959183 0.0
ann 0.0 0.00510204081632653 0.0
eat 0.0 0.00510204081632653 0.0
or 0.0 0.09183673469387756 0.0
pa 0.0 0.00510204081632653 0.0
to 0.0018315018315018315 0.7806122448979592 0.0014296927562233686
low 0.0 0.00510204081632653 0.0
