he 0.0014792899408284025 0.34183673469387754 0.0005056756430382804
the 0.0 0.9540816326530612 0.0
sin 0.0 0.01020408163265306 0.0
war 0.0 0.05612244897959184 0.0
a 0.002958579881656805 0.8826530612244898 0.002611399589421568
love 0.0 0.09183673469387756 0.0
supernatural 0.0 0.015306122448979591 0.0
power 0.0 0.05102040816326531 0.0
they 0.0 0.28061224489795916 0.0
end 0.0 0.04591836734693878 0.0
battle 0.0 0.061224489795918366 0.0
in 0.0 0.7346938775510204 0.0
no 0.0 0.07142857142857142 0.0
one 0.0 0.18877551020408162 0.0
learn 0.0 0.02040816326530612 0.0
time 0.0 0.14795918367346939 0.0
as 0.0 0.3469387755102041 0.0
pow 0.0 0.00510204081632653 0.0
al 0.0 0.00510204081632653 0.0
name 0.0 0.025510204081632654 0.0
arm 0.0 0.00510204081632653 0.0
secret 0.0 0.061224489795918366 0.0
europe 0.0 0.025510204081632654 0.0
lose 0.0 0.00510204081632653 0.0
world 0.0 0.19387755102040816 0.0
upon 0.0 0.025510204081632654 0.0
friend 0.0 0.0663265306122449 0.0
follow 0.0 0.015306122448979591 0.0
discover 0.0 0.025510204081632654 0.0
on 0.0 0.3520408163265306 0.0
great 0.0 0.03571428571428571 0.0
rus 0.0 0.00510204081632653 0.0
i 0.0 0.00510204081632653 0.0
over 0.0 0.07653061224489796 0.0
series 0.0 0.07142857142857142 0.0
for 0.0 0.3877551020408163 0.0
society 0.0 0.03571428571428571 0.0
and 0.0 0.8571428571428571 0.0
be 0.0 0.1377551020408163 0.0
all 0.0 0.17346938775510204 0.0
russia 0.0 0.02040816326530612 0.0
anarchist 0.0 0.00510204081632653 0.0
nickname 0.0 0.0 0.0
karamora 0.0 0.00510204081632653 0.0
monarchical 0.0 0.00510204081632653 0.0
dynasty 0.0 0.00510204081632653 0.0
highest 0.0 0.00510204081632653 0.0
rank 0.0 0.0 0.0
nobility 0.0 0.01020408163265306 0.0
elite 0.0 0.01020408163265306 0.0
discreetly 0.0 0.00510204081632653 0.0
use 0.0 0.02040816326530612 0.0
rule 0.0 0.00510204081632653 0.0
period 0.0 0.01020408163265306 0.0
declare 0.0 0.0 0.0
harm 0.0 0.01020408163265306 0.0
cause 0.0 0.0 0.0
ss 0.0 0.00510204081632653 0.0
de 0.0 0.025510204081632654 0.0
will 0.0014792899408284025 0.1989795918367347 0.00029434850863422295
super 0.0 0.00510204081632653 0.0
rio 0.0 0.025510204081632654 0.0
it 0.0 0.2193877551020408 0.0
heir 0.0 0.00510204081632653 0.0
ia 0.0 0.00510204081632653 0.0
we 0.0 0.01020408163265306 0.0
o 0.0 0.00510204081632653 0.0
these 0.0 0.05102040816326531 0.0
I 0.0 0.0 0.0
learning 0.0 0.01020408163265306 0.0
cover 0.0 0.015306122448979591 0.0
tim 0.0 0.00510204081632653 0.0
high 0.0 0.015306122448979591 0.0
ram 0.0 0.00510204081632653 0.0
at 0.0 0.23469387755102042 0.0
tie 0.0 0.0 0.0
so 0.0 0.030612244897959183 0.0
los 0.0 0.00510204081632653 0.0
natural 0.0 0.00510204081632653 0.0
en 0.0 0.00510204081632653 0.0
eat 0.0 0.00510204081632653 0.0
that 0.0 0.40816326530612246 0.0
or 0.0 0.09183673469387756 0.0
to 0.002958579881656805 0.7806122448979592 0.002309503683130057
ural 0.0 0.00510204081632653 0.0
low 0.0 0.00510204081632653 0.0
who 0.0014792899408284025 0.39285714285714285 0.0005811496196111582
