small 0.0 0.07653061224489796 0.0
father 0.0 0.11734693877551021 0.0
he 0.0 0.34183673469387754 0.0
the 0.002442002442002442 0.9540816326530612 0.002329869676808452
sin 0.0 0.01020408163265306 0.0
two 0.0 0.12755102040816327 0.0
a 0.0 0.8826530612244898 0.0
they 0.0 0.28061224489795916 0.0
in 0.0006105006105006105 0.7346938775510204 0.00044853106077595876
when 0.0 0.27040816326530615 0.0
arrive 0.0 0.02040816326530612 0.0
al 0.0 0.00510204081632653 0.0
she 0.0 0.19387755102040816 0.0
leave 0.0 0.02040816326530612 0.0
leg 0.0 0.00510204081632653 0.0
single 0.0 0.030612244897959183 0.0
secret 0.0 0.061224489795918366 0.0
town 0.0 0.05102040816326531 0.0
discover 0.0 0.025510204081632654 0.0
on 0.001221001221001221 0.3520408163265306 0.0004298422665769605
begin 0.0 0.025510204081632654 0.0
i 0.0 0.00510204081632653 0.0
and 0.001221001221001221 0.8571428571428571 0.0010465724751439036
be 0.0 0.1377551020408163 0.0
all 0.0 0.17346938775510204 0.0
ghost 0.0 0.01020408163265306 0.0
will 0.0 0.1989795918367347 0.0
origin 0.0 0.00510204081632653 0.0
behind 0.0006105006105006105 0.05612244897959184 3.426278936483018e-05
kid 0.0 0.00510204081632653 0.0
original 0.0 0.015306122448979591 0.0
heir 0.0 0.00510204081632653 0.0
we 0.0 0.01020408163265306 0.0
o 0.0006105006105006105 0.00510204081632653 3.1147990331663797e-06
left 0.0 0.04081632653061224 0.0
mom 0.0 0.01020408163265306 0.0
cover 0.0 0.015306122448979591 0.0
legacy 0.0 0.015306122448979591 0.0
connection 0.0 0.00510204081632653 0.0
ghostbuster 0.0 0.0 0.0
grandfather 0.0 0.01020408163265306 0.0
at 0.0 0.23469387755102042 0.0
en 0.0 0.00510204081632653 0.0
or 0.0 0.09183673469387756 0.0
to 0.0 0.7806122448979592 0.0
