work 0.0 0.04591836734693878 0.0
sum 0.0 0.01020408163265306 0.0
live 0.0 0.05612244897959184 0.0
life 0.0 0.20408163265306123 0.0
but 0.0003315649867374005 0.3112244897959184 0.00010319114383153792
he 0.002652519893899204 0.34183673469387754 0.0009067287392410544
get 0.0 0.0663265306122449 0.0
the 0.001989389920424403 0.9540816326530612 0.001898040383262058
know 0.0 0.07142857142857142 0.0
marry 0.0 0.03571428571428571 0.0
marriage 0.0 0.02040816326530612 0.0
find 0.0 0.08163265306122448 0.0
take 0.0 0.09183673469387756 0.0
a 0.0009946949602122016 0.8826530612244898 0.0008779705516158718
love 0.0 0.09183673469387756 0.0
boy 0.0 0.030612244897959183 0.0
they 0.000663129973474801 0.28061224489795916 0.00018608239051588803
force 0.0 0.025510204081632654 0.0
sign 0.0 0.00510204081632653 0.0
end 0.0003315649867374005 0.04591836734693878 1.522492286039084e-05
night 0.0 0.025510204081632654 0.0
in 0.000663129973474801 0.7346938775510204 0.0004871975315325069
try 0.0 0.01020408163265306 0.0
man 0.0 0.12755102040816327 0.0
no 0.0 0.07142857142857142 0.0
black 0.0 0.01020408163265306 0.0
time 0.0 0.14795918367346939 0.0
as 0.0 0.3469387755102041 0.0
officer 0.0 0.04591836734693878 0.0
when 0.0003315649867374005 0.27040816326530615 8.965787906674607e-05
help 0.0 0.10204081632653061 0.0
police 0.0 0.08163265306122448 0.0
al 0.0 0.00510204081632653 0.0
she 0.0009946949602122016 0.19387755102040816 0.00019284902289828397
tell 0.0 0.015306122448979591 0.0
problem 0.0 0.02040816326530612 0.0
final 0.0 0.02040816326530612 0.0
son 0.0 0.08163265306122448 0.0
finally 0.0 0.03571428571428571 0.0
upon 0.0 0.025510204081632654 0.0
family 0.0 0.22448979591836735 0.0
friend 0.0 0.0663265306122449 0.0
while 0.0 0.12244897959183673 0.0
rise 0.0 0.02040816326530612 0.0
follow 0.0 0.015306122448979591 0.0
teach 0.0 0.00510204081632653 0.0
station 0.0 0.025510204081632654 0.0
on 0.0 0.3520408163265306 0.0
meet 0.0 0.030612244897959183 0.0
art 0.0 0.00510204081632653 0.0
meeting 0.0 0.01020408163265306 0.0
i 0.0 0.00510204081632653 0.0
convince 0.0 0.01020408163265306 0.0
start 0.0 0.01020408163265306 0.0
for 0.0003315649867374005 0.3877551020408163 0.00012856601526552264
individual 0.0 0.00510204081632653 0.0
woman 0.0 0.07142857142857142 0.0
and 0.000663129973474801 0.8571428571428571 0.000568397120121258
sex 0.0 0.03571428571428571 0.0
be 0.0003315649867374005 0.1377551020408163 4.567476858117252e-05
sake 0.0 0.015306122448979591 0.0
all 0.0 0.17346938775510204 0.0
act 0.0 0.00510204081632653 0.0
boyfriend 0.0 0.03571428571428571 0.0
married 0.0 0.015306122448979591 0.0
fake 0.0 0.00510204081632653 0.0
person 0.0 0.030612244897959183 0.0
age 0.0 0.025510204081632654 0.0
ss 0.0 0.00510204081632653 0.0
lie 0.0 0.00510204081632653 0.0
expose 0.0 0.015306122448979591 0.0
de 0.0 0.025510204081632654 0.0
date 0.0 0.0 0.0
here 0.0 0.01020408163265306 0.0
will 0.0 0.1989795918367347 0.0
nc 0.0 0.00510204081632653 0.0
ale 0.0 0.00510204081632653 0.0
it 0.0 0.2193877551020408 0.0
shardul 0.0 0.00510204081632653 0.0
thakur 0.0 0.00510204081632653 0.0
post 0.0 0.0 0.0
dehradhun 0.0 0.00510204081632653 0.0
designate 0.0 0.0 0.0
pressurize 0.0 0.0 0.0
suman 0.0 0.00510204081632653 0.0
pt 0.0 0.00510204081632653 0.0
teacher 0.0 0.030612244897959183 0.0
school 0.0 0.05102040816326531 0.0
pressure 0.0 0.00510204081632653 0.0
sumi 0.0 0.00510204081632653 0.0
keen 0.0 0.00510204081632653 0.0
register 0.0 0.0 0.0
app 0.0 0.00510204081632653 0.0
female 0.0 0.02040816326530612 0.0
actual 0.0 0.00510204081632653 0.0
male 0.0 0.00510204081632653 0.0
blackmail 0.0 0.00510204081632653 0.0
truth 0.0 0.04081632653061224 0.0
spend 0.0 0.00510204081632653 0.0
frequently 0.0 0.00510204081632653 0.0
revel 0.0 0.0 0.0
sumus 0.0 0.0 0.0
kabir 0.0 0.00510204081632653 0.0
fall 0.0 0.01020408163265306 0.0
arise 0.0 0.0 0.0
kid 0.0 0.00510204081632653 0.0
with 0.0009946949602122016 0.4387755102040816 0.00043644778866453745
ex 0.0 0.00510204081632653 0.0
out 0.0003315649867374005 0.18877551020408162 6.259134953716234e-05
heir 0.0 0.00510204081632653 0.0
star 0.0 0.00510204081632653 0.0
ia 0.0 0.00510204081632653 0.0
design 0.0 0.00510204081632653 0.0
sam 0.0 0.00510204081632653 0.0
where 0.0 0.11224489795918367 0.0
from 0.0 0.3520408163265306 0.0
o 0.0 0.00510204081632653 0.0
I 0.0 0.0 0.0
if 0.0 0.03571428571428571 0.0
nate 0.0 0.00510204081632653 0.0
j 0.0 0.00510204081632653 0.0
tim 0.0 0.00510204081632653 0.0
rob 0.0 0.00510204081632653 0.0
office 0.0 0.01020408163265306 0.0
jack 0.0 0.015306122448979591 0.0
by 0.0 0.33163265306122447 0.0
now 0.0 0.07653061224489796 0.0
at 0.0 0.23469387755102042 0.0
so 0.0 0.030612244897959183 0.0
hard 0.0 0.01020408163265306 0.0
pen 0.0 0.00510204081632653 0.0
en 0.0 0.00510204081632653 0.0
lack 0.0 0.01020408163265306 0.0
alex 0.0 0.01020408163265306 0.0
ruth 0.0 0.00510204081632653 0.0
that 0.0003315649867374005 0.40816326530612246 0.00013533264764791858
or 0.0 0.09183673469387756 0.0
to 0.001326259946949602 0.7806122448979592 0.0010352947545065772
low 0.0 0.00510204081632653 0.0
