but 0.00030048076923076925 0.3112244897959184 9.351697409733124e-05
he 0.002403846153846154 0.34183673469387754 0.0008217229199372057
the 0.0018028846153846155 0.9540816326530612 0.0017200990973312404
become 0.0006009615384615385 0.05612244897959184 3.3727433281004714e-05
know 0.00030048076923076925 0.07142857142857142 2.146291208791209e-05
side 0.0 0.015306122448979591 0.0
reach 0.0 0.025510204081632654 0.0
find 0.0 0.08163265306122448 0.0
hike 0.0 0.01020408163265306 0.0
lead 0.00030048076923076925 0.02040816326530612 6.13226059654631e-06
a 0.0018028846153846155 0.8826530612244898 0.001591321624803768
they 0.0 0.28061224489795916 0.0
light 0.0 0.02040816326530612 0.0
ever 0.00030048076923076925 0.05102040816326531 1.533065149136578e-05
day 0.0 0.09183673469387756 0.0
in 0.00030048076923076925 0.7346938775510204 0.00022076138147566723
man 0.0 0.12755102040816327 0.0
no 0.0 0.07142857142857142 0.0
one 0.00030048076923076925 0.18877551020408162 5.6723410518053374e-05
seem 0.0 0.01020408163265306 0.0
see 0.0 0.04081632653061224 0.0
except 0.0 0.03571428571428571 0.0
mysterious 0.0 0.08673469387755102 0.0
learn 0.0 0.02040816326530612 0.0
turn 0.0 0.025510204081632654 0.0
as 0.0006009615384615385 0.3469387755102041 0.00020849686028257458
era 0.0 0.01020408163265306 0.0
happen 0.0 0.00510204081632653 0.0
camp 0.0 0.02040816326530612 0.0
wwii 0.0 0.015306122448979591 0.0
soviet 0.0 0.030612244897959183 0.0
when 0.0 0.27040816326530615 0.0
later 0.00030048076923076925 0.061224489795918366 1.8396781789638934e-05
die 0.00030048076923076925 0.01020408163265306 3.066130298273155e-06
arrive 0.0 0.02040816326530612 0.0
help 0.00030048076923076925 0.10204081632653061 3.066130298273156e-05
al 0.0 0.00510204081632653 0.0
film 0.0 0.061224489795918366 0.0
inside 0.0 0.02040816326530612 0.0
leave 0.0 0.02040816326530612 0.0
leg 0.0 0.00510204081632653 0.0
group 0.0 0.05102040816326531 0.0
under 0.0 0.0663265306122449 0.0
around 0.0 0.08673469387755102 0.0
son 0.0 0.08163265306122448 0.0
late 0.0 0.02040816326530612 0.0
mountain 0.0 0.01020408163265306 0.0
dig 0.0 0.0 0.0
deep 0.0 0.015306122448979591 0.0
can 0.0 0.08673469387755102 0.0
thou 0.0 0.01020408163265306 0.0
follow 0.0 0.015306122448979591 0.0
come 0.0 0.025510204081632654 0.0
set 0.0 0.05102040816326531 0.0
six 0.0 0.025510204081632654 0.0
never 0.0 0.03571428571428571 0.0
major 0.0 0.04081632653061224 0.0
even 0.00030048076923076925 0.07142857142857142 2.146291208791209e-05
part 0.0 0.04081632653061224 0.0
on 0.0006009615384615385 0.3520408163265306 0.00021156299058084773
death 0.0 0.04591836734693878 0.0
art 0.0 0.00510204081632653 0.0
what 0.0 0.1377551020408163 0.0
hold 0.0 0.01020408163265306 0.0
i 0.0 0.00510204081632653 0.0
freeze 0.0 0.0 0.0
oleg 0.0 0.01020408163265306 0.0
run 0.0 0.015306122448979591 0.0
body 0.0 0.02040816326530612 0.0
experience 0.0 0.02040816326530612 0.0
and 0.0009014423076923077 0.8571428571428571 0.0007726648351648351
be 0.0009014423076923077 0.1377551020408163 0.0001241782770800628
all 0.00030048076923076925 0.17346938775510204 5.2124215070643645e-05
hell 0.0 0.015306122448979591 0.0
student 0.0 0.025510204081632654 0.0
bet 0.0 0.00510204081632653 0.0
ii 0.0 0.015306122448979591 0.0
open 0.0 0.00510204081632653 0.0
de 0.0 0.025510204081632654 0.0
incident 0.0 0.02040816326530612 0.0
will 0.0 0.1989795918367347 0.0
nc 0.0 0.00510204081632653 0.0
rio 0.0 0.025510204081632654 0.0
it 0.0 0.2193877551020408 0.0
well 0.0 0.02040816326530612 0.0
pt 0.0 0.00510204081632653 0.0
app 0.0 0.00510204081632653 0.0
truth 0.0 0.04081632653061224 0.0
with 0.00030048076923076925 0.4387755102040816 0.00013184360282574568
month 0.0 0.01020408163265306 0.0
past 0.0 0.04591836734693878 0.0
trouble 0.0 0.00510204081632653 0.0
ex 0.0 0.00510204081632653 0.0
out 0.0 0.18877551020408162 0.0
cut 0.0 0.01020408163265306 0.0
sixth 0.0 0.01020408163265306 0.0
heir 0.0 0.00510204081632653 0.0
ia 0.0 0.00510204081632653 0.0
we 0.0 0.01020408163265306 0.0
more 0.0 0.08163265306122448 0.0
leaf 0.0 0.0 0.0
deeper 0.0 0.01020408163265306 0.0
from 0.0 0.3520408163265306 0.0
sense 0.0 0.01020408163265306 0.0
o 0.0 0.00510204081632653 0.0
kat 0.0 0.00510204081632653 0.0
I 0.0 0.0 0.0
if 0.0 0.03571428571428571 0.0
real 0.0 0.030612244897959183 0.0
local 0.0 0.025510204081632654 0.0
j 0.0 0.00510204081632653 0.0
really 0.0 0.01020408163265306 0.0
mount 0.0 0.00510204081632653 0.0
strict 0.0 0.00510204081632653 0.0
dea 0.0 0.00510204081632653 0.0
by 0.00030048076923076925 0.33163265306122447 9.964923469387755e-05
now 0.0 0.07653061224489796 0.0
at 0.0 0.23469387755102042 0.0
clear 0.0 0.015306122448979591 0.0
medical 0.0 0.015306122448979591 0.0
so 0.0 0.030612244897959183 0.0
pen 0.0 0.00510204081632653 0.0
en 0.0 0.00510204081632653 0.0
eat 0.0 0.00510204081632653 0.0
spread 0.0 0.01020408163265306 0.0
ruth 0.0 0.00510204081632653 0.0
or 0.0 0.09183673469387756 0.0
pa 0.0 0.00510204081632653 0.0
province 0.0 0.01020408163265306 0.0
to 0.0018028846153846155 0.7806122448979592 0.0014073538069073784
january 0.0 0.00510204081632653 0.0
union 0.0 0.00510204081632653 0.0
icy 0.0 0.00510204081632653 0.0
ural 0.0 0.00510204081632653 0.0
nine 0.0 0.00510204081632653 0.0
ski 0.0 0.00510204081632653 0.0
trek 0.0 0.00510204081632653 0.0
though 0.0 0.00510204081632653 0.0
hiker 0.0 0.0 0.0
destination 0.0 0.00510204081632653 0.0
investigator 0.0 0.0 0.0
puzzle 0.0 0.0 0.0
tent 0.0 0.00510204081632653 0.0
stiff 0.0 0.00510204081632653 0.0
underwear 0.0 0.00510204081632653 0.0
partially 0.0 0.00510204081632653 0.0
mangled 0.0 0.00510204081632653 0.0
whom 0.0 0.02040816326530612 0.0
why 0.0 0.015306122448979591 0.0
kgb 0.0 0.00510204081632653 0.0
inquiry 0.0 0.00510204081632653 0.0
strictly 0.0 0.00510204081632653 0.0
confidential 0.0 0.00510204081632653 0.0
troubled 0.0 0.01020408163265306 0.0
veteran 0.0 0.00510204081632653 0.0
katya 0.0 0.01020408163265306 0.0
examiner 0.0 0.00510204081632653 0.0
reason 0.0 0.00510204081632653 0.0
nation 0.0 0.01020408163265306 0.0
low 0.0 0.00510204081632653 0.0
invest 0.0 0.00510204081632653 0.0
kg 0.0 0.00510204081632653 0.0
sk 0.0 0.00510204081632653 0.0
how 0.00030048076923076925 0.09183673469387756 2.7595172684458403e-05
who 0.00030048076923076925 0.39285714285714285 0.00011804601648351648
