live 0.0002581311306143521 0.05612244897959184 1.4486951207948333e-05
life 0.0005162622612287042 0.20408163265306123 0.00010535964514871515
but 0.0 0.3112244897959184 0.0
brother 0.0 0.04081632653061224 0.0
he 0.0012906556530717604 0.34183673469387754 0.0004411935140602446
the 0.003097573567372225 0.9540816326530612 0.0029553380464214596
go 0.0 0.09183673469387756 0.0
become 0.0 0.05612244897959184 0.0
gang 0.0 0.02040816326530612 0.0
ask 0.0 0.00510204081632653 0.0
a 0.0010325245224574084 0.8826530612244898 0.0009113609305363861
in 0.0010325245224574084 0.7346938775510204 0.0007585894450707491
no 0.0 0.07142857142857142 0.0
one 0.0005162622612287042 0.18877551020408162 9.745767176256151e-05
petersburg 0.0 0.02040816326530612 0.0
as 0.0002581311306143521 0.3469387755102041 8.955569837640787e-05
people 0.0002581311306143521 0.11734693877551021 3.0290897980255607e-05
criminal 0.0 0.025510204081632654 0.0
max 0.0 0.00510204081632653 0.0
al 0.0 0.00510204081632653 0.0
kill 0.0 0.030612244897959183 0.0
new 0.0 0.1377551020408163 0.0
she 0.0 0.19387755102040816 0.0
make 0.0 0.061224489795918366 0.0
arm 0.0 0.00510204081632653 0.0
under 0.0 0.0663265306122449 0.0
realize 0.0 0.01020408163265306 0.0
world 0.0007743933918430562 0.19387755102040816 0.00015013749433691906
understand 0.0 0.015306122448979591 0.0
soon 0.0 0.04081632653061224 0.0
come 0.0002581311306143521 0.025510204081632654 6.584977821794697e-06
on 0.0005162622612287042 0.3520408163265306 0.00018174538788153362
pete 0.0 0.01020408163265306 0.0
gangster 0.0 0.02040816326530612 0.0
peter 0.0 0.02040816326530612 0.0
meet 0.0002581311306143521 0.030612244897959183 7.901973386153636e-06
art 0.0 0.00510204081632653 0.0
old 0.0 0.05612244897959184 0.0
army 0.0 0.025510204081632654 0.0
i 0.0 0.00510204081632653 0.0
danila 0.0 0.015306122448979591 0.0
start 0.0 0.01020408163265306 0.0
big 0.0 0.02040816326530612 0.0
newly 0.0 0.00510204081632653 0.0
discharge 0.0 0.0 0.0
older 0.0 0.00510204081632653 0.0
killer 0.0 0.01020408163265306 0.0
situate 0.0 0.0 0.0
someone 0.0 0.01020408163265306 0.0
there 0.0 0.08163265306122448 0.0
include 0.0 0.00510204081632653 0.0
girl 0.0 0.08673469387755102 0.0
fan 0.0 0.00510204081632653 0.0
rock 0.0 0.01020408163265306 0.0
band 0.0 0.02040816326530612 0.0
nautilus 0.0 0.00510204081632653 0.0
pompillius 0.0 0.00510204081632653 0.0
easier 0.0 0.00510204081632653 0.0
living 0.0 0.05612244897959184 0.0
wrong 0.0 0.015306122448979591 0.0
way 0.0 0.03571428571428571 0.0
volovik 0.0 0.00510204081632653 0.0
dimaa 0.0 0.00510204081632653 0.0
for 0.0005162622612287042 0.3877551020408163 0.00020018332578255877
and 0.0015487867836861124 0.8571428571428571 0.0013275315288738107
be 0.0007743933918430562 0.1377551020408163 0.00010667664071307406
charge 0.0 0.01020408163265306 0.0
de 0.0 0.025510204081632654 0.0
here 0.0 0.01020408163265306 0.0
will 0.0002581311306143521 0.1989795918367347 5.136282700999864e-05
nc 0.0 0.00510204081632653 0.0
it 0.0002581311306143521 0.2193877551020408 5.663080926743439e-05
stan 0.0 0.00510204081632653 0.0
star 0.0 0.00510204081632653 0.0
we 0.0 0.01020408163265306 0.0
where 0.0 0.11224489795918367 0.0
from 0.0 0.3520408163265306 0.0
o 0.0 0.00510204081632653 0.0
I 0.0 0.0 0.0
if 0.0 0.03571428571428571 0.0
charged 0.0 0.01020408163265306 0.0
real 0.0002581311306143521 0.030612244897959183 7.901973386153636e-06
stand 0.0 0.02040816326530612 0.0
roth 0.0 0.00510204081632653 0.0
now 0.0 0.07653061224489796 0.0
at 0.0 0.23469387755102042 0.0
so 0.0 0.030612244897959183 0.0
or 0.0 0.09183673469387756 0.0
to 0.0007743933918430562 0.7806122448979592 0.000604500964040753
sk 0.0 0.00510204081632653 0.0
killing 0.0 0.025510204081632654 0.0
