he 0.0006105006105006105 0.34183673469387754 0.00020869153522214747
get 0.0 0.0663265306122449 0.0
red 0.0 0.01020408163265306 0.0
the 0.0021367521367521365 0.9540816326530612 0.002038635967207396
go 0.0 0.09183673469387756 0.0
eye 0.0 0.02040816326530612 0.0
close 0.0 0.00510204081632653 0.0
side 0.0 0.015306122448979591 0.0
decide 0.0 0.03571428571428571 0.0
much 0.0 0.03571428571428571 0.0
take 0.0 0.09183673469387756 0.0
sin 0.0 0.01020408163265306 0.0
a 0.0009157509157509158 0.8826530612244898 0.0008082903491066757
human 0.0 0.05612244897959184 0.0
they 0.0006105006105006105 0.28061224489795916 0.00017131394682415088
force 0.0 0.025510204081632654 0.0
end 0.0 0.04591836734693878 0.0
ever 0.0 0.05102040816326531 0.0
in 0.00030525030525030525 0.7346938775510204 0.00022426553038797938
try 0.0 0.01020408163265306 0.0
man 0.0 0.12755102040816327 0.0
no 0.0 0.07142857142857142 0.0
as 0.00030525030525030525 0.3469387755102041 0.00010590316712765692
era 0.0 0.01020408163265306 0.0
desire 0.0 0.02040816326530612 0.0
al 0.0 0.00510204081632653 0.0
dr 0.0 0.00510204081632653 0.0
she 0.0 0.19387755102040816 0.0
tell 0.0 0.015306122448979591 0.0
need 0.0 0.01020408163265306 0.0
stage 0.0 0.025510204081632654 0.0
under 0.0 0.0663265306122449 0.0
every 0.0 0.03571428571428571 0.0
late 0.0 0.02040816326530612 0.0
secret 0.0 0.061224489795918366 0.0
lose 0.00030525030525030525 0.00510204081632653 1.5573995165831899e-06
soul 0.0 0.01020408163265306 0.0
family 0.00030525030525030525 0.22448979591836735 6.852557872966036e-05
while 0.0 0.12244897959183673 0.0
put 0.0 0.03571428571428571 0.0
even 0.00030525030525030525 0.07142857142857142 2.180359323216466e-05
closer 0.0 0.025510204081632654 0.0
on 0.0 0.3520408163265306 0.0
art 0.0 0.00510204081632653 0.0
master 0.0 0.00510204081632653 0.0
rus 0.0 0.00510204081632653 0.0
i 0.0 0.00510204081632653 0.0
home 0.0 0.07653061224489796 0.0
robot 0.0 0.0 0.0
for 0.00030525030525030525 0.3877551020408163 0.00011836236326032245
bot 0.0 0.0 0.0
latest 0.0 0.02040816326530612 0.0
and 0.0015262515262515263 0.8571428571428571 0.0013082155939298796
sex 0.0 0.03571428571428571 0.0
be 0.00030525030525030525 0.1377551020408163 4.204978694774613e-05
look 0.0 0.025510204081632654 0.0
suddenly 0.0 0.030612244897959183 0.0
age 0.0 0.025510204081632654 0.0
lie 0.0 0.00510204081632653 0.0
de 0.0 0.025510204081632654 0.0
increasingly 0.0 0.01020408163265306 0.0
here 0.0 0.01020408163265306 0.0
nc 0.0 0.00510204081632653 0.0
intelligence 0.0 0.01020408163265306 0.0
it 0.0 0.2193877551020408 0.0
together 0.00030525030525030525 0.05612244897959184 1.713139468241509e-05
with 0.0 0.4387755102040816 0.0
not 0.0 0.14795918367346939 0.0
ex 0.0 0.00510204081632653 0.0
satisfy 0.0 0.01020408163265306 0.0
out 0.0 0.18877551020408162 0.0
heir 0.00030525030525030525 0.00510204081632653 1.5573995165831899e-06
ia 0.0 0.00510204081632653 0.0
we 0.0 0.01020408163265306 0.0
area 0.0 0.025510204081632654 0.0
enter 0.0 0.02040816326530612 0.0
four 0.0 0.02040816326530612 0.0
test 0.0 0.00510204081632653 0.0
raw 0.0 0.01020408163265306 0.0
where 0.0 0.11224489795918367 0.0
threat 0.0 0.015306122448979591 0.0
o 0.0 0.00510204081632653 0.0
I 0.0 0.0 0.0
lou 0.0 0.00510204081632653 0.0
lock 0.0 0.0 0.0
if 0.0006105006105006105 0.03571428571428571 2.180359323216466e-05
atmosphere 0.0 0.015306122448979591 0.0
increase 0.0 0.0 0.0
humanity 0.0 0.015306122448979591 0.0
draw 0.0 0.0 0.0
android 0.0 0.00510204081632653 0.0
j 0.0 0.00510204081632653 0.0
rob 0.0 0.00510204081632653 0.0
rip 0.0 0.01020408163265306 0.0
else 0.0 0.00510204081632653 0.0
most 0.0 0.07653061224489796 0.0
now 0.0 0.07653061224489796 0.0
at 0.0 0.23469387755102042 0.0
generation 0.0 0.00510204081632653 0.0
may 0.0 0.015306122448979591 0.0
artificial 0.0 0.00510204081632653 0.0
everywhere 0.0 0.01020408163265306 0.0
so 0.0 0.030612244897959183 0.0
rely 0.0 0.0 0.0
wicked 0.0 0.00510204081632653 0.0
quiet 0.0 0.00510204081632653 0.0
residential 0.0 0.00510204081632653 0.0
domestic 0.0 0.00510204081632653 0.0
hostage 0.0 0.00510204081632653 0.0
intrusive 0.0 0.00510204081632653 0.0
neighbour 0.0 0.00510204081632653 0.0
enterprising 0.0 0.00510204081632653 0.0
hysterical 0.0 0.00510204081632653 0.0
outside 0.0 0.02040816326530612 0.0
yonyx 0.0 0.00510204081632653 0.0
elsewhere 0.0 0.00510204081632653 0.0
jealous 0.0 0.00510204081632653 0.0
bewilder 0.0 0.0 0.0
indoor 0.0 0.00510204081632653 0.0
maybe 0.0 0.01020408163265306 0.0
los 0.0 0.00510204081632653 0.0
en 0.0 0.00510204081632653 0.0
eat 0.0 0.00510204081632653 0.0
that 0.0 0.40816326530612246 0.0
or 0.0 0.09183673469387756 0.0
quite 0.0 0.01020408163265306 0.0
to 0.001221001221001221 0.7806122448979592 0.0009531285041489123
who 0.00030525030525030525 0.39285714285714285 0.00011991976277690563
