father 0.0 0.11734693877551021 0.0
he 0.0 0.34183673469387754 0.0
red 0.0 0.01020408163265306 0.0
the 0.003139717425431711 0.9540816326530612 0.0029955467273251528
a 0.0007849293563579277 0.8826530612244898 0.0006928202992342934
in 0.0007849293563579277 0.7346938775510204 0.0005766827924262326
man 0.0 0.12755102040816327 0.0
as 0.0 0.3469387755102041 0.0
al 0.0 0.00510204081632653 0.0
she 0.0 0.19387755102040816 0.0
family 0.0 0.22448979591836735 0.0
set 0.0 0.05102040816326531 0.0
adventure 0.0 0.0 0.0
i 0.0 0.00510204081632653 0.0
for 0.0007849293563579277 0.3877551020408163 0.0003043603626694005
be 0.0 0.1377551020408163 0.0
ss 0.0 0.00510204081632653 0.0
justice 0.0 0.01020408163265306 0.0
wealthy 0.0 0.025510204081632654 0.0
out 0.0007849293563579277 0.18877551020408162 0.0001481754397206292
we 0.0 0.01020408163265306 0.0
avenge 0.0 0.00510204081632653 0.0
o 0.0 0.00510204081632653 0.0
inspire 0.0 0.0 0.0
arsène 0.0 0.00510204081632653 0.0
lupin 0.0 0.00510204081632653 0.0
gentleman 0.0 0.00510204081632653 0.0
thief 0.0 0.00510204081632653 0.0
assane 0.0 0.00510204081632653 0.0
diop 0.0 0.00510204081632653 0.0
injustice 0.0 0.00510204081632653 0.0
inflict 0.0 0.0 0.0
j 0.0 0.00510204081632653 0.0
by 0.0 0.33163265306122447 0.0
at 0.0 0.23469387755102042 0.0
en 0.0 0.00510204081632653 0.0
or 0.0 0.09183673469387756 0.0
to 0.0007849293563579277 0.7806122448979592 0.0006127254669528721
