he 0.0 0.34183673469387754 0.0
the 0.004048582995951417 0.9540816326530612 0.00386267867470875
manage 0.0 0.0 0.0
sin 0.0 0.01020408163265306 0.0
lead 0.0 0.02040816326530612 0.0
a 0.0020242914979757085 0.8826530612244898 0.0017867470874989673
story 0.0 0.12755102040816327 0.0
in 0.0010121457489878543 0.7346938775510204 0.0007436172849706685
man 0.0 0.12755102040816327 0.0
one 0.0 0.18877551020408162 0.0
history 0.0 0.03571428571428571 0.0
as 0.0 0.3469387755102041 0.0
sobibor 0.0 0.00510204081632653 0.0
base 0.0 0.0 0.0
sobibór 0.0 0.00510204081632653 0.0
extermination 0.0 0.00510204081632653 0.0
camp 0.0 0.02040816326530612 0.0
uprising 0.0 0.00510204081632653 0.0
wwii 0.0 0.015306122448979591 0.0
soviet 0.0 0.030612244897959183 0.0
officer 0.0 0.04591836734693878 0.0
alexander 0.0 0.00510204081632653 0.0
pechersky 0.0 0.00510204081632653 0.0
when 0.0 0.27040816326530615 0.0
pow 0.0 0.00510204081632653 0.0
impossible 0.0 0.01020408163265306 0.0
organize 0.0 0.00510204081632653 0.0
revolt 0.0 0.00510204081632653 0.0
mass 0.0 0.01020408163265306 0.0
escape 0.0 0.04591836734693878 0.0
prisoner 0.0 0.00510204081632653 0.0
many 0.0 0.02040816326530612 0.0
escapee 0.0 0.0 0.0
later 0.0 0.061224489795918366 0.0
catch 0.0 0.0 0.0
die 0.0 0.01020408163265306 0.0
rest 0.0 0.025510204081632654 0.0
join 0.0 0.02040816326530612 0.0
partisan 0.0 0.0 0.0
script 0.0 0.00510204081632653 0.0
book 0.0 0.02040816326530612 0.0
ilya 0.0 0.00510204081632653 0.0
vasiliev 0.0 0.00510204081632653 0.0
breakthrough 0.0 0.00510204081632653 0.0
immortality 0.0 0.00510204081632653 0.0
al 0.0 0.00510204081632653 0.0
break 0.0 0.01020408163265306 0.0
she 0.0 0.19387755102040816 0.0
son 0.0 0.08163265306122448 0.0
late 0.0 0.02040816326530612 0.0
prison 0.0 0.015306122448979591 0.0
part 0.0 0.04081632653061224 0.0
on 0.0 0.3520408163265306 0.0
art 0.0 0.00510204081632653 0.0
i 0.0 0.00510204081632653 0.0
and 0.0005060728744939271 0.8571428571428571 0.00043377674956622325
be 0.0005060728744939271 0.1377551020408163 6.971412046600016e-05
during 0.0 0.04591836734693878 0.0
ii 0.0 0.015306122448979591 0.0
age 0.0 0.025510204081632654 0.0
ss 0.0 0.00510204081632653 0.0
lie 0.0 0.00510204081632653 0.0
de 0.0 0.025510204081632654 0.0
ale 0.0 0.00510204081632653 0.0
it 0.0 0.2193877551020408 0.0
pt 0.0 0.00510204081632653 0.0
rough 0.0 0.00510204081632653 0.0
ex 0.0 0.00510204081632653 0.0
we 0.0 0.01020408163265306 0.0
o 0.0 0.00510204081632653 0.0
j 0.0 0.00510204081632653 0.0
alexa 0.0 0.00510204081632653 0.0
office 0.0 0.01020408163265306 0.0
rip 0.0 0.01020408163265306 0.0
by 0.0 0.33163265306122447 0.0
at 0.0005060728744939271 0.23469387755102042 0.00011877220523837066
so 0.0 0.030612244897959183 0.0
through 0.0 0.08163265306122448 0.0
ring 0.0 0.00510204081632653 0.0
en 0.0 0.00510204081632653 0.0
alex 0.0 0.01020408163265306 0.0
or 0.0 0.09183673469387756 0.0
pa 0.0 0.00510204081632653 0.0
to 0.0020242914979757085 0.7806122448979592 0.0015801867305626706
nation 0.0 0.01020408163265306 0.0
sk 0.0 0.00510204081632653 0.0
