but 0.0001840264998159735 0.3112244897959184 5.727355351415502e-05
he 0.0009201324990798675 0.34183673469387754 0.0003145350889711792
the 0.0023923444976076554 0.9540816326530612 0.0022824919441460792
go 0.0 0.09183673469387756 0.0
know 0.0001840264998159735 0.07142857142857142 1.314474998685525e-05
thing 0.0 0.00510204081632653 0.0
a 0.001104158998895841 0.8826530612244898 0.0009745893204539822
love 0.0 0.09183673469387756 0.0
ago 0.0 0.025510204081632654 0.0
end 0.0 0.04591836734693878 0.0
ever 0.0001840264998159735 0.05102040816326531 9.389107133468036e-06
in 0.0005520794994479205 0.7346938775510204 0.0004056094281658192
man 0.0 0.12755102040816327 0.0
no 0.000368052999631947 0.07142857142857142 2.62894999737105e-05
one 0.000368052999631947 0.18877551020408162 6.947939278766345e-05
mysterious 0.0001840264998159735 0.08673469387755102 1.596148212689566e-05
as 0.0005520794994479205 0.3469387755102041 0.00019153778552274796
al 0.0 0.00510204081632653 0.0
dr 0.0 0.00510204081632653 0.0
she 0.0 0.19387755102040816 0.0
name 0.0 0.025510204081632654 0.0
leave 0.0001840264998159735 0.02040816326530612 3.755642853387214e-06
arm 0.0 0.00510204081632653 0.0
carry 0.0 0.01020408163265306 0.0
bitter 0.0 0.01020408163265306 0.0
every 0.0 0.03571428571428571 0.0
late 0.0 0.02040816326530612 0.0
family 0.0 0.22448979591836735 0.0
friend 0.0 0.0663265306122449 0.0
cast 0.0 0.01020408163265306 0.0
young 0.0 0.15816326530612246 0.0
island 0.0 0.02040816326530612 0.0
on 0.000368052999631947 0.3520408163265306 0.0001295696784418589
princess 0.0 0.015306122448979591 0.0
dragon 0.0 0.01020408163265306 0.0
what 0.000368052999631947 0.1377551020408163 5.070117852072739e-05
land 0.0 0.030612244897959183 0.0
i 0.0 0.00510204081632653 0.0
prince 0.0 0.015306122448979591 0.0
way 0.0 0.03571428571428571 0.0
and 0.000368052999631947 0.8571428571428571 0.000315473999684526
be 0.000368052999631947 0.1377551020408163 5.070117852072739e-05
kidnap 0.0 0.00510204081632653 0.0
room 0.0 0.00510204081632653 0.0
remote 0.0 0.015306122448979591 0.0
age 0.0 0.025510204081632654 0.0
ss 0.0 0.00510204081632653 0.0
will 0.0001840264998159735 0.1989795918367347 3.6617517820525335e-05
nc 0.0 0.00510204081632653 0.0
behind 0.0 0.05612244897959184 0.0
rio 0.0 0.025510204081632654 0.0
it 0.000368052999631947 0.2193877551020408 8.07463213478251e-05
app 0.0 0.00510204081632653 0.0
truth 0.0001840264998159735 0.04081632653061224 7.511285706774428e-06
kid 0.0 0.00510204081632653 0.0
past 0.0001840264998159735 0.04591836734693878 8.450196420121232e-06
reveal 0.0 0.00510204081632653 0.0
away 0.0 0.04081632653061224 0.0
everything 0.0 0.025510204081632654 0.0
wedding 0.0 0.02040816326530612 0.0
we 0.0 0.01020408163265306 0.0
stone 0.0 0.01020408163265306 0.0
dna 0.0 0.00510204081632653 0.0
mad 0.0 0.00510204081632653 0.0
o 0.0 0.00510204081632653 0.0
I 0.0 0.0 0.0
wed 0.0 0.00510204081632653 0.0
left 0.0 0.04081632653061224 0.0
mid 0.0 0.00510204081632653 0.0
by 0.0001840264998159735 0.33163265306122447 6.102919636754223e-05
now 0.0 0.07653061224489796 0.0
at 0.0 0.23469387755102042 0.0
car 0.0 0.00510204081632653 0.0
en 0.0 0.00510204081632653 0.0
ruth 0.0 0.00510204081632653 0.0
that 0.0 0.40816326530612246 0.0
pa 0.0 0.00510204081632653 0.0
sl 0.0 0.00510204081632653 0.0
to 0.000368052999631947 0.7806122448979592 0.0002873066782841219
midst 0.0 0.01020408163265306 0.0
miroslava 0.0 0.00510204081632653 0.0
castle 0.0 0.00510204081632653 0.0
mira 0.0 0.00510204081632653 0.0
groom 0.0 0.00510204081632653 0.0
cage 0.0 0.00510204081632653 0.0
arman 0.0 0.00510204081632653 0.0
loving 0.0 0.00510204081632653 0.0
scary 0.0 0.00510204081632653 0.0
akhmadulla 0.0 0.00510204081632653 0.0
who 0.0 0.39285714285714285 0.0
