small 0.0 0.07653061224489796 0.0
live 0.0 0.05612244897959184 0.0
life 0.0008741258741258741 0.20408163265306123 0.0001783930355358927
father 0.0 0.11734693877551021 0.0
he 0.0017482517482517483 0.34183673469387754 0.0005976166690452405
forest 0.0 0.04081632653061224 0.0
the 0.0017482517482517483 0.9540816326530612 0.0016679748822605966
know 0.0 0.07142857142857142 0.0
mother 0.0 0.05612244897959184 0.0
give 0.0 0.015306122448979591 0.0
share 0.0 0.030612244897959183 0.0
sin 0.0 0.01020408163265306 0.0
a 0.002622377622377622 0.8826530612244898 0.0023146496360782073
husband 0.0 0.03571428571428571 0.0
in 0.002622377622377622 0.7346938775510204 0.0019266447837876408
man 0.0 0.12755102040816327 0.0
no 0.0 0.07142857142857142 0.0
as 0.0 0.3469387755102041 0.0
rest 0.0 0.025510204081632654 0.0
al 0.0 0.00510204081632653 0.0
she 0.0 0.19387755102040816 0.0
year 0.0 0.01020408163265306 0.0
bully 0.0 0.0 0.0
leave 0.0 0.02040816326530612 0.0
after 0.0 0.1989795918367347 0.0
problem 0.0 0.02040816326530612 0.0
village 0.0 0.025510204081632654 0.0
lose 0.0 0.00510204081632653 0.0
family 0.0008741258741258741 0.22448979591836735 0.00019623233908948196
while 0.0008741258741258741 0.12244897959183673 0.00010703582132153561
six 0.0 0.025510204081632654 0.0
middle 0.0 0.025510204081632654 0.0
even 0.0 0.07142857142857142 0.0
on 0.0008741258741258741 0.3520408163265306 0.00030772798629941485
old 0.0 0.05612244897959184 0.0
i 0.0 0.00510204081632653 0.0
danila 0.0 0.015306122448979591 0.0
girl 0.0 0.08673469387755102 0.0
band 0.0 0.02040816326530612 0.0
for 0.0 0.3877551020408163 0.0
anne 0.0 0.00510204081632653 0.0
woman 0.0 0.07142857142857142 0.0
society 0.0 0.03571428571428571 0.0
and 0.002622377622377622 0.8571428571428571 0.0022477522477522475
little 0.0 0.04591836734693878 0.0
be 0.0008741258741258741 0.1377551020408163 0.00012041529898672755
all 0.0 0.17346938775510204 0.0
promise 0.0 0.0 0.0
air 0.0 0.01020408163265306 0.0
less 0.0 0.00510204081632653 0.0
physical 0.0 0.015306122448979591 0.0
age 0.0 0.025510204081632654 0.0
ss 0.0 0.00510204081632653 0.0
lie 0.0 0.00510204081632653 0.0
emotional 0.0 0.03571428571428571 0.0
will 0.0 0.1989795918367347 0.0
it 0.0 0.2193877551020408 0.0
school 0.0 0.05102040816326531 0.0
with 0.0 0.4387755102040816 0.0
omi 0.0 0.00510204081632653 0.0
alcoholic 0.0 0.01020408163265306 0.0
alcohol 0.0 0.00510204081632653 0.0
meanwhile 0.0 0.030612244897959183 0.0
cut 0.0 0.01020408163265306 0.0
we 0.0 0.01020408163265306 0.0
from 0.0008741258741258741 0.3520408163265306 0.00030772798629941485
o 0.0 0.00510204081632653 0.0
kat 0.0 0.00510204081632653 0.0
I 0.0 0.0 0.0
if 0.0 0.03571428571428571 0.0
mid 0.0 0.00510204081632653 0.0
j 0.0 0.00510204081632653 0.0
fore 0.0 0.00510204081632653 0.0
rob 0.0 0.00510204081632653 0.0
pair 0.0 0.00510204081632653 0.0
moth 0.0 0.00510204081632653 0.0
interest 0.0 0.01020408163265306 0.0
now 0.0 0.07653061224489796 0.0
at 0.0 0.23469387755102042 0.0
so 0.0 0.030612244897959183 0.0
los 0.0 0.00510204081632653 0.0
ann 0.0 0.00510204081632653 0.0
en 0.0 0.00510204081632653 0.0
lack 0.0 0.01020408163265306 0.0
that 0.0 0.40816326530612246 0.0
or 0.0 0.09183673469387756 0.0
pa 0.0 0.00510204081632653 0.0
to 0.0 0.7806122448979592 0.0
katya 0.0 0.01020408163265306 0.0
bull 0.0 0.00510204081632653 0.0
oppressive 0.0 0.00510204081632653 0.0
galina 0.0 0.00510204081632653 0.0
brutal 0.0 0.00510204081632653 0.0
pasha 0.0 0.00510204081632653 0.0
boundless 0.0 0.00510204081632653 0.0
adjust 0.0 0.0 0.0
sullen 0.0 0.00510204081632653 0.0
manners 0.0 0.00510204081632653 0.0
total 0.0 0.00510204081632653 0.0
lust 0.0 0.0 0.0
kolka 0.0 0.00510204081632653 0.0
impairment 0.0 0.0 0.0
taste 0.0 0.00510204081632653 0.0
