child 0.0 0.04081632653061224 0.0
he 0.0 0.34183673469387754 0.0
the 0.0019094380796508457 0.9540816326530612 0.0018217598004832047
mother 0.0 0.05612244897959184 0.0
a 0.0013638843426077467 0.8826530612244898 0.0012038366901588786
day 0.0 0.09183673469387756 0.0
in 0.0010911074740861974 0.7346938775510204 0.0008016299809612879
one 0.0 0.18877551020408162 0.0
as 0.00027277686852154935 0.3469387755102041 9.463687275237427e-05
house 0.0 0.061224489795918366 0.0
help 0.0 0.10204081632653061 0.0
she 0.00027277686852154935 0.19387755102040816 5.288531124397385e-05
childhood 0.0 0.030612244897959183 0.0
parent 0.0 0.0 0.0
lose 0.0 0.00510204081632653 0.0
wood 0.0 0.0 0.0
clean 0.0 0.01020408163265306 0.0
building 0.0 0.015306122448979591 0.0
on 0.00027277686852154935 0.3520408163265306 9.602859146932095e-05
meet 0.0 0.030612244897959183 0.0
i 0.0 0.00510204081632653 0.0
home 0.00027277686852154935 0.07653061224489796 2.0875780754200206e-05
girl 0.0 0.08673469387755102 0.0
and 0.0010911074740861974 0.8571428571428571 0.0009352349777881692
be 0.00027277686852154935 0.1377551020408163 3.7576405357560365e-05
grandmother 0.0 0.01020408163265306 0.0
use 0.0 0.02040816326530612 0.0
age 0.0 0.025510204081632654 0.0
surround 0.0 0.00510204081632653 0.0
will 0.0 0.1989795918367347 0.0
nelly 0.0 0.00510204081632653 0.0
explore 0.0 0.015306122448979591 0.0
treehouse 0.0 0.00510204081632653 0.0
ex 0.0 0.00510204081632653 0.0
out 0.0 0.18877551020408162 0.0
we 0.0 0.01020408163265306 0.0
sam 0.0 0.00510204081632653 0.0
o 0.0 0.00510204081632653 0.0
I 0.0 0.0 0.0
build 0.0 0.01020408163265306 0.0
j 0.0 0.00510204081632653 0.0
moth 0.0 0.00510204081632653 0.0
los 0.0 0.00510204081632653 0.0
en 0.0 0.00510204081632653 0.0
or 0.00027277686852154935 0.09183673469387756 2.5050936905040246e-05
pa 0.0 0.00510204081632653 0.0
