but 0.0 0.3112244897959184 0.0
step 0.0 0.00510204081632653 0.0
he 0.0 0.34183673469387754 0.0
the 0.004807692307692308 0.9540816326530612 0.004586930926216641
sin 0.0 0.01020408163265306 0.0
a 0.002403846153846154 0.8826530612244898 0.0021217621664050236
end 0.0 0.04591836734693878 0.0
ever 0.0 0.05102040816326531 0.0
in 0.0 0.7346938775510204 0.0
one 0.0 0.18877551020408162 0.0
able 0.0 0.030612244897959183 0.0
see 0.0 0.04081632653061224 0.0
turn 0.0 0.025510204081632654 0.0
event 0.0 0.0 0.0
time 0.0 0.14795918367346939 0.0
as 0.0 0.3469387755102041 0.0
dr 0.0 0.00510204081632653 0.0
after 0.0 0.1989795918367347 0.0
research 0.0 0.015306122448979591 0.0
every 0.0 0.03571428571428571 0.0
evil 0.0 0.03571428571428571 0.0
friend 0.0 0.0663265306122449 0.0
plan 0.0 0.02040816326530612 0.0
strange 0.0 0.03571428571428571 0.0
even 0.0 0.07142857142857142 0.0
on 0.0 0.3520408163265306 0.0
art 0.0 0.00510204081632653 0.0
old 0.0 0.05612244897959184 0.0
i 0.0 0.00510204081632653 0.0
sea 0.0 0.015306122448979591 0.0
enemy 0.0 0.025510204081632654 0.0
be 0.0 0.1377551020408163 0.0
use 0.0 0.02040816326530612 0.0
cause 0.0 0.0 0.0
ss 0.0 0.00510204081632653 0.0
de 0.0 0.025510204081632654 0.0
continue 0.0 0.00510204081632653 0.0
search 0.0 0.030612244897959183 0.0
speak 0.0 0.00510204081632653 0.0
it 0.0 0.2193877551020408 0.0
with 0.0 0.4387755102040816 0.0
destroy 0.0 0.01020408163265306 0.0
seek 0.0 0.0 0.0
we 0.0 0.01020408163265306 0.0
aka 0.0 0.00510204081632653 0.0
earth 0.0 0.05102040816326531 0.0
stone 0.0 0.01020408163265306 0.0
unleash 0.0 0.00510204081632653 0.0
avenge 0.0 0.00510204081632653 0.0
o 0.0 0.00510204081632653 0.0
avenger 0.0 0.0 0.0
endgame 0.0 0.01020408163265306 0.0
stephen 0.0 0.00510204081632653 0.0
sorcerer 0.0 0.00510204081632653 0.0
mess 0.0 0.0 0.0
unspeakable 0.0 0.00510204081632653 0.0
I 0.0 0.0 0.0
tim 0.0 0.00510204081632653 0.0
game 0.0 0.02040816326530612 0.0
roy 0.0 0.00510204081632653 0.0
so 0.0 0.030612244897959183 0.0
en 0.0 0.00510204081632653 0.0
or 0.0 0.09183673469387756 0.0
to 0.0 0.7806122448979592 0.0
