but 0.00023452157598499062 0.3112244897959184 7.298885783206341e-05
he 0.001876172607879925 0.34183673469387754 0.0006413447179997703
red 0.0 0.01020408163265306 0.0
the 0.0009380863039399625 0.9540816326530612 0.0008950109124325152
go 0.0 0.09183673469387756 0.0
manage 0.0 0.0 0.0
thing 0.0 0.00510204081632653 0.0
sin 0.0 0.01020408163265306 0.0
a 0.001876172607879925 0.8826530612244898 0.0016560094957307502
yet 0.0 0.025510204081632654 0.0
in 0.0009380863039399625 0.7346938775510204 0.0006892062641191562
moscow 0.0 0.05102040816326531 0.0
man 0.0 0.12755102040816327 0.0
no 0.0 0.07142857142857142 0.0
one 0.0 0.18877551020408162 0.0
able 0.0 0.030612244897959183 0.0
this 0.0 0.17346938775510204 0.0
time 0.00023452157598499062 0.14795918367346939 3.469962093655473e-05
as 0.00023452157598499062 0.3469387755102041 8.136462840295593e-05
al 0.0 0.00510204081632653 0.0
hiding 0.0 0.025510204081632654 0.0
new 0.0 0.1377551020408163 0.0
she 0.002345215759849906 0.19387755102040816 0.00045468468813416544
make 0.00023452157598499062 0.061224489795918366 1.4358463835815751e-05
tell 0.0 0.015306122448979591 0.0
after 0.0 0.1989795918367347 0.0
under 0.0 0.0663265306122449 0.0
son 0.00023452157598499062 0.08163265306122448 1.9144618447754334e-05
simple 0.0 0.025510204081632654 0.0
mountain 0.0 0.01020408163265306 0.0
nothing 0.0 0.030612244897959183 0.0
world 0.0 0.19387755102040816 0.0
young 0.0 0.15816326530612246 0.0
discover 0.0 0.025510204081632654 0.0
corpse 0.0 0.0 0.0
on 0.0 0.3520408163265306 0.0
pete 0.0 0.01020408163265306 0.0
begin 0.0 0.025510204081632654 0.0
peter 0.0 0.02040816326530612 0.0
once 0.0 0.061224489795918366 0.0
dangerous 0.0 0.04591836734693878 0.0
i 0.0 0.00510204081632653 0.0
whole 0.0 0.03571428571428571 0.0
there 0.0 0.08163265306122448 0.0
girl 0.0 0.08673469387755102 0.0
for 0.00023452157598499062 0.3877551020408163 9.09369376268331e-05
and 0.0007035647279549719 0.8571428571428571 0.0006030554811042616
be 0.001172607879924953 0.1377551020408163 0.0001615327181529272
special 0.0 0.025510204081632654 0.0
act 0.0 0.00510204081632653 0.0
elite 0.0 0.01020408163265306 0.0
look 0.0 0.025510204081632654 0.0
hotel 0.0 0.01020408163265306 0.0
beautiful 0.0 0.015306122448979591 0.0
person 0.0 0.030612244897959183 0.0
age 0.0 0.025510204081632654 0.0
ss 0.0 0.00510204081632653 0.0
de 0.0 0.025510204081632654 0.0
here 0.0 0.01020408163265306 0.0
will 0.00023452157598499062 0.1989795918367347 4.6665007466401197e-05
free 0.0 0.025510204081632654 0.0
nc 0.0 0.00510204081632653 0.0
hide 0.0 0.00510204081632653 0.0
danger 0.0 0.01020408163265306 0.0
it 0.00023452157598499062 0.2193877551020408 5.1451162078339776e-05
del 0.0 0.00510204081632653 0.0
anna 0.0 0.015306122448979591 0.0
career 0.0 0.02040816326530612 0.0
rick 0.0 0.00510204081632653 0.0
not 0.00046904315196998124 0.14795918367346939 6.939924187310946e-05
beauty 0.0 0.01020408163265306 0.0
recently 0.0 0.025510204081632654 0.0
fact 0.0 0.02040816326530612 0.0
model 0.0 0.01020408163265306 0.0
service 0.0 0.0 0.0
ia 0.0 0.00510204081632653 0.0
we 0.0 0.01020408163265306 0.0
sasha 0.0 0.00510204081632653 0.0
luss 0.0 0.00510204081632653 0.0
fashion 0.0 0.01020408163265306 0.0
more 0.00023452157598499062 0.08163265306122448 1.9144618447754334e-05
short 0.0 0.01020408163265306 0.0
enter 0.0 0.02040816326530612 0.0
influential 0.0 0.00510204081632653 0.0
interrogate 0.0 0.0 0.0
absolutely 0.0 0.00510204081632653 0.0
scared 0.0 0.00510204081632653 0.0
suspect 0.0 0.00510204081632653 0.0
prepare 0.0 0.0 0.0
business 0.0 0.025510204081632654 0.0
guise 0.0 0.00510204081632653 0.0
fragile 0.0 0.00510204081632653 0.0
assassin 0.0 0.01020408163265306 0.0
misfire 0.0 0.0 0.0
fire 0.0 0.00510204081632653 0.0
from 0.0 0.3520408163265306 0.0
o 0.0 0.00510204081632653 0.0
hot 0.0 0.00510204081632653 0.0
I 0.0 0.0 0.0
if 0.0 0.03571428571428571 0.0
cover 0.0 0.015306122448979591 0.0
tim 0.0 0.00510204081632653 0.0
care 0.0 0.01020408163265306 0.0
mount 0.0 0.00510204081632653 0.0
by 0.0 0.33163265306122447 0.0
most 0.0 0.07653061224489796 0.0
at 0.00023452157598499062 0.23469387755102042 5.504077803729372e-05
gate 0.0 0.0 0.0
so 0.0 0.030612244897959183 0.0
ann 0.0 0.00510204081632653 0.0
car 0.0 0.00510204081632653 0.0
ring 0.0 0.00510204081632653 0.0
en 0.0 0.00510204081632653 0.0
or 0.0 0.09183673469387756 0.0
pa 0.0 0.00510204081632653 0.0
to 0.001172607879924953 0.7806122448979592 0.0009153520695332542
flu 0.0 0.00510204081632653 0.0
who 0.00023452157598499062 0.39285714285714285 9.213347627981774e-05
