king 0.0 0.030612244897959183 0.0
he 0.0 0.34183673469387754 0.0
red 0.0 0.01020408163265306 0.0
the 0.0021607605877268796 0.9540816326530612 0.0020615419893108495
go 0.0 0.09183673469387756 0.0
eye 0.0 0.02040816326530612 0.0
take 0.0 0.09183673469387756 0.0
lead 0.000432152117545376 0.02040816326530612 8.819430970313794e-06
a 0.0012964563526361278 0.8826530612244898 0.0011443211683982149
power 0.0 0.05102040816326531 0.0
ago 0.0 0.025510204081632654 0.0
in 0.0 0.7346938775510204 0.0
except 0.0 0.03571428571428571 0.0
black 0.0 0.01020408163265306 0.0
eventually 0.0 0.025510204081632654 0.0
this 0.0 0.17346938775510204 0.0
russian 0.0 0.04081632653061224 0.0
time 0.0 0.14795918367346939 0.0
as 0.000432152117545376 0.3469387755102041 0.00014993032649533453
travel 0.0 0.015306122448979591 0.0
journey 0.0 0.08163265306122448 0.0
pow 0.0 0.00510204081632653 0.0
al 0.0 0.00510204081632653 0.0
dr 0.0 0.00510204081632653 0.0
film 0.0 0.061224489795918366 0.0
she 0.000864304235090752 0.19387755102040816 0.0001675691884359621
scientist 0.0 0.01020408163265306 0.0
group 0.000432152117545376 0.05102040816326531 2.204857742578449e-05
son 0.0 0.08163265306122448 0.0
magic 0.0 0.025510204081632654 0.0
cartographer 0.0 0.01020408163265306 0.0
jonathan 0.0 0.01020408163265306 0.0
green 0.0 0.01020408163265306 0.0
east 0.0 0.015306122448979591 0.0
could 0.0 0.030612244897959183 0.0
set 0.0 0.05102040816326531 0.0
long 0.0 0.05612244897959184 0.0
even 0.0 0.07142857142857142 0.0
order 0.0 0.04081632653061224 0.0
keep 0.0 0.015306122448979591 0.0
discover 0.0 0.025510204081632654 0.0
on 0.0 0.3520408163265306 0.0
pete 0.0 0.01020408163265306 0.0
english 0.0 0.00510204081632653 0.0
traveller 0.0 0.00510204081632653 0.0
jason 0.0 0.01020408163265306 0.0
flemyng 0.0 0.00510204081632653 0.0
receive 0.0 0.00510204081632653 0.0
peter 0.0 0.02040816326530612 0.0
great 0.0 0.03571428571428571 0.0
map 0.0 0.01020408163265306 0.0
far 0.0 0.030612244897959183 0.0
once 0.0 0.061224489795918366 0.0
full 0.0 0.025510204081632654 0.0
incredible 0.0 0.01020408163265306 0.0
adventure 0.0 0.0 0.0
china 0.0 0.00510204081632653 0.0
unexpectedly 0.0 0.01020408163265306 0.0
face 0.0 0.025510204081632654 0.0
lot 0.0 0.00510204081632653 0.0
breathtaking 0.0 0.01020408163265306 0.0
discovery 0.0 0.00510204081632653 0.0
encounter 0.0 0.02040816326530612 0.0
bizarre 0.0 0.01020408163265306 0.0
creature 0.0 0.0 0.0
meet 0.0 0.030612244897959183 0.0
chinese 0.0 0.00510204081632653 0.0
princess 0.0 0.015306122448979591 0.0
confront 0.0 0.015306122448979591 0.0
deadly 0.0 0.01020408163265306 0.0
martial 0.0 0.00510204081632653 0.0
art 0.0 0.00510204081632653 0.0
master 0.0 0.00510204081632653 0.0
dragon 0.0 0.01020408163265306 0.0
what 0.0 0.1377551020408163 0.0
dangerous 0.0 0.04591836734693878 0.0
meeting 0.0 0.01020408163265306 0.0
viy 0.0 0.00510204081632653 0.0
would 0.0 0.030612244897959183 0.0
stronger 0.0 0.00510204081632653 0.0
staunch 0.0 0.00510204081632653 0.0
skepticism 0.0 0.00510204081632653 0.0
old 0.0 0.05612244897959184 0.0
seize 0.0 0.00510204081632653 0.0
eastern 0.0 0.01020408163265306 0.0
land 0.0 0.030612244897959183 0.0
rus 0.0 0.00510204081632653 0.0
i 0.0 0.00510204081632653 0.0
prince 0.0 0.015306122448979591 0.0
for 0.0 0.3877551020408163 0.0
and 0.000864304235090752 0.8571428571428571 0.0007408322015063588
be 0.000864304235090752 0.1377551020408163 0.00011906231809923623
all 0.0 0.17346938775510204 0.0
russia 0.0 0.02040816326530612 0.0
dead 0.0 0.015306122448979591 0.0
front 0.0 0.00510204081632653 0.0
ss 0.0 0.00510204081632653 0.0
de 0.0 0.025510204081632654 0.0
will 0.0 0.1989795918367347 0.0
nc 0.0 0.00510204081632653 0.0
danger 0.0 0.01020408163265306 0.0
it 0.0 0.2193877551020408 0.0
unexpected 0.0 0.025510204081632654 0.0
pt 0.0 0.00510204081632653 0.0
with 0.0 0.4387755102040816 0.0
ex 0.0 0.00510204081632653 0.0
out 0.000432152117545376 0.18877551020408162 8.157973647540261e-05
gain 0.0 0.00510204081632653 0.0
ia 0.0 0.00510204081632653 0.0
we 0.0 0.01020408163265306 0.0
more 0.0 0.08163265306122448 0.0
expect 0.0 0.0 0.0
from 0.0 0.3520408163265306 0.0
o 0.0 0.00510204081632653 0.0
I 0.0 0.0 0.0
nathan 0.0 0.00510204081632653 0.0
j 0.0 0.00510204081632653 0.0
cover 0.0 0.015306122448979591 0.0
tim 0.0 0.00510204081632653 0.0
dea 0.0 0.00510204081632653 0.0
at 0.0 0.23469387755102042 0.0
so 0.0 0.030612244897959183 0.0
car 0.0 0.00510204081632653 0.0
en 0.0 0.00510204081632653 0.0
eat 0.0 0.00510204081632653 0.0
lack 0.0 0.01020408163265306 0.0
that 0.0 0.40816326530612246 0.0
or 0.0 0.09183673469387756 0.0
to 0.0012964563526361278 0.7806122448979592 0.001012029703843508
sk 0.0 0.00510204081632653 0.0
