king 0.0 0.030612244897959183 0.0
he 0.0 0.34183673469387754 0.0
the 0.0031017369727047144 0.9540816326530612 0.0029593102749784776
take 0.0006203473945409429 0.09183673469387756 5.697067909049476e-05
control 0.0006203473945409429 0.04591836734693878 2.848533954524738e-05
a 0.0012406947890818859 0.8826530612244898 0.0010951030536283993
power 0.0 0.05102040816326531 0.0
they 0.0006203473945409429 0.28061224489795916 0.00017407707499873397
several 0.0006203473945409429 0.02040816326530612 1.2660150908998835e-05
ever 0.0 0.05102040816326531 0.0
in 0.0012406947890818859 0.7346938775510204 0.0009115308654479162
man 0.0006203473945409429 0.12755102040816327 7.912594318124273e-05
as 0.0006203473945409429 0.3469387755102041 0.0002152225654529802
era 0.0 0.01020408163265306 0.0
pow 0.0 0.00510204081632653 0.0
al 0.0 0.00510204081632653 0.0
plot 0.0006203473945409429 0.025510204081632654 1.5825188636248544e-05
fight 0.0006203473945409429 0.03571428571428571 2.2155264090747962e-05
cross 0.0 0.015306122448979591 0.0
family 0.0006203473945409429 0.22448979591836735 0.0001392616599989872
while 0.0 0.12244897959183673 0.0
rise 0.0006203473945409429 0.02040816326530612 1.2660150908998835e-05
across 0.0006203473945409429 0.04081632653061224 2.532030181799767e-05
even 0.0 0.07142857142857142 0.0
continent 0.0006203473945409429 0.01020408163265306 6.330075454499417e-06
on 0.0 0.3520408163265306 0.0
row 0.0 0.00510204081632653 0.0
once 0.0006203473945409429 0.061224489795918366 3.79804527269965e-05
lot 0.0 0.00510204081632653 0.0
land 0.0 0.030612244897959183 0.0
i 0.0 0.00510204081632653 0.0
sea 0.0006203473945409429 0.015306122448979591 9.495113181749125e-06
west 0.0 0.02040816326530612 0.0
back 0.0006203473945409429 0.08673469387755102 5.380564136324505e-05
home 0.0 0.07653061224489796 0.0
for 0.0006203473945409429 0.3877551020408163 0.00024054286727097785
and 0.0 0.8571428571428571 0.0
enemy 0.0006203473945409429 0.025510204081632654 1.5825188636248544e-05
be 0.0 0.1377551020408163 0.0
all 0.0006203473945409429 0.17346938775510204 0.0001076112827264901
last 0.0006203473945409429 0.04591836734693878 2.848533954524738e-05
dynasty 0.0006203473945409429 0.00510204081632653 3.1650377272497086e-06
nasty 0.0 0.00510204081632653 0.0
myth 0.0 0.015306122448979591 0.0
ss 0.0 0.00510204081632653 0.0
lie 0.0 0.00510204081632653 0.0
powerful 0.0006203473945409429 0.03571428571428571 2.2155264090747962e-05
nc 0.0 0.00510204081632653 0.0
kingdom 0.0012406947890818859 0.01020408163265306 1.2660150908998835e-05
threaten 0.0006203473945409429 0.01020408163265306 6.330075454499417e-06
pt 0.0 0.00510204081632653 0.0
meanwhile 0.0006203473945409429 0.030612244897959183 1.899022636349825e-05
recently 0.0006203473945409429 0.025510204081632654 1.5825188636248544e-05
gain 0.0 0.00510204081632653 0.0
mythical 0.0006203473945409429 0.00510204081632653 3.1650377272497086e-06
westero 0.0006203473945409429 0.0 0.0
seven 0.0006203473945409429 0.00510204081632653 3.1650377272497086e-06
conflict 0.0006203473945409429 0.01020408163265306 6.330075454499417e-06
erupt 0.0006203473945409429 0.0 0.0
ancient 0.0006203473945409429 0.01020408163265306 6.330075454499417e-06
heir 0.0006203473945409429 0.00510204081632653 3.1650377272497086e-06
usurp 0.0006203473945409429 0.0 0.0
homeland 0.0006203473945409429 0.00510204081632653 3.1650377272497086e-06
narrow 0.0006203473945409429 0.00510204081632653 3.1650377272497086e-06
gray 0.0006203473945409429 0.00510204081632653 3.1650377272497086e-06
mel 0.0 0.00510204081632653 0.0
we 0.0 0.01020408163265306 0.0
sam 0.0 0.00510204081632653 0.0
from 0.0006203473945409429 0.3520408163265306 0.00021838760318022992
threat 0.0 0.015306122448979591 0.0
o 0.0 0.00510204081632653 0.0
I 0.0 0.0 0.0
mythic 0.0 0.00510204081632653 0.0
at 0.0 0.23469387755102042 0.0
las 0.0 0.00510204081632653 0.0
en 0.0 0.00510204081632653 0.0
eat 0.0 0.00510204081632653 0.0
or 0.0 0.09183673469387756 0.0
to 0.0012406947890818859 0.7806122448979592 0.000968501544538411
