live 0.0 0.05612244897959184 0.0
but 0.000362844702467344 0.3112244897959184 0.00011292615740055094
let 0.0 0.02040816326530612 0.0
he 0.0 0.34183673469387754 0.0
the 0.001451378809869376 0.9540816326530612 0.001384733864518231
ask 0.0 0.00510204081632653 0.0
a 0.00181422351233672 0.8826530612244898 0.0016013299369094518
in 0.0010885341074020319 0.7346938775510204 0.0007997393442137377
as 0.000362844702467344 0.3469387755102041 0.00012588489677438464
criminal 0.0 0.025510204081632654 0.0
al 0.0 0.00510204081632653 0.0
make 0.0 0.061224489795918366 0.0
rain 0.0 0.00510204081632653 0.0
case 0.0 0.030612244897959183 0.0
first 0.0 0.08163265306122448 0.0
on 0.000362844702467344 0.3520408163265306 0.00012773614525636088
princess 0.0 0.015306122448979591 0.0
i 0.0 0.00510204081632653 0.0
prince 0.0 0.015306122448979591 0.0
alive 0.0 0.015306122448979591 0.0
and 0.000725689404934688 0.8571428571428571 0.0006220194899440182
ss 0.0 0.00510204081632653 0.0
de 0.0 0.025510204081632654 0.0
nc 0.0 0.00510204081632653 0.0
it 0.0 0.2193877551020408 0.0
out 0.000362844702467344 0.18877551020408162 6.849619383312105e-05
four 0.0 0.02040816326530612 0.0
o 0.0 0.00510204081632653 0.0
walk 0.0 0.015306122448979591 0.0
at 0.0 0.23469387755102042 0.0
rai 0.0 0.00510204081632653 0.0
brain 0.0 0.00510204081632653 0.0
athlete 0.0 0.00510204081632653 0.0
basket 0.0 0.00510204081632653 0.0
detention 0.0 0.00510204081632653 0.0
en 0.0 0.00510204081632653 0.0
to 0.0010885341074020319 0.7806122448979592 0.0008497230532270964
tent 0.0 0.00510204081632653 0.0
sk 0.0 0.00510204081632653 0.0
