life 0.0 0.20408163265306123 0.0
but 0.0003178639542275906 0.3112244897959184 9.892704697899503e-05
let 0.0 0.02040816326530612 0.0
he 0.0 0.34183673469387754 0.0
the 0.0019071837253655437 0.9540816326530612 0.0018196089624661054
go 0.0 0.09183673469387756 0.0
side 0.0 0.015306122448979591 0.0
mother 0.0 0.05612244897959184 0.0
gang 0.0 0.02040816326530612 0.0
take 0.0 0.09183673469387756 0.0
thing 0.0 0.00510204081632653 0.0
sin 0.0 0.01020408163265306 0.0
lead 0.0 0.02040816326530612 0.0
war 0.0 0.05612244897959184 0.0
two 0.0006357279084551812 0.12755102040816327 8.108774342540577e-05
control 0.0 0.04591836734693878 0.0
a 0.0006357279084551812 0.8826530612244898 0.0005611271845038079
force 0.0 0.025510204081632654 0.0
ever 0.0 0.05102040816326531 0.0
in 0.0003178639542275906 0.7346938775510204 0.00023353270106516862
man 0.0 0.12755102040816327 0.0
no 0.0 0.07142857142857142 0.0
this 0.0 0.17346938775510204 0.0
as 0.0006357279084551812 0.3469387755102041 0.00022055866211710367
ultimately 0.0 0.025510204081632654 0.0
later 0.0 0.061224489795918366 0.0
join 0.0 0.02040816326530612 0.0
al 0.0 0.00510204081632653 0.0
also 0.0 0.09183673469387756 0.0
mission 0.0003178639542275906 0.07142857142857142 2.2704568159113613e-05
former 0.0 0.03571428571428571 0.0
she 0.0 0.19387755102040816 0.0
year 0.0 0.01020408163265306 0.0
after 0.0 0.1989795918367347 0.0
every 0.0 0.03571428571428571 0.0
late 0.0 0.02040816326530612 0.0
put 0.0003178639542275906 0.03571428571428571 1.1352284079556807e-05
strange 0.0 0.03571428571428571 0.0
middle 0.0 0.025510204081632654 0.0
on 0.0 0.3520408163265306 0.0
row 0.0 0.00510204081632653 0.0
old 0.0 0.05612244897959184 0.0
i 0.0 0.00510204081632653 0.0
back 0.0 0.08673469387755102 0.0
run 0.0 0.015306122448979591 0.0
girl 0.0 0.08673469387755102 0.0
band 0.0 0.02040816326530612 0.0
for 0.0 0.3877551020408163 0.0
shed 0.0 0.00510204081632653 0.0
blood 0.0 0.015306122448979591 0.0
woman 0.0 0.07142857142857142 0.0
and 0.0012714558169103624 0.8571428571428571 0.0010898192716374533
cruel 0.0 0.01020408163265306 0.0
grow 0.0 0.0 0.0
be 0.0 0.1377551020408163 0.0
all 0.0003178639542275906 0.17346938775510204 5.513966552927592e-05
cold 0.0 0.025510204081632654 0.0
ss 0.0 0.00510204081632653 0.0
de 0.0 0.025510204081632654 0.0
will 0.0 0.1989795918367347 0.0
don 0.0 0.015306122448979591 0.0
form 0.0 0.01020408163265306 0.0
daughter 0.0 0.05102040816326531 0.0
it 0.0 0.2193877551020408 0.0
choice 0.0 0.01020408163265306 0.0
profession 0.0 0.00510204081632653 0.0
everything 0.0 0.025510204081632654 0.0
scarlet 0.0 0.01020408163265306 0.0
out 0.0 0.18877551020408162 0.0
gain 0.0 0.00510204081632653 0.0
assassin 0.0 0.01020408163265306 0.0
turbulent 0.0 0.00510204081632653 0.0
professional 0.0 0.015306122448979591 0.0
cruelly 0.0 0.00510204081632653 0.0
abandon 0.0 0.00510204081632653 0.0
sam 0.0 0.00510204081632653 0.0
despite 0.0 0.01020408163265306 0.0
estrangement 0.0 0.00510204081632653 0.0
blooded 0.0 0.00510204081632653 0.0
hitwoman 0.0 0.00510204081632653 0.0
spin 0.0 0.0 0.0
innocent 0.0 0.01020408163265306 0.0
unleash 0.0 0.00510204081632653 0.0
rogue 0.0 0.00510204081632653 0.0
hitwomen 0.0 0.00510204081632653 0.0
sidekick 0.0 0.0 0.0
avenge 0.0 0.00510204081632653 0.0
from 0.0003178639542275906 0.3520408163265306 0.00011190108592705995
o 0.0 0.00510204081632653 0.0
hit 0.0 0.015306122448979591 0.0
I 0.0 0.0 0.0
if 0.0 0.03571428571428571 0.0
mid 0.0 0.00510204081632653 0.0
j 0.0 0.00510204081632653 0.0
tim 0.0 0.00510204081632653 0.0
high 0.0 0.015306122448979591 0.0
moth 0.0003178639542275906 0.00510204081632653 1.6217548685081152e-06
at 0.0 0.23469387755102042 0.0
rue 0.0 0.00510204081632653 0.0
so 0.0 0.030612244897959183 0.0
car 0.0 0.00510204081632653 0.0
stake 0.0 0.00510204081632653 0.0
en 0.0 0.00510204081632653 0.0
or 0.0 0.09183673469387756 0.0
to 0.001589319771137953 0.7806122448979592 0.0012406424744087082
spite 0.0 0.00510204081632653 0.0
who 0.0 0.39285714285714285 0.0
