work 0.0 0.04591836734693878 0.0
live 0.0 0.05612244897959184 0.0
life 0.0 0.20408163265306123 0.0
but 0.0 0.3112244897959184 0.0
he 0.0009157509157509158 0.34183673469387754 0.0003130373028332212
the 0.0013736263736263735 0.9540816326530612 0.0013105516932047543
know 0.0 0.07142857142857142 0.0
marry 0.0 0.03571428571428571 0.0
relationship 0.0 0.05612244897959184 0.0
sin 0.0 0.01020408163265306 0.0
a 0.0018315018315018315 0.8826530612244898 0.0016165806982133513
love 0.0 0.09183673469387756 0.0
they 0.0009157509157509158 0.28061224489795916 0.00025697092023622633
end 0.0 0.04591836734693878 0.0
in 0.0 0.7346938775510204 0.0
man 0.0004578754578754579 0.12755102040816327 5.840248187186963e-05
no 0.0 0.07142857142857142 0.0
one 0.0 0.18877551020408162 0.0
eventually 0.0 0.025510204081632654 0.0
learn 0.0 0.02040816326530612 0.0
time 0.0 0.14795918367346939 0.0
as 0.0 0.3469387755102041 0.0
house 0.0 0.061224489795918366 0.0
rest 0.0 0.025510204081632654 0.0
al 0.0 0.00510204081632653 0.0
miss 0.0 0.0 0.0
actress 0.0 0.025510204081632654 0.0
want 0.0 0.01020408163265306 0.0
she 0.003205128205128205 0.19387755102040816 0.0006214024071166927
make 0.0 0.061224489795918366 0.0
name 0.0 0.025510204081632654 0.0
wife 0.0 0.05612244897959184 0.0
leave 0.0 0.02040816326530612 0.0
missing 0.0 0.02040816326530612 0.0
ship 0.0 0.02040816326530612 0.0
final 0.0 0.02040816326530612 0.0
son 0.0 0.08163265306122448 0.0
cross 0.0 0.015306122448979591 0.0
lose 0.0 0.00510204081632653 0.0
family 0.0 0.22448979591836735 0.0
follow 0.0 0.015306122448979591 0.0
across 0.0 0.04081632653061224 0.0
first 0.0 0.08163265306122448 0.0
even 0.0 0.07142857142857142 0.0
on 0.0 0.3520408163265306 0.0
encounter 0.0 0.02040816326530612 0.0
meet 0.0004578754578754579 0.030612244897959183 1.401659564924871e-05
art 0.0 0.00510204081632653 0.0
i 0.0 0.00510204081632653 0.0
band 0.0 0.02040816326530612 0.0
living 0.0 0.05612244897959184 0.0
for 0.0 0.3877551020408163 0.0
subsequently 0.0 0.01020408163265306 0.0
woman 0.0 0.07142857142857142 0.0
and 0.0013736263736263735 0.8571428571428571 0.0011773940345368916
sex 0.0 0.03571428571428571 0.0
be 0.0004578754578754579 0.1377551020408163 6.30746804216192e-05
anti 0.0 0.00510204081632653 0.0
during 0.0 0.04591836734693878 0.0
all 0.0 0.17346938775510204 0.0
act 0.0 0.00510204081632653 0.0
married 0.0 0.015306122448979591 0.0
whose 0.0 0.04591836734693878 0.0
air 0.0 0.01020408163265306 0.0
use 0.0 0.02040816326530612 0.0
lone 0.0 0.00510204081632653 0.0
physical 0.0 0.015306122448979591 0.0
ss 0.0 0.00510204081632653 0.0
de 0.0 0.025510204081632654 0.0
here 0.0 0.01020408163265306 0.0
will 0.0004578754578754579 0.1989795918367347 9.110787172011662e-05
don 0.0 0.015306122448979591 0.0
nc 0.0 0.00510204081632653 0.0
alone 0.0 0.015306122448979591 0.0
it 0.0 0.2193877551020408 0.0
fall 0.0 0.01020408163265306 0.0
with 0.0009157509157509158 0.4387755102040816 0.00040180907527846303
tender 0.0 0.00510204081632653 0.0
not 0.0 0.14795918367346939 0.0
do 0.0 0.10204081632653061 0.0
ex 0.0 0.00510204081632653 0.0
relation 0.0 0.0 0.0
out 0.0004578754578754579 0.18877551020408162 8.643567317036705e-05
then 0.0 0.05612244897959184 0.0
heir 0.0 0.00510204081632653 0.0
we 0.0 0.01020408163265306 0.0
more 0.0 0.08163265306122448 0.0
abandon 0.0 0.00510204081632653 0.0
mad 0.0 0.00510204081632653 0.0
where 0.0 0.11224489795918367 0.0
o 0.0 0.00510204081632653 0.0
london 0.0 0.01020408163265306 0.0
I 0.0 0.0 0.0
if 0.0 0.03571428571428571 0.0
j 0.0 0.00510204081632653 0.0
tim 0.0 0.00510204081632653 0.0
jay 0.0 0.00510204081632653 0.0
bartender 0.0 0.00510204081632653 0.0
interest 0.0 0.01020408163265306 0.0
now 0.0 0.07653061224489796 0.0
decrepit 0.0 0.00510204081632653 0.0
casual 0.0 0.00510204081632653 0.0
weekly 0.0 0.00510204081632653 0.0
anonymous 0.0 0.01020408163265306 0.0
at 0.0 0.23469387755102042 0.0
purely 0.0 0.01020408163265306 0.0
street 0.0 0.01020408163265306 0.0
grey 0.0 0.01020408163265306 0.0
suburb 0.0 0.0 0.0
pub 0.0 0.00510204081632653 0.0
theatre 0.0 0.00510204081632653 0.0
evening 0.0 0.0 0.0
claire 0.0 0.00510204081632653 0.0
andy 0.0 0.00510204081632653 0.0
clear 0.0 0.015306122448979591 0.0
intimacy 0.0 0.01020408163265306 0.0
illicit 0.0 0.00510204081632653 0.0
session 0.0 0.0 0.0
previous 0.0 0.00510204081632653 0.0
so 0.0 0.030612244897959183 0.0
los 0.0 0.00510204081632653 0.0
ring 0.0 0.00510204081632653 0.0
en 0.0 0.00510204081632653 0.0
eat 0.0 0.00510204081632653 0.0
that 0.0004578754578754579 0.40816326530612246 0.00018688794198998282
or 0.0 0.09183673469387756 0.0
to 0.0009157509157509158 0.7806122448979592 0.0007148463781116843
low 0.0 0.00510204081632653 0.0
who 0.0004578754578754579 0.39285714285714285 0.00017987964416535845
