king 0.0 0.030612244897959183 0.0
he 0.0 0.34183673469387754 0.0
the 0.002403846153846154 0.9540816326530612 0.0022934654631083205
a 0.004807692307692308 0.8826530612244898 0.004243524332810047
love 0.0 0.09183673469387756 0.0
story 0.0 0.12755102040816327 0.0
they 0.0 0.28061224489795916 0.0
in 0.0 0.7346938775510204 0.0
man 0.0 0.12755102040816327 0.0
seem 0.0 0.01020408163265306 0.0
see 0.0 0.04081632653061224 0.0
al 0.0 0.00510204081632653 0.0
she 0.0008012820512820513 0.19387755102040816 0.00015535060177917319
teach 0.0 0.00510204081632653 0.0
on 0.0008012820512820513 0.3520408163265306 0.0002820839874411303
i 0.0 0.00510204081632653 0.0
body 0.0 0.02040816326530612 0.0
and 0.002403846153846154 0.8571428571428571 0.0020604395604395605
all 0.0 0.17346938775510204 0.0
use 0.0 0.02040816326530612 0.0
cause 0.0 0.0 0.0
de 0.0 0.025510204081632654 0.0
it 0.0 0.2193877551020408 0.0
well 0.0 0.02040816326530612 0.0
teacher 0.0 0.030612244897959183 0.0
fall 0.0 0.01020408163265306 0.0
with 0.0 0.4387755102040816 0.0
heir 0.0 0.00510204081632653 0.0
we 0.0 0.01020408163265306 0.0
oil 0.0 0.00510204081632653 0.0
from 0.0008012820512820513 0.3520408163265306 0.0002820839874411303
o 0.0 0.00510204081632653 0.0
build 0.0 0.01020408163265306 0.0
at 0.0 0.23469387755102042 0.0
shocking 0.0 0.015306122448979591 0.0
revelation 0.0 0.01020408163265306 0.0
or 0.0 0.09183673469387756 0.0
to 0.0008012820512820513 0.7806122448979592 0.0006254905808477237
manu 0.0 0.00510204081632653 0.0
bodybuilder 0.0 0.00510204081632653 0.0
chandigarh 0.0 0.00510204081632653 0.0
maanvi 0.0 0.00510204081632653 0.0
zumba 0.0 0.00510204081632653 0.0
turmoil 0.0 0.00510204081632653 0.0
