dream 0.0 0.015306122448979591 0.0
live 0.0 0.05612244897959184 0.0
life 0.0 0.20408163265306123 0.0
father 0.0 0.11734693877551021 0.0
he 0.0008841732979664014 0.34183673469387754 0.0003022429130803515
get 0.0 0.0663265306122449 0.0
chance 0.0 0.025510204081632654 0.0
the 0.0008841732979664014 0.9540816326530612 0.0008435735036720258
go 0.0 0.09183673469387756 0.0
become 0.0 0.05612244897959184 0.0
give 0.0 0.015306122448979591 0.0
lead 0.0 0.02040816326530612 0.0
a 0.0017683465959328027 0.8826530612244898 0.0015608365362059942
story 0.0 0.12755102040816327 0.0
ever 0.0 0.05102040816326531 0.0
in 0.0008841732979664014 0.7346938775510204 0.0006495967087100092
man 0.0 0.12755102040816327 0.0
this 0.0 0.17346938775510204 0.0
event 0.0 0.0 0.0
time 0.0 0.14795918367346939 0.0
as 0.0 0.3469387755102041 0.0
people 0.0 0.11734693877551021 0.0
journey 0.0 0.08163265306122448 0.0
when 0.0004420866489832007 0.27040816326530615 0.00011954383875566142
al 0.0004420866489832007 0.00510204081632653 2.2555441274653094e-06
dr 0.0004420866489832007 0.00510204081632653 2.2555441274653094e-06
also 0.0004420866489832007 0.09183673469387756 4.0599794294375575e-05
miss 0.0004420866489832007 0.0 0.0
she 0.0 0.19387755102040816 0.0
leave 0.0 0.02040816326530612 0.0
around 0.0 0.08673469387755102 0.0
son 0.0 0.08163265306122448 0.0
however 0.0 0.04081632653061224 0.0
realize 0.0 0.01020408163265306 0.0
have 0.0 0.15306122448979592 0.0
family 0.0 0.22448979591836735 0.0
second 0.0 0.02040816326530612 0.0
come 0.0 0.025510204081632654 0.0
long 0.0 0.05612244897959184 0.0
ordinary 0.0 0.03571428571428571 0.0
first 0.0 0.08163265306122448 0.0
feature 0.0 0.00510204081632653 0.0
even 0.0 0.07142857142857142 0.0
on 0.0004420866489832007 0.3520408163265306 0.00015563254479510636
path 0.0 0.025510204081632654 0.0
i 0.0 0.00510204081632653 0.0
sea 0.0 0.015306122448979591 0.0
series 0.0 0.07142857142857142 0.0
whole 0.0 0.03571428571428571 0.0
living 0.0 0.05612244897959184 0.0
personal 0.0 0.03571428571428571 0.0
for 0.0 0.3877551020408163 0.0
and 0.0008841732979664014 0.8571428571428571 0.000757862826828344
action 0.0 0.01020408163265306 0.0
be 0.0008841732979664014 0.1377551020408163 0.00012179938288312671
all 0.0 0.17346938775510204 0.0
act 0.0 0.00510204081632653 0.0
whose 0.0 0.04591836734693878 0.0
air 0.0 0.01020408163265306 0.0
transform 0.0 0.015306122448979591 0.0
pack 0.0 0.0 0.0
person 0.0 0.030612244897959183 0.0
ss 0.0 0.00510204081632653 0.0
de 0.0 0.025510204081632654 0.0
search 0.0 0.030612244897959183 0.0
free 0.0 0.025510204081632654 0.0
form 0.0 0.01020408163265306 0.0
nc 0.0 0.00510204081632653 0.0
it 0.0 0.2193877551020408 0.0
narrative 0.0 0.01020408163265306 0.0
well 0.0 0.02040816326530612 0.0
mahaan 0.0 0.00510204081632653 0.0
duo 0.0 0.01020408163265306 0.0
vikram 0.0 0.01020408163265306 0.0
dhruv 0.0 0.00510204081632653 0.0
together 0.0 0.05612244897959184 0.0
along 0.0 0.02040816326530612 0.0
bobby 0.0 0.00510204081632653 0.0
simha 0.0 0.00510204081632653 0.0
simran 0.0 0.00510204081632653 0.0
pivotal 0.0 0.00510204081632653 0.0
role 0.0 0.02040816326530612 0.0
stray 0.0 0.0 0.0
ideological 0.0 0.00510204081632653 0.0
freedom 0.0 0.015306122448979591 0.0
ambition 0.0 0.01020408163265306 0.0
presence 0.0 0.01020408163265306 0.0
fulfil 0.0 0.0 0.0
billionaire 0.0 0.00510204081632653 0.0
unexpected 0.0 0.025510204081632654 0.0
thrilling 0.0 0.00510204081632653 0.0
with 0.0 0.4387755102040816 0.0
omi 0.0 0.00510204081632653 0.0
fill 0.0 0.0 0.0
rough 0.0 0.00510204081632653 0.0
ex 0.0 0.00510204081632653 0.0
lion 0.0 0.00510204081632653 0.0
out 0.0 0.18877551020408162 0.0
we 0.0 0.01020408163265306 0.0
leaf 0.0 0.0 0.0
expect 0.0 0.0 0.0
billion 0.0 0.00510204081632653 0.0
from 0.0 0.3520408163265306 0.0
o 0.0 0.00510204081632653 0.0
I 0.0 0.0 0.0
if 0.0 0.03571428571428571 0.0
real 0.0 0.030612244897959183 0.0
j 0.0 0.00510204081632653 0.0
tim 0.0 0.00510204081632653 0.0
ram 0.0 0.00510204081632653 0.0
by 0.0 0.33163265306122447 0.0
at 0.0 0.23469387755102042 0.0
so 0.0 0.030612244897959183 0.0
through 0.0 0.08163265306122448 0.0
en 0.0 0.00510204081632653 0.0
eat 0.0 0.00510204081632653 0.0
that 0.0 0.40816326530612246 0.0
or 0.0004420866489832007 0.09183673469387756 4.0599794294375575e-05
pa 0.0 0.00510204081632653 0.0
to 0.0008841732979664014 0.7806122448979592 0.0006901965030043848
how 0.0 0.09183673469387756 0.0
who 0.0004420866489832007 0.39285714285714285 0.00017367689781482882
