small 0.0 0.07653061224489796 0.0
live 0.0 0.05612244897959184 0.0
but 0.0 0.3112244897959184 0.0
he 0.0 0.34183673469387754 0.0
chance 0.0 0.025510204081632654 0.0
the 0.0007692307692307692 0.9540816326530612 0.0007339089481946625
save 0.0 0.030612244897959183 0.0
find 0.0 0.08163265306122448 0.0
share 0.0 0.030612244897959183 0.0
take 0.0 0.09183673469387756 0.0
thing 0.0 0.00510204081632653 0.0
a 0.004615384615384615 0.8826530612244898 0.004073783359497645
they 0.0 0.28061224489795916 0.0
century 0.0 0.03571428571428571 0.0
end 0.0 0.04591836734693878 0.0
in 0.0015384615384615385 0.7346938775510204 0.001130298273155416
no 0.0 0.07142857142857142 0.0
this 0.0 0.17346938775510204 0.0
as 0.0 0.3469387755102041 0.0
travel 0.0 0.015306122448979591 0.0
people 0.0 0.11734693877551021 0.0
rest 0.0 0.025510204081632654 0.0
al 0.0 0.00510204081632653 0.0
she 0.0007692307692307692 0.19387755102040816 0.0001491365777080063
make 0.0 0.061224489795918366 0.0
under 0.0 0.0663265306122449 0.0
early 0.0 0.030612244897959183 0.0
cartographer 0.0 0.01020408163265306 0.0
jonathan 0.0 0.01020408163265306 0.0
green 0.0 0.01020408163265306 0.0
undertake 0.0 0.0 0.0
scientific 0.0 0.00510204081632653 0.0
voyage 0.0 0.00510204081632653 0.0
europe 0.0 0.025510204081632654 0.0
east 0.0 0.015306122448979591 0.0
have 0.0 0.15306122448979592 0.0
pass 0.0 0.00510204081632653 0.0
transylvania 0.0 0.00510204081632653 0.0
cross 0.0 0.015306122448979591 0.0
carpathian 0.0 0.00510204081632653 0.0
mountain 0.0 0.01020408163265306 0.0
village 0.0 0.025510204081632654 0.0
lose 0.0 0.00510204081632653 0.0
impassible 0.0 0.00510204081632653 0.0
wood 0.0 0.0 0.0
nothing 0.0 0.030612244897959183 0.0
heavy 0.0 0.01020408163265306 0.0
fog 0.0 0.00510204081632653 0.0
could 0.0 0.030612244897959183 0.0
bring 0.0 0.00510204081632653 0.0
cursed 0.0 0.00510204081632653 0.0
place 0.0 0.05612244897959184 0.0
resemble 0.0 0.00510204081632653 0.0
traveler 0.0 0.00510204081632653 0.0
saw 0.0 0.00510204081632653 0.0
villager 0.0 0.0 0.0
dig 0.0007692307692307692 0.0 0.0
deep 0.0 0.015306122448979591 0.0
moat 0.0 0.00510204081632653 0.0
fend 0.0 0.00510204081632653 0.0
world 0.0 0.19387755102040816 0.0
naive 0.0 0.00510204081632653 0.0
belief 0.0 0.00510204081632653 0.0
evil 0.0 0.03571428571428571 0.0
fail 0.0 0.0 0.0
understand 0.0 0.015306122448979591 0.0
nest 0.0 0.00510204081632653 0.0
soul 0.0 0.01020408163265306 0.0
wait 0.0 0.0 0.0
opportunity 0.0 0.01020408163265306 0.0
gush 0.0 0.00510204081632653 0.0
upon 0.0 0.025510204081632654 0.0
on 0.0007692307692307692 0.3520408163265306 0.0002708006279434851
path 0.0 0.025510204081632654 0.0
art 0.0 0.00510204081632653 0.0
i 0.0 0.00510204081632653 0.0
for 0.0 0.3877551020408163 0.0
and 0.0007692307692307692 0.8571428571428571 0.0006593406593406593
be 0.0 0.1377551020408163 0.0
all 0.0 0.17346938775510204 0.0
unit 0.0 0.00510204081632653 0.0
age 0.0 0.025510204081632654 0.0
ss 0.0 0.00510204081632653 0.0
lie 0.0 0.00510204081632653 0.0
de 0.0 0.025510204081632654 0.0
here 0.0 0.01020408163265306 0.0
will 0.0 0.1989795918367347 0.0
nc 0.0 0.00510204081632653 0.0
it 0.0 0.2193877551020408 0.0
rough 0.0 0.00510204081632653 0.0
stan 0.0 0.00510204081632653 0.0
not 0.0 0.14795918367346939 0.0
out 0.0 0.18877551020408162 0.0
heir 0.0 0.00510204081632653 0.0
ia 0.0 0.00510204081632653 0.0
we 0.0 0.01020408163265306 0.0
mad 0.0 0.00510204081632653 0.0
from 0.0 0.3520408163265306 0.0
o 0.0 0.00510204081632653 0.0
if 0.0 0.03571428571428571 0.0
nathan 0.0 0.00510204081632653 0.0
stand 0.0 0.02040816326530612 0.0
j 0.0 0.00510204081632653 0.0
fore 0.0 0.00510204081632653 0.0
mount 0.0 0.00510204081632653 0.0
at 0.0 0.23469387755102042 0.0
curse 0.0 0.00510204081632653 0.0
so 0.0 0.030612244897959183 0.0
los 0.0 0.00510204081632653 0.0
through 0.0 0.08163265306122448 0.0
car 0.0 0.00510204081632653 0.0
ring 0.0 0.00510204081632653 0.0
en 0.0 0.00510204081632653 0.0
that 0.0007692307692307692 0.40816326530612246 0.0003139717425431711
or 0.0 0.09183673469387756 0.0
pa 0.0 0.00510204081632653 0.0
to 0.0 0.7806122448979592 0.0
who 0.0 0.39285714285714285 0.0
