sum 0.0 0.01020408163265306 0.0
king 0.0 0.030612244897959183 0.0
let 0.0 0.02040816326530612 0.0
brother 0.00017806267806267804 0.04081632653061224 7.267864410721552e-06
he 0.0010683760683760683 0.34183673469387754 0.00036521018663875803
the 0.0037393162393162395 0.9540816326530612 0.003567612942612943
go 0.0 0.09183673469387756 0.0
eye 0.0 0.02040816326530612 0.0
known 0.0 0.05612244897959184 0.0
know 0.0 0.07142857142857142 0.0
call 0.0 0.01020408163265306 0.0
find 0.0 0.08163265306122448 0.0
much 0.0 0.03571428571428571 0.0
take 0.0003561253561253561 0.09183673469387756 3.2705389848246986e-05
thing 0.0 0.00510204081632653 0.0
hand 0.0 0.0 0.0
lead 0.0 0.02040816326530612 0.0
control 0.0 0.04591836734693878 0.0
a 0.0008903133903133902 0.8826530612244898 0.000785837839409268
love 0.0 0.09183673469387756 0.0
power 0.0 0.05102040816326531 0.0
they 0.0003561253561253561 0.28061224489795916 9.993313564742135e-05
end 0.00017806267806267804 0.04591836734693878 8.176347462061747e-06
battle 0.0 0.061224489795918366 0.0
ever 0.00017806267806267804 0.05102040816326531 9.084830513401942e-06
in 0.0008903133903133902 0.7346938775510204 0.0006541077969649398
man 0.0 0.12755102040816327 0.0
no 0.0 0.07142857142857142 0.0
one 0.00017806267806267804 0.18877551020408162 3.361387289958718e-05
seem 0.0 0.01020408163265306 0.0
see 0.0 0.04081632653061224 0.0
turn 0.0 0.025510204081632654 0.0
palace 0.0 0.015306122448979591 0.0
time 0.0 0.14795918367346939 0.0
as 0.0003561253561253561 0.3469387755102041 0.00012355369498226638
era 0.0 0.01020408163265306 0.0
desire 0.0 0.02040816326530612 0.0
pow 0.0 0.00510204081632653 0.0
escape 0.0 0.04591836734693878 0.0
help 0.0 0.10204081632653061 0.0
al 0.0 0.00510204081632653 0.0
also 0.00017806267806267804 0.09183673469387756 1.6352694924123493e-05
private 0.0 0.01020408163265306 0.0
kill 0.00017806267806267804 0.030612244897959183 5.450898308041164e-06
new 0.0 0.1377551020408163 0.0
she 0.0007122507122507122 0.19387755102040816 0.0001380894238037095
after 0.0 0.1989795918367347 0.0
son 0.0 0.08163265306122448 0.0
hear 0.0 0.00510204081632653 0.0
every 0.0 0.03571428571428571 0.0
fight 0.00017806267806267804 0.03571428571428571 6.359381359381358e-06
have 0.0 0.15306122448979592 0.0
evil 0.0 0.03571428571428571 0.0
family 0.00017806267806267804 0.22448979591836735 3.997325425896854e-05
friend 0.0 0.0663265306122449 0.0
while 0.0 0.12244897959183673 0.0
protect 0.0 0.02040816326530612 0.0
prison 0.0 0.015306122448979591 0.0
court 0.0 0.015306122448979591 0.0
long 0.0 0.05612244897959184 0.0
first 0.00017806267806267804 0.08163265306122448 1.4535728821443105e-05
part 0.0 0.04081632653061224 0.0
on 0.0003561253561253561 0.3520408163265306 0.0001253706610849468
death 0.0 0.04591836734693878 0.0
art 0.0 0.00510204081632653 0.0
master 0.0 0.00510204081632653 0.0
what 0.0 0.1377551020408163 0.0
land 0.0 0.030612244897959183 0.0
rus 0.0 0.00510204081632653 0.0
i 0.0 0.00510204081632653 0.0
prince 0.0 0.015306122448979591 0.0
england 0.0 0.015306122448979591 0.0
home 0.0 0.07653061224489796 0.0
include 0.0 0.00510204081632653 0.0
band 0.0 0.02040816326530612 0.0
way 0.0 0.03571428571428571 0.0
for 0.0003561253561253561 0.3877551020408163 0.0001380894238037095
recruit 0.0 0.0 0.0
and 0.0014245014245014244 0.8571428571428571 0.0012210012210012208
little 0.0 0.04591836734693878 0.0
be 0.0005341880341880341 0.1377551020408163 7.358712715855571e-05
goal 0.0 0.00510204081632653 0.0
key 0.0 0.015306122448979591 0.0
unlock 0.0 0.015306122448979591 0.0
all 0.0003561253561253561 0.17346938775510204 6.177684749113319e-05
act 0.0 0.00510204081632653 0.0
return 0.0 0.030612244897959183 0.0
look 0.0 0.025510204081632654 0.0
mental 0.0 0.01020408163265306 0.0
age 0.0 0.025510204081632654 0.0
think 0.0 0.01020408163265306 0.0
ss 0.0 0.00510204081632653 0.0
de 0.0 0.025510204081632654 0.0
ruin 0.0 0.01020408163265306 0.0
powerful 0.0 0.03571428571428571 0.0
here 0.0 0.01020408163265306 0.0
incident 0.0 0.02040816326530612 0.0
rich 0.0 0.01020408163265306 0.0
will 0.00017806267806267804 0.1989795918367347 3.543083900226757e-05
nc 0.0 0.00510204081632653 0.0
it 0.0 0.2193877551020408 0.0
fall 0.0 0.01020408163265306 0.0
bag 0.0 0.00510204081632653 0.0
with 0.00017806267806267804 0.4387755102040816 7.81295424152567e-05
away 0.0 0.04081632653061224 0.0
sheriff 0.0 0.01020408163265306 0.0
heart 0.0 0.030612244897959183 0.0
such 0.0 0.025510204081632654 0.0
ex 0.0 0.00510204081632653 0.0
lion 0.0 0.00510204081632653 0.0
robin 0.0 0.00510204081632653 0.0
locksley 0.0 0.00510204081632653 0.0
skilled 0.0 0.015306122448979591 0.0
archer 0.0 0.00510204081632653 0.0
holy 0.0 0.01020408163265306 0.0
crusade 0.0 0.0 0.0
richard 0.0 0.00510204081632653 0.0
lionheart 0.0 0.00510204081632653 0.0
longtime 0.0 0.00510204081632653 0.0
john 0.0 0.01020408163265306 0.0
assume 0.0 0.0 0.0
throne 0.0 0.00510204081632653 0.0
absence 0.0 0.00510204081632653 0.0
neurotic 0.0 0.00510204081632653 0.0
basically 0.0 0.00510204081632653 0.0
equally 0.0 0.01020408163265306 0.0
rottingham 0.0 0.00510204081632653 0.0
everything 0.0 0.025510204081632654 0.0
fatten 0.0 0.00510204081632653 0.0
coffer 0.0 0.0 0.0
expense 0.0 0.00510204081632653 0.0
commoner 0.0 0.0 0.0
peasant 0.0 0.0 0.0
merry 0.0 0.00510204081632653 0.0
blinkin 0.0 0.00510204081632653 0.0
blind 0.0 0.00510204081632653 0.0
servant 0.0 0.00510204081632653 0.0
ahchoo 0.0 0.00510204081632653 0.0
misguided 0.0 0.00510204081632653 0.0
asneeze 0.0 0.00510204081632653 0.0
fighting 0.00017806267806267804 0.02040816326530612 3.633932205360776e-06
coincidental 0.0 0.00510204081632653 0.0
fact 0.0 0.02040816326530612 0.0
hulking 0.0 0.00510204081632653 0.0
scarlet 0.0 0.01020408163265306 0.0
dagger 0.0 0.0 0.0
sight 0.0 0.00510204081632653 0.0
marian 0.0 0.00510204081632653 0.0
bagelle 0.0 0.00510204081632653 0.0
maid 0.0 0.00510204081632653 0.0
figurative 0.0 0.00510204081632653 0.0
literal 0.0 0.00510204081632653 0.0
object 0.0 0.00510204081632653 0.0
latrine 0.0 0.00510204081632653 0.0
hag 0.0 0.00510204081632653 0.0
sorceress 0.0 0.00510204081632653 0.0
particular 0.0 0.00510204081632653 0.0
mentality 0.0 0.00510204081632653 0.0
achieve 0.0 0.015306122448979591 0.0
protection 0.0 0.01020408163265306 0.0
trust 0.0 0.0 0.0
royal 0.0 0.00510204081632653 0.0
cherry 0.0 0.00510204081632653 0.0
offer 0.00017806267806267804 0.0 0.0
heir 0.0 0.00510204081632653 0.0
roll 0.0 0.00510204081632653 0.0
ia 0.0 0.00510204081632653 0.0
we 0.0 0.01020408163265306 0.0
where 0.0 0.11224489795918367 0.0
from 0.0 0.3520408163265306 0.0
o 0.0 0.00510204081632653 0.0
I 0.0 0.0 0.0
lock 0.0 0.0 0.0
if 0.0 0.03571428571428571 0.0
j 0.0 0.00510204081632653 0.0
tim 0.0 0.00510204081632653 0.0
roth 0.0 0.00510204081632653 0.0
rob 0.0 0.00510204081632653 0.0
dea 0.0 0.00510204081632653 0.0
by 0.00017806267806267804 0.33163265306122447 5.905139833711261e-05
most 0.0 0.07653061224489796 0.0
now 0.0 0.07653061224489796 0.0
at 0.0 0.23469387755102042 0.0
roy 0.0 0.00510204081632653 0.0
so 0.0 0.030612244897959183 0.0
richa 0.0 0.00510204081632653 0.0
car 0.0 0.00510204081632653 0.0
hard 0.0 0.01020408163265306 0.0
common 0.0 0.00510204081632653 0.0
pen 0.0 0.00510204081632653 0.0
en 0.0 0.00510204081632653 0.0
eat 0.0 0.00510204081632653 0.0
that 0.00017806267806267804 0.40816326530612246 7.267864410721553e-05
or 0.00017806267806267804 0.09183673469387756 1.6352694924123493e-05
pa 0.0 0.00510204081632653 0.0
sl 0.0 0.00510204081632653 0.0
hc 0.0 0.00510204081632653 0.0
to 0.0005341880341880341 0.7806122448979592 0.0004169937205651491
ski 0.0 0.00510204081632653 0.0
sk 0.0 0.00510204081632653 0.0
who 0.0003561253561253561 0.39285714285714285 0.0001399063899063899
