live 0.0001840264998159735 0.05612244897959184 1.032801784681484e-05
life 0.0001840264998159735 0.20408163265306123 3.755642853387214e-05
father 0.0 0.11734693877551021 0.0
he 0.0005520794994479204 0.34183673469387754 0.0001887210533827075
the 0.002208317997791682 0.9540816326530612 0.002106915640750227
go 0.0 0.09183673469387756 0.0
close 0.0 0.00510204081632653 0.0
find 0.0001840264998159735 0.08163265306122448 1.5022571413548856e-05
take 0.0 0.09183673469387756 0.0
a 0.0012881854987118145 0.8826530612244898 0.0011370208738629792
ago 0.0 0.025510204081632654 0.0
in 0.0009201324990798675 0.7346938775510204 0.0006760157136096986
actually 0.0 0.02040816326530612 0.0
man 0.0 0.12755102040816327 0.0
one 0.000368052999631947 0.18877551020408162 6.947939278766345e-05
mysterious 0.0 0.08673469387755102 0.0
learn 0.0 0.02040816326530612 0.0
as 0.0 0.3469387755102041 0.0
when 0.0 0.27040816326530615 0.0
many 0.0 0.02040816326530612 0.0
city 0.000368052999631947 0.09183673469387756 3.380078568048493e-05
al 0.0 0.00510204081632653 0.0
she 0.000368052999631947 0.19387755102040816 7.135721421435707e-05
year 0.0 0.01020408163265306 0.0
magic 0.0 0.025510204081632654 0.0
lose 0.0001840264998159735 0.00510204081632653 9.389107133468035e-07
young 0.0 0.15816326530612246 0.0
six 0.0 0.025510204081632654 0.0
ordinary 0.0 0.03571428571428571 0.0
order 0.0 0.04081632653061224 0.0
discover 0.0 0.025510204081632654 0.0
on 0.0005520794994479205 0.3520408163265306 0.00019435451766278836
full 0.0 0.025510204081632654 0.0
old 0.0 0.05612244897959184 0.0
i 0.0 0.00510204081632653 0.0
sea 0.0 0.015306122448979591 0.0
big 0.0 0.02040816326530612 0.0
over 0.0 0.07653061224489796 0.0
girl 0.0 0.08673469387755102 0.0
and 0.0012881854987118145 0.8571428571428571 0.0011041589988958409
be 0.000736105999263894 0.1377551020408163 0.00010140235704145478
authority 0.0 0.00510204081632653 0.0
all 0.0001840264998159735 0.17346938775510204 3.192296425379132e-05
act 0.0 0.00510204081632653 0.0
whose 0.0 0.04591836734693878 0.0
use 0.0 0.02040816326530612 0.0
de 0.0 0.025510204081632654 0.0
extraordinary 0.0 0.02040816326530612 0.0
magical 0.0 0.015306122448979591 0.0
rio 0.0 0.025510204081632654 0.0
it 0.000368052999631947 0.2193877551020408 8.07463213478251e-05
actual 0.0 0.00510204081632653 0.0
ex 0.0 0.00510204081632653 0.0
gain 0.0 0.00510204081632653 0.0
we 0.0 0.01020408163265306 0.0
border 0.0 0.0 0.0
o 0.0 0.00510204081632653 0.0
cover 0.0 0.015306122448979591 0.0
by 0.0005520794994479205 0.33163265306122447 0.0001830875891026267
at 0.0001840264998159735 0.23469387755102042 4.3189892813952966e-05
tie 0.0 0.0 0.0
los 0.0 0.00510204081632653 0.0
en 0.0 0.00510204081632653 0.0
that 0.0001840264998159735 0.40816326530612246 7.511285706774429e-05
or 0.0 0.09183673469387756 0.0
to 0.000736105999263894 0.7806122448979592 0.0005746133565682438
ability 0.0 0.00510204081632653 0.0
sick 0.0 0.01020408163265306 0.0
abigail 0.0 0.00510204081632653 0.0
epidemic 0.0 0.00510204081632653 0.0
disease 0.0 0.00510204081632653 0.0
abby 0.0 0.00510204081632653 0.0
who 0.000368052999631947 0.39285714285714285 0.00014459224985540774
