life 0.0016025641025641025 0.20408163265306123 0.0003270538984824699
father 0.0 0.11734693877551021 0.0
he 0.003205128205128205 0.34183673469387754 0.0010956305599162742
the 0.0016025641025641025 0.9540816326530612 0.0015289769754055467
know 0.0 0.07142857142857142 0.0
often 0.0 0.015306122448979591 0.0
close 0.0 0.00510204081632653 0.0
decide 0.0 0.03571428571428571 0.0
give 0.0 0.015306122448979591 0.0
sin 0.0 0.01020408163265306 0.0
lead 0.0 0.02040816326530612 0.0
a 0.0 0.8826530612244898 0.0
in 0.0016025641025641025 0.7346938775510204 0.0011773940345368918
actually 0.0 0.02040816326530612 0.0
man 0.0 0.12755102040816327 0.0
no 0.0 0.07142857142857142 0.0
able 0.0 0.030612244897959183 0.0
eventually 0.0 0.025510204081632654 0.0
learn 0.0 0.02040816326530612 0.0
as 0.0 0.3469387755102041 0.0
al 0.0 0.00510204081632653 0.0
dr 0.0 0.00510204081632653 0.0
kill 0.0 0.030612244897959183 0.0
she 0.0 0.19387755102040816 0.0
arm 0.0 0.00510204081632653 0.0
around 0.0 0.08673469387755102 0.0
son 0.0 0.08163265306122448 0.0
parent 0.0 0.0 0.0
lose 0.0 0.00510204081632653 0.0
upon 0.0 0.025510204081632654 0.0
family 0.0 0.22448979591836735 0.0
middle 0.0 0.025510204081632654 0.0
even 0.0 0.07142857142857142 0.0
closer 0.0 0.025510204081632654 0.0
on 0.0 0.3520408163265306 0.0
confront 0.0 0.015306122448979591 0.0
what 0.0 0.1377551020408163 0.0
i 0.0 0.00510204081632653 0.0
home 0.0 0.07653061224489796 0.0
for 0.0 0.3877551020408163 0.0
and 0.0016025641025641025 0.8571428571428571 0.0013736263736263735
be 0.0 0.1377551020408163 0.0
all 0.0 0.17346938775510204 0.0
act 0.0 0.00510204081632653 0.0
businessman 0.0 0.01020408163265306 0.0
harm 0.0 0.01020408163265306 0.0
front 0.0 0.00510204081632653 0.0
ss 0.0 0.00510204081632653 0.0
de 0.0 0.025510204081632654 0.0
incident 0.0 0.02040816326530612 0.0
nc 0.0 0.00510204081632653 0.0
threaten 0.0 0.01020408163265306 0.0
it 0.0 0.2193877551020408 0.0
narrative 0.0 0.01020408163265306 0.0
app 0.0 0.00510204081632653 0.0
actual 0.0 0.00510204081632653 0.0
truth 0.0 0.04081632653061224 0.0
with 0.0 0.4387755102040816 0.0
arjun 0.0 0.01020408163265306 0.0
skilled 0.0 0.015306122448979591 0.0
we 0.0 0.01020408163265306 0.0
enter 0.0 0.02040816326530612 0.0
business 0.0 0.025510204081632654 0.0
raw 0.0 0.01020408163265306 0.0
violent 0.0 0.015306122448979591 0.0
threat 0.0 0.015306122448979591 0.0
o 0.0 0.00510204081632653 0.0
evolve 0.0 0.0 0.0
I 0.0 0.0 0.0
if 0.0 0.03571428571428571 0.0
mid 0.0 0.00510204081632653 0.0
val 0.0 0.00510204081632653 0.0
revolve 0.0 0.0 0.0
bantu 0.0 0.00510204081632653 0.0
allu 0.0 0.00510204081632653 0.0
despise 0.0 0.0 0.0
neglect 0.0 0.0 0.0
valmiki 0.0 0.00510204081632653 0.0
murali 0.0 0.01020408163265306 0.0
sharma 0.0 0.00510204081632653 0.0
swap 0.0 0.0 0.0
latter 0.0 0.00510204081632653 0.0
comfortable 0.0 0.00510204081632653 0.0
draw 0.0 0.0 0.0
learning 0.0 0.01020408163265306 0.0
vaikunthapuram 0.0 0.00510204081632653 0.0
real 0.0 0.030612244897959183 0.0
j 0.0 0.00510204081632653 0.0
class 0.0 0.00510204081632653 0.0
ram 0.0 0.00510204081632653 0.0
by 0.0 0.33163265306122447 0.0
now 0.0 0.07653061224489796 0.0
at 0.0 0.23469387755102042 0.0
so 0.0 0.030612244897959183 0.0
los 0.0 0.00510204081632653 0.0
las 0.0 0.00510204081632653 0.0
en 0.0 0.00510204081632653 0.0
eat 0.0 0.00510204081632653 0.0
ruth 0.0 0.00510204081632653 0.0
that 0.0 0.40816326530612246 0.0
or 0.0 0.09183673469387756 0.0
pa 0.0 0.00510204081632653 0.0
to 0.0 0.7806122448979592 0.0
ural 0.0 0.00510204081632653 0.0
ski 0.0 0.00510204081632653 0.0
sk 0.0 0.00510204081632653 0.0
fort 0.0 0.00510204081632653 0.0
who 0.0 0.39285714285714285 0.0
