he 0.0 0.34183673469387754 0.0
the 0.001955671447196871 0.9540816326530612 0.0018658702072745657
take 0.0 0.09183673469387756 0.0
lead 0.0 0.02040816326530612 0.0
a 0.0 0.8826530612244898 0.0
they 0.000651890482398957 0.28061224489795916 0.00018292845169358486
end 0.0 0.04591836734693878 0.0
in 0.000651890482398957 0.7346938775510204 0.00047893994625229495
turn 0.0 0.025510204081632654 0.0
as 0.000651890482398957 0.3469387755102041 0.00022616608573025038
when 0.0 0.27040816326530615 0.0
al 0.0 0.00510204081632653 0.0
former 0.0 0.03571428571428571 0.0
claim 0.0 0.00510204081632653 0.0
leg 0.0 0.00510204081632653 0.0
mercenary 0.0 0.015306122448979591 0.0
under 0.0 0.0663265306122449 0.0
world 0.0 0.19387755102040816 0.0
crime 0.0 0.030612244897959183 0.0
on 0.0 0.3520408163265306 0.0
i 0.0 0.00510204081632653 0.0
territory 0.0 0.015306122448979591 0.0
lord 0.0 0.01020408163265306 0.0
for 0.0 0.3877551020408163 0.0
and 0.0 0.8571428571428571 0.0
return 0.0 0.030612244897959183 0.0
rule 0.0 0.00510204081632653 0.0
legendary 0.0 0.025510204081632654 0.0
de 0.0 0.025510204081632654 0.0
will 0.0 0.1989795918367347 0.0
form 0.0 0.01020408163265306 0.0
it 0.0 0.2193877551020408 0.0
with 0.0 0.4387755102040816 0.0
heir 0.0 0.00510204081632653 0.0
o 0.0 0.00510204081632653 0.0
I 0.0 0.0 0.0
hunter 0.0 0.01020408163265306 0.0
j 0.0 0.00510204081632653 0.0
navigate 0.0 0.00510204081632653 0.0
by 0.001303780964797914 0.33163265306122447 0.0004323763403666551
at 0.000651890482398957 0.23469387755102042 0.00015299470505281644
bounty 0.0 0.00510204081632653 0.0
boba 0.0 0.00510204081632653 0.0
fett 0.0 0.00510204081632653 0.0
underworld 0.0 0.00510204081632653 0.0
galaxy 0.0 0.00510204081632653 0.0
fennec 0.0 0.00510204081632653 0.0
shand 0.0 0.00510204081632653 0.0
sand 0.0 0.0 0.0
tatooine 0.0 0.00510204081632653 0.0
stake 0.0 0.00510204081632653 0.0
formerly 0.0 0.00510204081632653 0.0
deceased 0.0 0.00510204081632653 0.0
jabba 0.0 0.00510204081632653 0.0
hutt 0.0 0.00510204081632653 0.0
en 0.0 0.00510204081632653 0.0
or 0.0 0.09183673469387756 0.0
to 0.001303780964797914 0.7806122448979592 0.0010177473857861266
