work 0.0 0.04591836734693878 0.0
live 0.0 0.05612244897959184 0.0
life 0.0 0.20408163265306123 0.0
but 0.0 0.3112244897959184 0.0
he 0.0006305170239596469 0.34183673469387754 0.00021553388063926706
the 0.005044136191677175 0.9540816326530612 0.004812517693079754
go 0.0 0.09183673469387756 0.0
create 0.0 0.02040816326530612 0.0
much 0.0 0.03571428571428571 0.0
sin 0.0 0.01020408163265306 0.0
lead 0.0 0.02040816326530612 0.0
fearless 0.0 0.01020408163265306 0.0
a 0.0006305170239596469 0.8826530612244898 0.0005565277813521373
they 0.0 0.28061224489795916 0.0
in 0.0006305170239596469 0.7346938775510204 0.00046323699719484266
movie 0.0 0.030612244897959183 0.0
this 0.0 0.17346938775510204 0.0
as 0.0006305170239596469 0.3469387755102041 0.0002187508042308979
era 0.0 0.01020408163265306 0.0
al 0.0 0.00510204081632653 0.0
dr 0.0 0.00510204081632653 0.0
after 0.0 0.1989795918367347 0.0
group 0.0 0.05102040816326531 0.0
agent 0.0 0.015306122448979591 0.0
paris 0.0 0.04591836734693878 0.0
france 0.0 0.030612244897959183 0.0
need 0.0 0.01020408163265306 0.0
figure 0.0 0.01020408163265306 0.0
carry 0.0 0.01020408163265306 0.0
agency 0.0 0.02040816326530612 0.0
leader 0.0 0.01020408163265306 0.0
passing 0.0 0.00510204081632653 0.0
drama 0.0 0.05102040816326531 0.0
play 0.0 0.00510204081632653 0.0
like 0.0 0.03571428571428571 0.0
soap 0.0 0.00510204081632653 0.0
opera 0.0 0.01020408163265306 0.0
realistic 0.0 0.00510204081632653 0.0
problem 0.0 0.02040816326530612 0.0
concern 0.0 0.00510204081632653 0.0
gymnastics 0.0 0.00510204081632653 0.0
induce 0.0 0.00510204081632653 0.0
viewer 0.0 0.00510204081632653 0.0
believe 0.0 0.00510204081632653 0.0
plot 0.0 0.025510204081632654 0.0
pass 0.0 0.00510204081632653 0.0
long 0.0 0.05612244897959184 0.0
hour 0.0 0.00510204081632653 0.0
on 0.0006305170239596469 0.3520408163265306 0.00022196772782252875
once 0.0 0.061224489795918366 0.0
lot 0.0 0.00510204081632653 0.0
i 0.0 0.00510204081632653 0.0
and 0.0012610340479192938 0.8571428571428571 0.0010808863267879661
be 0.0 0.1377551020408163 0.0
less 0.0 0.00510204081632653 0.0
age 0.0 0.025510204081632654 0.0
ss 0.0 0.00510204081632653 0.0
lie 0.0 0.00510204081632653 0.0
de 0.0 0.025510204081632654 0.0
will 0.0006305170239596469 0.1989795918367347 0.00012546002007360322
don 0.0 0.015306122448979591 0.0
nc 0.0 0.00510204081632653 0.0
it 0.0 0.2193877551020408 0.0
with 0.0006305170239596469 0.4387755102040816 0.00027665542888025325
out 0.0006305170239596469 0.18877551020408162 0.0001190261728903415
heir 0.0 0.00510204081632653 0.0
star 0.0 0.00510204081632653 0.0
we 0.0 0.01020408163265306 0.0
more 0.0 0.08163265306122448 0.0
o 0.0 0.00510204081632653 0.0
fear 0.0 0.00510204081632653 0.0
real 0.0 0.030612244897959183 0.0
j 0.0 0.00510204081632653 0.0
size 0.0 0.00510204081632653 0.0
rob 0.0 0.00510204081632653 0.0
ram 0.0 0.00510204081632653 0.0
at 0.0 0.23469387755102042 0.0
andy 0.0 0.00510204081632653 0.0
so 0.0 0.030612244897959183 0.0
car 0.0 0.00510204081632653 0.0
en 0.0 0.00510204081632653 0.0
eat 0.0 0.00510204081632653 0.0
or 0.0 0.09183673469387756 0.0
pa 0.0 0.00510204081632653 0.0
to 0.0012610340479192938 0.7806122448979592 0.0009843786190390407
how 0.0 0.09183673469387756 0.0
