work 0.0 0.04591836734693878 0.0
life 0.00047483380816714147 0.20408163265306123 9.690485880962071e-05
but 0.0 0.3112244897959184 0.0
child 0.0 0.04081632653061224 0.0
he 0.0009496676163342829 0.34183673469387754 0.0003246312770122294
the 0.004273504273504273 0.9540816326530612 0.004077271934414792
become 0.0 0.05612244897959184 0.0
war 0.0 0.05612244897959184 0.0
a 0.0014245014245014244 0.8826530612244898 0.0012573405430548288
love 0.0 0.09183673469387756 0.0
human 0.0 0.05612244897959184 0.0
they 0.00047483380816714147 0.28061224489795916 0.00013324418086322847
in 0.00047483380816714147 0.7346938775510204 0.00034885749171463456
man 0.0 0.12755102040816327 0.0
able 0.0 0.030612244897959183 0.0
as 0.00047483380816714147 0.3469387755102041 0.0001647382599763552
people 0.0 0.11734693877551021 0.0
help 0.0 0.10204081632653061 0.0
al 0.0 0.00510204081632653 0.0
dr 0.0 0.00510204081632653 0.0
also 0.0 0.09183673469387756 0.0
she 0.00047483380816714147 0.19387755102040816 9.205961586913967e-05
group 0.0 0.05102040816326531 0.0
son 0.0 0.08163265306122448 0.0
soul 0.0 0.01020408163265306 0.0
come 0.0 0.025510204081632654 0.0
ordinary 0.0 0.03571428571428571 0.0
part 0.00047483380816714147 0.04081632653061224 1.938097176192414e-05
on 0.0 0.3520408163265306 0.0
art 0.0 0.00510204081632653 0.0
i 0.0 0.00510204081632653 0.0
over 0.0 0.07653061224489796 0.0
robot 0.0 0.0 0.0
raise 0.0 0.01020408163265306 0.0
personal 0.0 0.03571428571428571 0.0
driver 0.0 0.00510204081632653 0.0
security 0.0 0.01020408163265306 0.0
guard 0.0 0.0 0.0
lover 0.0 0.0 0.0
for 0.00047483380816714147 0.3877551020408163 0.00018411923173827934
bot 0.0 0.0 0.0
soulless 0.0 0.00510204081632653 0.0
machine 0.0 0.0 0.0
perform 0.0 0.01020408163265306 0.0
routine 0.0 0.00510204081632653 0.0
capable 0.0 0.015306122448979591 0.0
emotion 0.0 0.0 0.0
rebel 0.0 0.0 0.0
liquidator 0.0 0.0 0.0
reject 0.0 0.01020408163265306 0.0
ready 0.0 0.01020408163265306 0.0
shed 0.0 0.00510204081632653 0.0
blood 0.0 0.015306122448979591 0.0
and 0.0018993352326685659 0.8571428571428571 0.0016280016280016277
be 0.0 0.1377551020408163 0.0
less 0.0 0.00510204081632653 0.0
person 0.0 0.030612244897959183 0.0
ss 0.0 0.00510204081632653 0.0
will 0.0 0.1989795918367347 0.0
form 0.0 0.01020408163265306 0.0
it 0.0 0.2193877551020408 0.0
with 0.0 0.4387755102040816 0.0
out 0.0 0.18877551020408162 0.0
gain 0.0 0.00510204081632653 0.0
heir 0.0 0.00510204081632653 0.0
we 0.0 0.01020408163265306 0.0
o 0.0 0.00510204081632653 0.0
I 0.0 0.0 0.0
if 0.0 0.03571428571428571 0.0
j 0.0 0.00510204081632653 0.0
rob 0.0 0.00510204081632653 0.0
drive 0.0 0.015306122448979591 0.0
most 0.0 0.07653061224489796 0.0
at 0.0 0.23469387755102042 0.0
so 0.0 0.030612244897959183 0.0
rai 0.0 0.00510204081632653 0.0
en 0.0 0.00510204081632653 0.0
that 0.0 0.40816326530612246 0.0
or 0.00047483380816714147 0.09183673469387756 4.360718646432932e-05
pa 0.0 0.00510204081632653 0.0
to 0.0009496676163342829 0.7806122448979592 0.0007413221698935984
river 0.0 0.0 0.0
