life 0.0 0.20408163265306123 0.0
he 0.0005128205128205128 0.34183673469387754 0.00017530088958660388
red 0.0 0.01020408163265306 0.0
the 0.0035897435897435897 0.9540816326530612 0.003424908424908425
go 0.0 0.09183673469387756 0.0
sin 0.0 0.01020408163265306 0.0
two 0.0 0.12755102040816327 0.0
a 0.0005128205128205128 0.8826530612244898 0.0004526425954997384
passionate 0.0 0.00510204081632653 0.0
love 0.0005128205128205128 0.09183673469387756 4.709576138147567e-05
story 0.0 0.12755102040816327 0.0
involve 0.0 0.0 0.0
couple 0.0 0.03571428571428571 0.0
highlight 0.0 0.00510204081632653 0.0
contrast 0.0 0.00510204081632653 0.0
regular 0.0 0.015306122448979591 0.0
mature 0.0 0.00510204081632653 0.0
yet 0.0 0.025510204081632654 0.0
egoistic 0.0 0.00510204081632653 0.0
husband 0.0 0.03571428571428571 0.0
unique 0.0 0.01020408163265306 0.0
happy 0.0 0.025510204081632654 0.0
lucky 0.0 0.00510204081632653 0.0
enamored 0.0 0.00510204081632653 0.0
overzealous 0.0 0.00510204081632653 0.0
boy 0.0 0.030612244897959183 0.0
chase 0.0 0.0 0.0
light 0.0 0.02040816326530612 0.0
in 0.0010256410256410256 0.7346938775510204 0.0007535321821036107
as 0.0 0.3469387755102041 0.0
al 0.0 0.00510204081632653 0.0
ego 0.0 0.00510204081632653 0.0
after 0.0 0.1989795918367347 0.0
pass 0.0 0.00510204081632653 0.0
on 0.0005128205128205128 0.3520408163265306 0.00018053375196232338
i 0.0 0.00510204081632653 0.0
band 0.0 0.02040816326530612 0.0
and 0.0020512820512820513 0.8571428571428571 0.0017582417582417582
be 0.0 0.1377551020408163 0.0
bet 0.0 0.00510204081632653 0.0
ss 0.0 0.00510204081632653 0.0
will 0.0 0.1989795918367347 0.0
luck 0.0 0.00510204081632653 0.0
app 0.0 0.00510204081632653 0.0
we 0.0 0.01020408163265306 0.0
more 0.0 0.08163265306122448 0.0
o 0.0 0.00510204081632653 0.0
lou 0.0 0.00510204081632653 0.0
if 0.0 0.03571428571428571 0.0
nate 0.0 0.00510204081632653 0.0
zealous 0.0 0.00510204081632653 0.0
high 0.0 0.015306122448979591 0.0
at 0.0 0.23469387755102042 0.0
en 0.0 0.00510204081632653 0.0
or 0.0 0.09183673469387756 0.0
pa 0.0 0.00510204081632653 0.0
to 0.0005128205128205128 0.7806122448979592 0.00040031397174254316
passion 0.0 0.00510204081632653 0.0
